[[-24.7271592  -28.72806558  -4.92027956]]
[[-28.60063744   8.03606512  -4.38687354]]
[[  0.14954637  14.5215099    4.32042492]]
[[ 11.99562042   0.98296671  -3.13070181]]
[[ 0.69453688  0.11360363 -0.04123228]]
[[ 0.32652288 -0.25291229  0.57119479]]
[[-22.10095839  19.36754088   4.21782827]]
[[-16.26357345   2.39881406   4.396892  ]]
[[ 0.13515933 -0.00408037 -0.26507808]]
[[ 0.05548504 -0.06603054  0.40044757]]
[[ 4.68374514 -0.56809029 -7.10247978]]
[[-1.92492139 -0.946742    4.64420603]]
[[-0.70178161 -0.3433851   0.03136155]]
[[-0.3685838  -0.88170118 -0.08264914]]
[[-0.11364782 -0.04024574  0.34548121]]
[[-0.2584241  -0.07259476  0.37405065]]
[[ -2.75816205 -12.32837048   0.03530309]]
[[-2.31037144 -4.37033967 -0.07782639]]
[[ 0.54089418  0.56315404  0.06859337]]
[[ 0.4895943   0.55627379 -0.64096386]]
[[-0.09189738 -0.12328157  0.10064592]]
[[-0.10065708 -0.12919585 -0.10040144]]
[[ 0.39080855 -0.05243855  0.76728328]]
[[ 0.38554246  0.43857633 -0.3275415 ]]
[[-5.11643123  9.64868494  9.40813344]]
[[ 4.77405687 -4.1841491  -8.13299341]]
[[-0.16571939 -0.11187003  0.08013625]]
[[-0.21087246  0.44169719 -0.68684467]]
[[ 0.03738308  0.00217687  0.01749842]]
[[ 0.02551872  0.00051785 -0.03210868]]
[[-0.45611349 -0.77651223  0.61179071]]
[[-0.55728634 -0.69665809 -0.44743713]]
[[ 1.95265141  0.02070092  3.70720476]]
[[  0.13669606  11.67150497  -4.20041904]]
[[ 0.17373235 -0.0998268  -0.2786103 ]]
[[ 0.02420986 -0.09332157 -0.00606238]]
[[ 1.09046267  2.38455523 -0.20332553]]
[[ 1.65983344  1.52792312  0.51165583]]
[[ 4.14266263  0.62300849 -3.2238659 ]]
[[-5.20074325  8.11291939  4.81010612]]
[[-0.38079642 -0.16460122  0.18578127]]
[[-0.03287885 -0.64856201 -0.0871405 ]]
[[ 16.48446043   6.5999101   -8.96185476]]
[[ 22.03175726 -15.39671327   4.61119977]]
[[-0.62597412  0.02003349 -0.55594036]]
[[-0.59648787 -0.79521342 -0.17625608]]
[[-10.40037472  -1.03485438   2.09756197]]
[[ -3.52599299 -14.19259681  -1.38456073]]
[[ 26.39840332  -1.98433016   1.18213892]]
[[ 27.79157571  25.77990207   2.12484872]]
