c\b	mol	0	1	2	3	4	5	6
0	0	[]	[]	[]	[]	[]	[]	[]
0	1	[]	[]	[]	[]	[]	[]	[]
0	2	[]	[]	[]	[]	[]	[]	[]
0	3	[]	[]	[]	[]	[]	[]	[]
1	0	[]	[]	[]	[]	[]	[]	[]
1	1	[]	[]	[]	[]	[]	[]	[]
1	2	[]	[]	[]	[]	[]	[]	[]
1	3	[]	[]	[]	[]	[]	[]	[]
2	0	[]	[]	[]	[]	[]	[]	[]
2	1	[]	[]	[]	[]	[]	[]	[]
2	2	[]	[]	[]	[]	[]	[]	[]
2	3	[]	[]	[]	[]	[]	[]	[]
3	0	[]	[]	[]	2.43655301443	[]	[]	[]
3	1	[]	[]	[]	1.28663507189	[]	[]	[]
3	2	[]	[]	[]	1.3966555055	[]	[]	[]
3	3	[]	[]	[]	2.11708496799	[]	[]	[]
4	0	[]	[]	[]	[]	[]	[]	[]
4	1	[]	[]	[]	[]	[]	[]	[]
4	2	[]	[]	[]	[]	[]	[]	[]
4	3	[]	[]	[]	[]	[]	[]	[]
5	0	[]	[]	[]	[]	[]	[]	[]
5	1	[]	[]	[]	[]	[]	[]	[]
5	2	[]	[]	[]	[]	[]	[]	[]
5	3	[]	[]	[]	[]	[]	[]	[]
6	0	[]	[]	[]	[]	[]	[]	[]
6	1	[]	[]	[]	[]	[]	[]	[]
6	2	[]	[]	[]	[]	[]	[]	[]
6	3	[]	[]	[]	[]	[]	[]	[]