[[-1.93624015 -0.91318448 -0.24374917]]
[[-2.02323842  0.66695503  1.9159215 ]]
[[-0.5377595  -0.84087826 -2.78845271]]
[[-0.68645379 -0.66772448  5.48585699]]
[[-0.08202155 -0.18285985 -0.27004345]]
[[-0.24718884 -0.00079357  0.15922081]]
[[-3.57087177 -0.87774095 -2.90371953]]
[[-1.71740021 -1.68399167 -1.67068393]]
[[-0.05541721 -0.07636789 -0.10813321]]
[[-0.12756917  0.06620582  0.28772708]]
[[ 0.293591   -1.46510543  1.23015704]]
[[-1.28227065 -0.85355279 -3.77731994]]
[[-0.9510421  -2.05065735  1.46783715]]
[[-0.50233277 -1.30455069 -4.08589848]]
[[ 0.10851443  0.08394953  0.02434885]]
[[ 0.01478118  0.08275029 -0.12746061]]
[[-0.12459416 -2.45116325 -1.17358586]]
[[-3.88159611 -0.36466531  0.39781828]]
[[ 0.10380713  0.11483848  0.25232675]]
[[ 0.08737847  0.10257839 -0.14624979]]
[[ 0.02910522  0.01580377 -0.04376292]]
[[ 0.02560768 -0.0072249   0.00742679]]
[[-0.10838227  0.15116003  0.12712066]]
[[-0.1415642   0.06745139 -0.19362707]]
[[-2.59181862  0.6625348  -1.57840383]]
[[-1.70280835  0.1885843   1.349472  ]]
[[-0.13957998  0.04873631  0.06438917]]
[[-0.18979199  0.1053332  -0.11964916]]
[[ 0.02238988  0.01390362  0.0262358 ]]
[[ 0.02002506 -0.00871675  0.01313962]]
[[-0.11066801  0.02138094 -0.13451801]]
[[ 0.01843108 -0.06686203  0.1040827 ]]
[[-0.74045373  1.05682174  3.49738201]]
[[ 1.18200912  0.79956873 -1.15006062]]
[[-0.08632607  0.09785768 -0.19794066]]
[[-0.00294097 -0.07733005  0.16172732]]
[[-0.38113862 -1.16317988  1.46844147]]
[[-0.77566305  0.87450784  2.37593017]]
[[ 1.33621419 -0.08203439 -0.60946667]]
[[-2.82280919  2.53090126  0.11398451]]
[[-0.0481541  -0.05977406 -0.15529118]]
[[ 0.03373833 -0.09479581  0.10576514]]
[[-0.55020182  3.61991831  3.65926792]]
[[ 2.22045858 -1.14374929 -0.39573644]]
[[-0.03297301 -0.05385406  0.00296732]]
[[-0.03057511 -0.04768551  0.15244322]]
[[-0.01100487 -0.0047502  -0.01944869]]
[[-0.00498879 -0.01401597 -0.02768649]]
[[ 0.04978378 -0.10841718 -0.16132866]]
[[-0.01167017 -0.12985748  0.11372983]]
[[-1.23712318  0.39420056  2.02567539]]
[[ 1.63710901 -1.15485527  3.18444359]]
[[ 0.02558866 -0.03818617 -0.17894611]]
[[ 0.07682081 -0.12216641  0.22462059]]
[[-0.01227072 -0.00543961  0.04809116]]
[[-0.00668509 -0.01563967 -0.01556574]]
[[ 0.00228072  0.0028098  -0.01351337]]
[[ 0.00275392  0.00275543 -0.00911015]]
[[ 0.0547969   0.01272488  0.00470204]]
[[ 0.04770694  0.00228077 -0.01520346]]
[[-0.10690386 -0.05751467  0.08943689]]
[[-0.09160794 -0.11323764 -0.02853332]]
[[ 0.91165235 -1.65536595 -3.4047779 ]]
[[ 0.39833016  1.68974168  0.26007699]]
[[-0.13552052 -0.02181701  0.15751134]]
[[-0.17793016 -0.09581421 -0.0342622 ]]
[[ 0.04751564  0.00960128  0.01061359]]
[[ 0.04103907 -0.0001814   0.01044802]]
[[ 0.00397816  0.00571682  0.01168965]]
[[ 0.00377327  0.00687529  0.01307959]]
[[ 0.00099045 -0.01133452 -0.01782868]]
[[-0.00859992  0.00508229 -0.01411912]]
[[-0.0216638  -0.13439544  0.10548142]]
[[ 0.0592249  -0.18993425  0.00605397]]
[[-1.49503599 -0.19272665  0.21192739]]
[[ 0.94338928 -0.14617799 -3.59545415]]
[[ 0.02479683 -0.04295064  0.19070502]]
[[ 0.21911435 -0.19888623 -0.08637698]]
[[ 0.00141791 -0.01296945 -0.01379853]]
[[-0.00994799  0.00879927  0.04065906]]
[[ 0.04625128 -0.19988833 -0.20232877]]
[[-0.11173101 -0.05856272  0.08114789]]
[[-0.09626606  0.13989244 -0.17959182]]
[[-0.9290482  -1.26229436  1.62854488]]
[[ 0.01052117 -0.35720288 -0.14414346]]
[[-0.21542005 -0.12876768  0.10034751]]
[[ 1.42052366  0.22615982 -5.1694375 ]]
[[ 0.21420281  1.0746878   3.31604579]]
[[ 2.21690181 -2.64380763 -2.01183426]]
[[-0.25113827  0.78368693  0.76417163]]
[[ 0.10153271 -0.01940083 -0.02200071]]
[[-0.03997983  0.06459832 -0.24206136]]
[[-1.50105582 -0.61652681 -2.47381551]]
[[ 1.08822713 -1.79282211 -2.19293936]]
[[ 0.10925481 -0.06525549  0.03324959]]
[[ 0.04531526  0.03304643 -0.23425662]]
[[ 0.04171889 -0.00365636  0.00482908]]
[[ 0.03126805  0.02674574 -0.02007325]]
[[-0.1182458   0.04879928 -0.09017393]]
[[-0.03099446  0.18800073  0.04696834]]
[[ 2.26346345  0.21490325 -0.72370658]]
[[ 0.97900795 -0.59060962  0.0818331 ]]
[[-0.1403158   0.00830599 -0.1545178 ]]
[[-0.18361004  0.26422945  0.09476105]]
[[ 0.03697571 -0.00576863  0.00914969]]
[[ 0.02520181  0.02778056  0.02916813]]
[[ 0.00767349  0.00195751 -0.1364711 ]]
[[ 0.05471762  0.10565618  0.07947659]]
[[ 0.41913333 -0.27177974  3.75877374]]
[[-0.28800533 -0.65714078  0.51130972]]
[[ 0.04662091  0.04757219 -0.10778278]]
[[ 0.17921502  0.17287575  0.18669344]]
[[ 1.54535797  1.15632745  1.70725834]]
[[ 0.28484546  1.38518539 -1.39648604]]
[[ 0.77531567 -0.77739494  3.94001234]]
[[-0.11743815 -0.28970237 -3.73258521]]
[[-0.22750706  0.01137931  0.3481584 ]]
[[-0.03224619 -0.19025492 -0.33387098]]
[[ 1.68403756  0.54310879  2.01135638]]
[[ 2.03056128  0.64860689  3.15701542]]
[[-0.33660086  0.11966992  0.49629521]]
[[-0.05496166 -0.24445433 -0.32903295]]
[[ 0.2861537  -0.7418282  -6.83949144]]
[[-0.58646093  0.70474029  3.88010737]]
[[ 0.84502852 -0.30829376  0.56138168]]
[[ 1.0025238   0.29246018 -1.22654421]]
