[[-0.09775015 -0.01322767  0.05783748]]
[[-0.11349131  0.04379841  0.05687841]]
[[-0.11361056 -0.09707396  0.0554746 ]]
[[-0.27965121 -0.10126597  0.06681956]]
[[-0.00290973 -0.01067862 -0.02698674]]
[[ 0.97444604  1.28759614 -0.12013808]]
[[-0.19214449 -0.02058684  0.06165534]]
[[-0.27694247  0.16239362  0.06835855]]
[[-0.01010896 -0.00141335  0.06170761]]
[[-0.00726759  0.00340412  0.05838807]]
[[-0.11082929  0.06714277  0.05290627]]
[[-0.07212807  0.11847507  0.04773342]]
[[-0.03511151 -0.11437679  0.03942563]]
[[-0.04050948 -0.19276895  0.03674817]]
[[ 0.20074804 -0.30902801 -0.0499357 ]]
[[ 0.32158039 -0.22616028 -0.06107451]]
[[-0.17537451 -0.28063875  0.05738746]]
[[-0.92824958 -1.22599028  0.12807582]]
[[-0.005076   -0.00740262  0.06055631]]
[[-0.00230135 -0.00340879  0.05554708]]
[[ 0.00360825 -0.00197918 -0.086234  ]]
[[ 0.00666386  0.00301622 -0.07759158]]
[[ 1.09257937  0.09528636 -0.14325963]]
[[ 0.33835202  0.11242416 -0.05625173]]
[[-1.00737434 -0.11191315  0.14684117]]
[[-0.91719618  1.43503125  0.15050388]]
[[-0.0046583  -0.00057488  0.05637169]]
[[-0.00214471  0.00282284  0.05328376]]
[[-0.00243142 -0.000497    0.02897281]]
[[-0.00150195  0.00093262  0.02751188]]
[[ 0.20573531  0.34756819 -0.04963748]]
[[ 0.08553916  0.14366011 -0.03546795]]
[[-0.17771531  0.23864521  0.05310438]]
[[-0.0369967   0.198429    0.04099247]]
[[-0.00473044  0.00575264  0.05621268]]
[[-0.00234714  0.00925944  0.05473243]]
[[-0.03196598  0.10249423  0.03813593]]
[[-0.00787714  0.09077072  0.03319811]]
[[ 0.00133621 -0.08068924  0.02710702]]
[[ 0.01498261 -0.09498656  0.02516922]]
[[ 0.03763438 -0.09077368 -0.03876813]]
[[ 0.06232381 -0.09005533 -0.04078154]]
[[ 0.00470743 -0.12570479  0.03146011]]
[[ 0.0490428  -0.20057137  0.02636073]]
[[-0.0004128  -0.013622    0.05916066]]
[[ 0.00205703 -0.01074115  0.05701256]]
[[ 0.00845782 -0.0109882  -0.07292628]]
[[ 0.01129354 -0.00755973 -0.06723815]]
[[ 0.12202079 -0.10386656 -0.04118151]]
[[ 0.12978486 -0.0707388  -0.04124033]]
[[ 0.00892599 -0.55324822  0.0403938 ]]
[[ 0.93149903 -1.43582588 -0.07448434]]
[[ -5.17906024e-05  -6.48290291e-03   5.57650348e-02]]
[[ 0.00219946 -0.00375739  0.05287732]]
[[-0.00061442 -0.00277372  0.02960543]]
[[ 0.00027679 -0.00172276  0.02792611]]
[[ 0.00177489 -0.0004361  -0.03352405]]
[[ 0.00265013  0.00067772 -0.03293419]]
[[ 0.00940088 -0.00118666 -0.07074935]]
[[ 0.0115929   0.00189627 -0.06531573]]
[[ 0.2368564   0.0064503  -0.04792618]]
[[ 0.14113127  0.0176336  -0.03955913]]
[[ 0.00792884  0.00151954  0.03866516]]
[[ 0.94367878  1.2245954  -0.05205214]]
[[  8.58704544e-05   2.82918064e-05   5.24716483e-02]]
[[ 0.00224344  0.00230699  0.05110816]]
[[-0.00060778 -0.00027901  0.02673042]]
[[ 0.0002787   0.00073519  0.02661937]]
[[-0.00036985 -0.00013082  0.01732614]]
[[  2.87749290e-06   2.83032367e-04   1.73152047e-02]]
[[ 0.00876309  0.00886737 -0.07138364]]
[[ 0.0106707   0.01127068 -0.06732451]]
[[ 0.13931096  0.11944167 -0.0404115 ]]
[[ 0.07801538  0.0694163  -0.03579753]]
[[ 0.00545027  0.55453282  0.03179786]]
[[ 0.05154542  0.18662054  0.03108951]]
[[  1.55251761e-05   6.07975415e-03   5.17568428e-02]]
[[ 0.0021729   0.00853211  0.05205029]]
[[-0.00061915  0.00217336  0.02767815]]
[[ 0.00032216  0.00322279  0.0291135 ]]
[[ 0.04794261  0.1057116  -0.03595181]]
[[ 0.0358182   0.07341111 -0.03456376]]
[[ 0.00509593  0.12303517  0.03061747]]
[[ 0.01662148  0.08563871  0.0277523 ]]
[[-0.00025625  0.01263781  0.05361123]]
[[ 0.00215529  0.01490896  0.05365505]]
[[ 0.00267021  0.07729799  0.02674235]]
[[ 0.01006474  0.06546061  0.02430386]]
[[ 0.04099385 -0.10135331  0.02621719]]
[[ 0.08095682 -0.11788709  0.02274912]]
[[ 0.07917136 -0.04706383 -0.03990765]]
[[ 0.08101144 -0.03599095 -0.04046996]]
[[ 0.18971627 -0.23542024  0.01961715]]
[[ 0.28685088 -0.16184273  0.0079428 ]]
[[ 0.00449888 -0.00591635  0.0555806 ]]
[[ 0.00672642 -0.00435658  0.05441538]]
[[ 0.01381082 -0.00043396 -0.06266467]]
[[ 0.01591738  0.00122893 -0.0611179 ]]
[[ 0.10933359  0.00219286 -0.03889958]]
[[ 0.08608837  0.0042642  -0.03841212]]
[[ 1.02054247  0.11474233 -0.06940566]]
[[ 0.28879787  0.09808605  0.01025764]]
[[ 0.00438738  0.00051602  0.05162253]]
[[ 0.00662593  0.00176793  0.05203696]]
[[  1.18447762e-03  -8.45700873e-05   2.75102114e-02]]
[[ 0.00213915  0.00053813  0.02870034]]
[[ 0.0900771   0.05406917 -0.03800167]]
[[ 0.06678681  0.03922749 -0.03828499]]
[[ 0.18655314  0.27862596  0.01622644]]
[[ 0.08080225  0.09687403  0.02549337]]
[[ 0.00433437  0.0065115   0.05143827]]
[[ 0.00686153  0.00806695  0.05393693]]
[[ 0.03971766  0.10674636  0.02565758]]
[[ 0.0366026   0.06972563  0.02461253]]
[[ 0.11757709 -0.06367328  0.02208695]]
[[ 0.11644958 -0.04351569  0.02032171]]
[[ 0.07537385  0.00293595 -0.03999898]]
[[ 0.06812113  0.0019295  -0.04057019]]
[[ 0.19759745  0.02204055  0.01632868]]
[[ 0.11617525  0.01676536  0.02073996]]
[[ 0.00904117  0.00095994  0.05390997]]
[[ 0.01150512  0.00129554  0.05479854]]
[[ 0.11558096  0.08976192  0.02111429]]
[[ 0.07324693  0.04848261  0.02264938]]
[[ 0.09651443  0.01060811  0.01989328]]
[[ 0.07952797  0.00572941  0.01908031]]
