[[-0.12648132 -0.01954253  0.00705151]]
[[-0.14963765  0.04636763  0.00755084]]
[[-0.15109001 -0.11099709  0.00891599]]
[[-0.33011672 -0.10605953  0.02116521]]
[[-0.01832413 -0.00388857 -0.07037621]]
[[-0.01522049  0.00507702 -0.06914839]]
[[-0.23609405 -0.03022543  0.0130784 ]]
[[-0.33307478  0.16764091  0.02290847]]
[[-0.02066065 -0.00364852  0.07102927]]
[[-0.0175727   0.00471817  0.06967085]]
[[-0.1543194   0.06405003  0.00667984]]
[[-0.12076272  0.13387036  0.00646484]]
[[-0.06945246 -0.14016527  0.0049072 ]]
[[-0.08858372 -0.21775129  0.00227764]]
[[-0.01233778 -0.01260402 -0.07308303]]
[[-0.00938284 -0.0045666  -0.07083268]]
[[-0.22786453 -0.30670827  0.01722551]]
[[-1.00613239 -1.24298276  0.08922328]]
[[-0.01465659 -0.0124566   0.07350837]]
[[-0.01166402 -0.00511198  0.07087076]]
[[-0.00337353 -0.00118745 -0.03698324]]
[[-0.00208422  0.00145748 -0.0354715 ]]
[[-0.0122913  -0.00293105 -0.06916188]]
[[-0.00932562  0.00458447 -0.06880846]]
[[-1.07687035 -0.12965822  0.10374224]]
[[-1.01258427  1.44592503  0.11156568]]
[[-0.01460182 -0.00271436  0.06951762]]
[[-0.01166116  0.00416631  0.06912894]]
[[-0.0051002  -0.00109251  0.03649907]]
[[-0.00381672  0.001327    0.03517676]]
[[-0.01214215  0.00605772 -0.06969219]]
[[-0.00885935  0.01401607 -0.07050334]]
[[-0.24574975  0.23955928  0.01227111]]
[[-0.11043252  0.23389875  0.00607122]]
[[-0.01453388  0.0064061   0.06989864]]
[[-0.01129893  0.01372066  0.07098287]]
[[-0.08074184  0.11772289  0.00227247]]
[[-0.04970447  0.12760189  0.00297316]]
[[-0.0183142  -0.11125574  0.00185284]]
[[-0.01063736 -0.1327821  -0.00113011]]
[[-0.00537544 -0.02215421 -0.07509082]]
[[-0.00275939 -0.01613115 -0.0775209 ]]
[[-0.03287476 -0.16811534  0.00266316]]
[[-0.00726958 -0.25349219 -0.00286549]]
[[-0.0077626  -0.0218604   0.07544527]]
[[-0.00522508 -0.01664975  0.07721156]]
[[-0.00083882 -0.00437784 -0.03806407]]
[[ 0.00036958 -0.00223751 -0.03642381]]
[[-0.00616543 -0.01209671 -0.07336837]]
[[-0.00363032 -0.00551716 -0.07458983]]
[[-0.06418665 -0.60744294  0.00757929]]
[[ 0.80141517 -1.49497799 -0.10460634]]
[[-0.00850781 -0.0119106   0.0735467 ]]
[[-0.00607365 -0.00609459  0.07455274]]
[[-0.00258768 -0.00427189  0.03804953]]
[[-0.00139009 -0.00238207  0.03653344]]
[[-0.00011744 -0.00037158 -0.02150152]]
[[ 0.00036764  0.00047245 -0.02149572]]
[[-0.00084095 -0.00085882 -0.03470193]]
[[ 0.00037262  0.00117631 -0.0348202 ]]
[[-0.00663175 -0.00230951 -0.07093846]]
[[-0.00366748  0.00427549 -0.07326465]]
[[-0.11619589 -0.0399152   0.00434023]]
[[ 0.72841729  1.25069266 -0.0766579 ]]
[[-0.00898558 -0.00214157  0.07112904]]
[[-0.00616984  0.00376132  0.07361143]]
[[-0.00258866 -0.00076935  0.03461705]]
[[-0.00139182  0.00107059  0.0349972 ]]
[[-0.00113195 -0.00031071  0.0214473 ]]
[[-0.00064895  0.00039435  0.02156742]]
[[-0.00084877  0.00255259 -0.03599873]]
[[ 0.00044083  0.00467349 -0.03789702]]
[[-0.00632004  0.00706526 -0.07054709]]
[[-0.00284579  0.01399348 -0.07369259]]
[[-0.11651602  0.57058335 -0.00134127]]
[[-0.07060063  0.28004613  0.00399339]]
[[-0.00876453  0.0073351   0.07070426]]
[[-0.00543849  0.01363601  0.07436489]]
[[-0.00258573  0.00264885  0.0358693 ]]
[[-0.00131421  0.00453486  0.03812896]]
[[-0.00551034  0.01700682 -0.07219205]]
[[-0.00151346  0.02326458 -0.07353079]]
[[ -6.10106987e-02   1.63583400e-01   1.03963370e-04]]
[[-0.0289013   0.15136181  0.00126426]]
[[-0.00802534  0.01739619  0.07218935]]
[[-0.00409827  0.0230047   0.07429468]]
[[-0.02780227  0.11242295 -0.00024955]]
[[-0.00807546  0.1061506   0.00037286]]
[[ 0.00686555 -0.1672109   0.00030278]]
[[ 0.03328234 -0.21481598 -0.00470886]]
[[ 0.00014297 -0.01220992 -0.08052502]]
[[ 0.00322682 -0.00680733 -0.08471161]]
[[ 0.09676398 -0.35202268 -0.0064269 ]]
[[ 0.07470817 -0.40210398 -0.01067965]]
[[-0.00250535 -0.01198598  0.08079924]]
[[ 0.00037472 -0.00743753  0.08487898]]
[[ 0.00160562 -0.00059795 -0.03616098]]
[[ 0.00288563  0.00093843 -0.03796452]]
[[-0.00059182 -0.00172588 -0.07763749]]
[[ 0.00309589  0.00389361 -0.08251869]]
[[ 0.70933622 -0.05155013 -0.08035389]]
[[-0.76167156  0.22151332  0.08219813]]
[[-0.00323382 -0.0015885   0.07791389]]
[[ 0.00023437  0.00329461  0.08316547]]
[[-0.00019488 -0.00051285  0.03657664]]
[[ 0.00106279  0.00079951  0.03861735]]
[[-0.00019879  0.00840206 -0.07762328]]
[[ 0.00425519  0.01423776 -0.08339881]]
[[-0.12219085  0.38411552  0.00362417]]
[[-0.11495261  0.39628349  0.01035522]]
[[-0.00289837  0.00863201  0.07802047]]
[[ 0.00137081  0.01376324  0.08446932]]
[[-0.04123877  0.2084877  -0.00172323]]
[[ 0.00519691  0.17324679 -0.00166219]]
[[ 0.05592586 -0.27613552 -0.00181523]]
[[ 0.09581253 -0.61394827 -0.012954  ]]
[[ 0.00713829 -0.00102465 -0.08877131]]
[[ 0.01170644  0.00336836 -0.093482  ]]
[[-0.76084835 -1.42610394  0.09739834]]
[[ 0.09309911  0.02863584 -0.00979565]]
[[ 0.00408692 -0.00085373  0.08941907]]
[[ 0.00858286  0.00269444  0.09458838]]
[[-0.84528605  1.34289024  0.07756124]]
[[ 0.08659914  0.63691083 -0.00672697]]
[[ 1.02968699 -1.22555675 -0.09799113]]
[[ 1.12007235 -0.08222984 -0.11816576]]
