[[-0.13989227 -0.04502029  0.00794451]]
[[-0.17749058  0.01697412  0.00836469]]
[[-0.14328722 -0.13699785  0.0088208 ]]
[[-0.3228185  -0.15236882  0.02046862]]
[[-0.01448876 -0.00822669 -0.07779617]]
[[-0.01099818 -0.0005179  -0.07772824]]
[[-0.24943292 -0.0765152   0.01387532]]
[[-0.38499192  0.09509538  0.02493912]]
[[-0.0170805  -0.00789162  0.07857524]]
[[-0.01348568 -0.00087559  0.07834824]]
[[-0.21649889  0.01612364  0.00982242]]
[[-0.26519901  0.12469993  0.0154987 ]]
[[-0.0497669  -0.14684666  0.00419434]]
[[-0.05665098 -0.23511161  0.00108868]]
[[-0.00720694 -0.01608067 -0.073416  ]]
[[-0.00374249 -0.00989321 -0.07100732]]
[[-0.20236668 -0.33643686  0.0165901 ]]
[[-0.96572957 -1.31113029  0.08745238]]
[[-0.00947203 -0.01586577  0.07398435]]
[[-0.005807   -0.01038324  0.07103635]]
[[-0.00226149 -0.00215954 -0.03742971]]
[[-0.0009831   0.00018312 -0.0360183 ]]
[[-0.0071168  -0.00751867 -0.07342799]]
[[-0.00388579 -0.00168236 -0.07364973]]
[[-1.08156887 -0.22247932  0.10523643]]
[[-1.10485879  1.19480975  0.11883266]]
[[-0.00935622 -0.00721204  0.07401222]]
[[-0.00596229 -0.00211993  0.07398446]]
[[-0.00401197 -0.00202799  0.03696232]]
[[ -2.72976256e-03   7.80946067e-05   3.56966201e-02]]
[[-0.00757455  0.00093923 -0.07940242]]
[[-0.00417305  0.0076551  -0.08155258]]
[[-0.4601986   0.06480495  0.03121202]]
[[-1.05549046  0.2956958   0.10514788]]
[[-0.00994304  0.00145211  0.07992567]]
[[-0.0064448   0.00731912  0.08204439]]
[[-0.31852765  0.18402999  0.02062306]]
[[-0.19329554  0.35529854  0.01678248]]
[[-0.00428118 -0.1031157   0.00128795]]
[[ 0.01044695 -0.12312316 -0.00162539]]
[[-0.00040687 -0.02346432 -0.06907044]]
[[ 0.00277195 -0.01928548 -0.06984112]]
[[-0.00397427 -0.16242752  0.00171721]]
[[ 0.04231371 -0.24922304 -0.00425027]]
[[-0.00256191 -0.02314066  0.06946288]]
[[ 0.00066983 -0.01964673  0.06939871]]
[[ 0.00025925 -0.00525676 -0.03719412]]
[[ 0.0014758  -0.00343428 -0.03558587]]
[[-0.00033174 -0.015189   -0.06939765]]
[[ 0.00265257 -0.01067904 -0.06960393]]
[[-0.00678208 -0.62258795  0.00593552]]
[[ 0.92294576 -1.54468616 -0.10976917]]
[[-0.00237317 -0.0148802   0.06962588]]
[[ 0.0006658  -0.01108686  0.06928298]]
[[-0.00144665 -0.00513686  0.03720733]]
[[-0.00022838 -0.00356621  0.03566368]]
[[ 0.00027111 -0.00071707 -0.02144114]]
[[  7.54648644e-04   3.01446205e-05  -2.14610357e-02]]
[[ 0.00027846 -0.00184321 -0.0345315 ]]
[[ 0.0014953  -0.00011399 -0.03473185]]
[[-0.00048547 -0.00695082 -0.07076044]]
[[ 0.00269665 -0.00251286 -0.07308632]]
[[-0.04165357 -0.19375593  0.00359189]]
[[ 0.93281595  0.66748224 -0.09241376]]
[[-0.00244354 -0.00663513  0.07096459]]
[[ 0.00072692 -0.00299093  0.07296213]]
[[-0.00144836 -0.00173361  0.03446475]]
[[-0.00023868 -0.00021266  0.03486824]]
[[-0.00074151 -0.00065188  0.02140305]]
[[ -2.57611235e-04  -4.57407122e-05   2.15333770e-02]]
[[ 0.00025585  0.00145004 -0.03662026]]
[[ 0.00154603  0.00328731 -0.03865639]]
[[-0.00061779  0.00145759 -0.07599157]]
[[ 0.00290128  0.00675404 -0.08022162]]
[[-0.92638333 -0.89419656  0.10382597]]
[[ 0.04223103  0.1714053  -0.00111746]]
[[-0.00265319  0.00185471  0.076158  ]]
[[ 0.00076671  0.00624407  0.08037116]]
[[-0.00148824  0.00157014  0.03649423]]
[[-0.00021016  0.00315054  0.03883599]]
[[-0.00071549  0.01163669 -0.08430039]]
[[ 0.0032922   0.01748181 -0.08668844]]
[[-0.93725878  1.32984609  0.08633882]]
[[ 0.01234479  0.62696378  0.00472722]]
[[-0.00301024  0.01216433  0.0842919 ]]
[[ 0.0008808   0.01698347  0.08705605]]
[[-0.04636385  0.2551319   0.00037434]]
[[ 0.01040698  0.17912282  0.00036351]]
[[ 0.03948657 -0.13906503 -0.00070178]]
[[ 0.08504161 -0.16572069 -0.00544654]]
[[ 0.00622866 -0.0146403  -0.07079452]]
[[ 0.00955403 -0.0115671  -0.07308041]]
[[ 0.19163492 -0.30403304 -0.01009648]]
[[ 0.3089185  -0.25543165 -0.02284586]]
[[ 0.00407678 -0.01423649  0.07078379]]
[[ 0.00728976 -0.01190947  0.07247789]]
[[ 0.00275577 -0.00156668 -0.03533435]]
[[ 0.00405113 -0.00034511 -0.03720507]]
[[ 0.00605446 -0.00621625 -0.07155902]]
[[ 0.00976919 -0.00310626 -0.07594193]]
[[ 1.05538995 -0.07115201 -0.10233178]]
[[ 0.45809198 -0.18367345 -0.03417322]]
[[ 0.00397801 -0.00587801  0.07135509]]
[[ 0.00749569 -0.00358689  0.07544837]]
[[ 0.00102184 -0.00147873  0.03572039]]
[[ 0.00230336 -0.00049509  0.0377556 ]]
[[ 0.00627865  0.00235944 -0.07760832]]
[[ 0.01053577  0.00640723 -0.08436863]]
[[ 1.11271409 -0.95993396 -0.1024096 ]]
[[ 1.08732326 -0.03016804 -0.10533918]]
[[ 0.00414431  0.00265907  0.07734963]]
[[ 0.00813423  0.00572229  0.08418446]]
[[ 0.95635025  1.52646301 -0.11198399]]
[[ 0.2215849   0.29896202 -0.01405824]]
[[ 0.13371626 -0.11832307 -0.00528532]]
[[ 0.14955018 -0.10601161 -0.00760962]]
[[ 0.01343182 -0.00524024 -0.0756796 ]]
[[ 0.01751952 -0.00336021 -0.08011749]]
[[ 0.26009625 -0.0739985  -0.01300325]]
[[ 0.21554246 -0.07304417 -0.01075002]]
[[ 0.01098156 -0.00490201  0.07524774]]
[[ 0.01492106 -0.00388663  0.07951369]]
[[ 0.39022779 -0.01943356 -0.0257089 ]]
[[ 0.26281688  0.0230961  -0.01602497]]
[[ 0.14824095 -0.03291936 -0.00669432]]
[[ 0.14018367 -0.03082175 -0.00814209]]
