[[-0.09168472 -0.01184693 -0.0107463 ]]
[[-0.10985573  0.04135104 -0.00948806]]
[[-0.11240622 -0.09002156 -0.00867152]]
[[-0.28084745 -0.09661278  0.00504552]]
[[-0.0076539  -0.0013423  -0.05129403]]
[[-0.00537544  0.00327948 -0.04868349]]
[[-0.1910452  -0.01970624 -0.00340956]]
[[-0.2781283   0.16061338  0.00690603]]
[[-0.0193864  -0.00367475 -0.00288196]]
[[-0.01503076  0.00620022 -0.00532931]]
[[-0.10951651  0.06169394 -0.0100661 ]]
[[-0.07280244  0.11118604 -0.01027726]]
[[-0.03683599 -0.10474742 -0.01179991]]
[[-0.04423881 -0.18392261 -0.01283567]]
[[-0.00356921 -0.00626873 -0.05109575]]
[[-0.00138686 -0.00228197 -0.04720355]]
[[-0.17834022 -0.2744737   0.00095975]]
[[-0.93309784 -1.22131103  0.07343992]]
[[-0.01067991 -0.0147021  -0.00463249]]
[[-0.0062922  -0.00661674 -0.00846821]]
[[-0.00118434 -0.00049891 -0.02495767]]
[[-0.00040899  0.00091958 -0.02362119]]
[[-0.00330585 -0.00063258 -0.04740068]]
[[-0.00127972  0.00282227 -0.04501176]]
[[-1.01071982 -0.11145879  0.08765187]]
[[-0.92213403  1.43397995  0.09501799]]
[[-0.01069168 -0.00251794 -0.0074621 ]]
[[-0.0063477   0.00531527 -0.00973674]]
[[-0.23838695 -0.03566535  0.0304598 ]]
[[-0.32157238  0.18373128  0.03788956]]
[[-0.00331374  0.00452468 -0.0472534 ]]
[[-0.00133126  0.0081328  -0.04605674]]
[[-0.18063642  0.23318826 -0.00356804]]
[[-0.0410671   0.19233162 -0.00993003]]
[[-0.01067909  0.00917613 -0.00716136]]
[[-0.00626512  0.01700005 -0.00749908]]
[[-0.0338583   0.09303887 -0.01358686]]
[[-0.01059681  0.08157045 -0.01270405]]
[[-0.0013832  -0.07089719 -0.01350362]]
[[ 0.01080047 -0.08502831 -0.01516134]]
[[ 0.00043029 -0.01167086 -0.0505337 ]]
[[ 0.00244092 -0.00858696 -0.04926992]]
[[ 0.00054743 -0.11744093 -0.01251733]]
[[ 0.04338652 -0.19277111 -0.01710948]]
[[-0.00174654 -0.02483994 -0.00200113]]
[[ 0.00234452 -0.01980238 -0.00586805]]
[[ 0.00034745 -0.00242022 -0.02532747]]
[[ 0.00108813 -0.0013089  -0.02384873]]
[[ 0.00054714 -0.00559085 -0.04766841]]
[[ 0.0023943  -0.00267155 -0.04557773]]
[[ 0.00332884 -0.54824421 -0.00847658]]
[[ 0.92456369 -1.43156442 -0.12220833]]
[[-0.001782   -0.01376634 -0.00761497]]
[[ 0.00220846 -0.00775349 -0.01117156]]
[[-0.19465989 -0.34637469  0.02984418]]
[[-0.95128544 -1.2830632   0.09593929]]
[[ 0.00024414 -0.00016469 -0.01502154]]
[[ 0.00055599  0.0003131  -0.01494963]]
[[ 0.00034532 -0.00030904 -0.02288005]]
[[ 0.00108674  0.000734   -0.02267574]]
[[ 0.00055168 -0.00012236 -0.04478572]]
[[ 0.00240009  0.002428   -0.04381201]]
[[ 0.00160922  0.00161586 -0.01370551]]
[[ 0.93652004  1.22416857 -0.10080516]]
[[-0.00209222 -0.00168942 -0.01136879]]
[[ 0.00203826  0.00433074 -0.01288541]]
[[-1.05478793 -0.12397979  0.11612251]]
[[-0.94750703  1.47172647  0.11989319]]
[[-0.0056806  -0.00232629  0.08770279]]
[[-0.00187716  0.00327274  0.08892183]]
[[ 0.0003273   0.00174746 -0.02371512]]
[[ 0.00111607  0.00284684 -0.02479129]]
[[ 0.00054992  0.00491009 -0.04409051]]
[[ 0.00244885  0.00762057 -0.044301  ]]
[[ -3.67774506e-04   5.49522583e-01  -1.86402279e-02]]
[[ 0.04535999  0.18183102 -0.01426721]]
[[-0.00222958  0.01014809 -0.01081202]]
[[ 0.00195289  0.0160542  -0.01018699]]
[[-0.2048766   0.2796787   0.02400978]]
[[-0.03904603  0.25066201  0.01625951]]
[[ 0.00047082  0.01037372 -0.04561964]]
[[ 0.00255417  0.01292162 -0.04543093]]
[[ 0.00060947  0.11445192 -0.0144436 ]]
[[ 0.01186512  0.07784313 -0.01342444]]
[[-0.00225169  0.0214941  -0.0073456 ]]
[[ 0.00211898  0.02610859 -0.00588359]]
[[-0.00037943  0.06679342 -0.01440118]]
[[ 0.00649214  0.05612289 -0.01417321]]
[[ 0.03523726 -0.09442953 -0.01461184]]
[[ 0.0739655  -0.11101037 -0.01834926]]
[[ 0.00449496 -0.00522319 -0.04805727]]
[[ 0.00642341 -0.00325826 -0.04742129]]
[[ 0.18267815 -0.23161353 -0.02374054]]
[[ 0.27889246 -0.1581693  -0.03426962]]
[[ 0.00674404 -0.01303146 -0.00900749]]
[[ 0.01093503 -0.00897261 -0.01169245]]
[[ 0.00185663 -0.00014624 -0.023371  ]]
[[ 0.00265315  0.00058423 -0.02432223]]
[[ 0.00429204  0.00028833 -0.04467553]]
[[ 0.00629347  0.00198256 -0.04512614]]
[[ 1.01271789  0.11453191 -0.11497246]]
[[ 0.28059214  0.09808541 -0.03245496]]
[[ 0.00642106 -0.00093189 -0.01322971]]
[[ 0.01068672  0.0031234  -0.01368031]]
[[ 0.00410338 -0.00804772  0.00312379]]
[[ 0.98661961  1.25735273 -0.08848231]]
[[ 0.00427308  0.0053704  -0.04436922]]
[[ 0.00653116  0.00731688 -0.046405  ]]
[[ 0.17914044  0.27429816 -0.02837499]]
[[ 0.07331777  0.09324136 -0.01628083]]
[[ 0.00611578  0.01101622 -0.01291518]]
[[ 0.010667    0.01503315 -0.01149831]]
[[ 0.03352731  0.09915498 -0.01589965]]
[[ 0.03010896  0.0631189  -0.0156765 ]]
[[ 0.10953901 -0.06077287 -0.01873217]]
[[ 0.10774166 -0.04020169 -0.01924772]]
[[ 0.00847086  0.00064575 -0.04707308]]
[[ 0.01060896  0.00157008 -0.04786655]]
[[ 0.18906567  0.02158008 -0.02408274]]
[[ 0.10732954  0.01701832 -0.01834622]]
[[ 0.01528269 -0.00015098 -0.01257779]]
[[ 0.01951445  0.00200805 -0.01218586]]
[[ 0.10727718  0.08596423 -0.01946526]]
[[ 0.06470388  0.045518   -0.01767047]]
[[ 0.08736769  0.00996566 -0.01832726]]
[[ 0.07010212  0.00602382 -0.01873825]]
