[[-0.08976928 -0.01129214  0.0122719 ]]
[[-0.10831004  0.04081728  0.01245494]]
[[-0.11125504 -0.08853141  0.01399284]]
[[-0.2800861 -0.096046   0.025937 ]]
[[-0.00972616 -0.00160006 -0.02443776]]
[[-0.00714309  0.00370387 -0.02328778]]
[[-0.18989076 -0.01925743  0.01770099]]
[[-0.27735707  0.16017512  0.02727209]]
[[-0.00870999 -0.00100191  0.0477519 ]]
[[-0.00644448  0.00294138  0.045357  ]]
[[-0.10835479  0.06114698  0.01154842]]
[[-0.07203467  0.10972891  0.01115505]]
[[-0.03644225 -0.10240441  0.01032644]]
[[-0.0442228  -0.18227662  0.00768097]]
[[-0.00500728 -0.00742175 -0.02483299]]
[[-0.00251299 -0.00288653 -0.02323458]]
[[-0.17798235 -0.27308996  0.02174219]]
[[-0.93308891 -1.2206385   0.0934686 ]]
[[-0.00472209 -0.00566947  0.04755427]]
[[-0.00250029 -0.00235501  0.04382775]]
[[-0.01150703 -0.0027295   0.04935439]]
[[-0.0072297   0.00522779  0.0495214 ]]
[[-0.00476443 -0.00082024 -0.02316474]]
[[-0.00241532  0.00320053 -0.02177336]]
[[-1.01033261 -0.1110867   0.10776387]]
[[-0.92211564  1.43362729  0.11494276]]
[[-0.00438272 -0.00030691  0.04417018]]
[[-0.00236898  0.00249543  0.04185963]]
[[-0.00214777 -0.0003729   0.02251017]]
[[-0.00141591  0.00079385  0.02140303]]
[[-0.00476249  0.00528878 -0.02238792]]
[[-0.00243356  0.00946062 -0.02115958]]
[[-0.18024424  0.23254843  0.01659925]]
[[-0.04105033  0.19097792  0.0100294 ]]
[[-0.00441558  0.00460239  0.0437643 ]]
[[-0.00250822  0.00749857  0.0426453 ]]
[[-0.03345049  0.09141664  0.00761415]]
[[-0.01054524  0.07927759  0.00822507]]
[[-0.00166386 -0.06789501  0.00855311]]
[[ 0.01018218 -0.08246745  0.00615469]]
[[-0.00032012 -0.01363682 -0.02350175]]
[[ 0.00197645 -0.01025959 -0.02347221]]
[[ 0.00021349 -0.11522027  0.00797902]]
[[ 0.04272902 -0.19107727  0.00286601]]
[[-0.00098442 -0.01060605  0.04678121]]
[[ 0.00097729 -0.00815893  0.04532786]]
[[-0.00245956 -0.0141587   0.04849413]]
[[ 0.00177815 -0.00867857  0.05080284]]
[[-0.00023319 -0.00670283 -0.02321505]]
[[ 0.00190835 -0.00337425 -0.02213311]]
[[ 0.00297133 -0.54694449  0.01137947]]
[[ 0.92386233 -1.4308135  -0.10235103]]
[[-0.00070919 -0.00492597  0.04420675]]
[[ 0.00107686 -0.00263928  0.04205217]]
[[-0.00072513 -0.00212892  0.02312601]]
[[ -2.82852451e-05  -1.25944130e-03   2.18453375e-02]]
[[-0.00807388 -0.01231141 -0.00136057]]
[[ 0.9968347   1.309957   -0.10122613]]
[[-0.00279247 -0.00181009  0.05117545]]
[[ 0.00162648  0.00419596  0.05035812]]
[[-0.00026616 -0.00025989 -0.02185539]]
[[ 0.00190631  0.00274421 -0.02085783]]
[[ 0.00125276  0.00191529  0.00620816]]
[[ 0.93581271  1.22391009 -0.08091088]]
[[-0.00060473  0.00018087  0.04151508]]
[[ 0.00110514  0.00209563  0.04046965]]
[[-0.00071635 -0.00019713  0.02085204]]
[[ -2.59448724e-05   6.40488220e-04   2.07938784e-02]]
[[ -4.11020671e-04  -9.85880555e-05   1.36606394e-02]]
[[-0.00012289  0.00024608  0.01366556]]
[[-0.00285681  0.01061003  0.04788114]]
[[ 0.00156594  0.01563253  0.04487643]]
[[-0.0002641   0.00576719 -0.0208317 ]]
[[ 0.00196777  0.00891096 -0.01999874]]
[[-0.00070379  0.54880137  0.00117568]]
[[ 0.04469142  0.18058117  0.00551066]]
[[-0.00064781  0.00488154  0.04068327]]
[[ 0.00106153  0.00694004  0.04088231]]
[[-0.00072369  0.00169935  0.02156112]]
[[  4.90312500e-06   2.56107867e-03   2.27119082e-02]]
[[-0.00031082  0.01216949 -0.02015747]]
[[ 0.00211755  0.01501937 -0.01872792]]
[[ 0.00031048  0.11278004  0.00542966]]
[[ 0.0112443   0.07567893  0.00694162]]
[[-0.00083835  0.00998411  0.04174186]]
[[ 0.00106414  0.01187967  0.04171722]]
[[-0.00062619  0.06426133  0.00673894]]
[[ 0.0058893   0.05318082  0.00770701]]
[[ 0.03423598 -0.09230526  0.00647322]]
[[ 0.07262664 -0.10926759  0.00298116]]
[[ 0.00434946 -0.00629049 -0.02279446]]
[[ 0.00660613 -0.0040561  -0.02215418]]
[[ 0.18165405 -0.23042092 -0.00371224]]
[[ 0.27752612 -0.1573771  -0.01406222]]
[[ 0.00289429 -0.00448593  0.04433617]]
[[ 0.00464026 -0.00312238  0.04347234]]
[[ 0.00627059 -0.00096619  0.05093435]]
[[ 0.0105653   0.00291403  0.04917341]]
[[ 0.00413384  0.0002153  -0.02121411]]
[[ 0.0064753   0.00221005 -0.02064644]]
[[ 1.01166048  0.11475168 -0.09504206]]
[[ 0.27921111  0.09792536 -0.01236506]]
[[ 0.00279398  0.00056099  0.04109044]]
[[ 0.00454751  0.0016693   0.041397  ]]
[[  6.71829682e-04  -4.57319404e-05   2.15472162e-02]]
[[ 0.00140437  0.00048532  0.02250582]]
[[ 0.00410373  0.00631699 -0.02035365]]
[[ 0.00671637  0.00852685 -0.02011454]]
[[ 0.17811556  0.27353551 -0.00840137]]
[[ 0.07197683  0.09211394  0.004429  ]]
[[ 0.00275049  0.005232    0.04069344]]
[[ 0.00472986  0.00657322  0.04259407]]
[[ 0.03256249  0.09744777  0.00451428]]
[[ 0.02876729  0.06104945  0.00636011]]
[[ 0.10783254 -0.05967341  0.00281256]]
[[ 0.10570519 -0.03935073  0.00247434]]
[[ 0.00900752  0.00065691 -0.02127544]]
[[ 0.01150142  0.00169973 -0.02064635]]
[[ 0.18735769  0.02171917 -0.00369172]]
[[ 0.10529556  0.01694542  0.00279762]]
[[ 0.00645039  0.00089761  0.04305535]]
[[ 0.00838557  0.00127828  0.04371025]]
[[ 0.10558903  0.08516696  0.00139632]]
[[ 0.06265271  0.04446283  0.00500068]]
[[ 0.0850016   0.01003696  0.00374277]]
[[ 0.0674182   0.00599245  0.00445866]]
