[[-0.15422384 -0.03151697  0.00820258]]
[[-0.19129761  0.04912865  0.00892039]]
[[-0.1715949  -0.1450175   0.00984468]]
[[-0.38531876 -0.15566067  0.02327635]]
[[-0.01469304 -0.00433139 -0.08053222]]
[[-0.01095134  0.00385939 -0.07829362]]
[[-0.2930052  -0.05910669  0.01544799]]
[[-0.46362003  0.17890803  0.03109262]]
[[-0.01732691 -0.00403512  0.081471  ]]
[[-0.01337821  0.00352208  0.07918195]]
[[-0.21299027  0.07600762  0.00896187]]
[[-0.17780406  0.19281589  0.00987029]]
[[-0.06349554 -0.16734176  0.00490673]]
[[-0.07705976 -0.27034997  0.001434  ]]
[[-0.00764695 -0.01285271 -0.07973532]]
[[-0.00402105 -0.00584644 -0.07565714]]
[[-0.24842359 -0.37968675  0.01886863]]
[[-1.11405076 -1.45169806  0.09724315]]
[[-0.009951   -0.012691    0.08040824]]
[[-0.00601402 -0.00640905  0.07592974]]
[[-0.00230032 -0.00125641 -0.03791247]]
[[-0.00100992  0.00113942 -0.03615841]]
[[-0.00734196 -0.00326801 -0.07619788]]
[[-0.00394772  0.00300459 -0.07422616]]
[[-1.28693492 -0.27047118  0.12200784]]
[[-1.9334547   1.54510062  0.20994303]]
[[-0.00951536 -0.00292565  0.07693992]]
[[-0.00588111  0.00261106  0.07474538]]
[[-0.00405566 -0.00113868  0.03741504]]
[[-0.00275003  0.00102218  0.03584271]]
[[-0.00745277  0.00567139 -0.07767978]]
[[-0.00400859  0.01243486 -0.07716862]]
[[-0.45890521  0.32728727  0.02912942]]
[[-0.21907922  0.46175667  0.01844039]]
[[-0.00968533  0.00625958  0.07819404]]
[[-0.00611901  0.01217026  0.07768807]]
[[-0.10580965  0.18241817  0.00325928]]
[[-0.04332338  0.17670981  0.00356448]]
[[-0.00669212 -0.11889341  0.00154325]]
[[ 0.0102147  -0.14368649 -0.00183784]]
[[-0.00064053 -0.02180511 -0.07749457]]
[[ 0.00269101 -0.01663383 -0.07759824]]
[[-0.00991659 -0.19092671  0.00211878]]
[[ 0.04159828 -0.30167142 -0.00474278]]
[[-0.00290057 -0.02144091  0.07788639]]
[[ 0.00056067 -0.01702218  0.0772259 ]]
[[ 0.00024426 -0.00442779 -0.03827865]]
[[ 0.00147223 -0.00254954 -0.03635961]]
[[-0.00061556 -0.01184317 -0.0758167 ]]
[[ 0.00248356 -0.00661157 -0.07448779]]
[[-0.0395042  -0.73637006  0.0086076 ]]
[[ 0.92078618 -1.97840177 -0.11370846]]
[[-0.00261447 -0.01148427  0.07607414]]
[[ 0.00061584 -0.00702458  0.07422556]]
[[-0.00149148 -0.00430123  0.03826169]]
[[-0.00025109 -0.00267799  0.03644155]]
[[ 0.00026451 -0.00039676 -0.02159056]]
[[ 0.0007521   0.00036038 -0.02152814]]
[[ 0.00024875 -0.00093835 -0.03500263]]
[[ 0.00147716  0.00083746 -0.03488337]]
[[-0.00073096 -0.00250637 -0.07366608]]
[[ 0.00248098  0.00231807 -0.07381592]]
[[-0.92294845 -1.43175543  0.10873837]]
[[ 0.93411285  1.22227339 -0.08717309]]
[[-0.00253768 -0.00210736  0.07386976]]
[[ 0.0006812   0.00186327  0.07370655]]
[[-0.00148439 -0.00082636  0.03490731]]
[[-0.00025201  0.00074344  0.03501736]]
[[-0.00075177 -0.0003314   0.02153895]]
[[-0.00026084  0.00028531  0.02159787]]
[[ 0.0002234   0.00245422 -0.03646059]]
[[ 0.00152644  0.00432179 -0.03815758]]
[[-0.00073279  0.0063558  -0.07427407]]
[[ 0.00269556  0.01166682 -0.07580395]]
[[-0.93622201  1.76890154  0.08218848]]
[[ 0.04482376  0.72686165  0.00420421]]
[[-0.00260692  0.00681814  0.07432259]]
[[ 0.00070759  0.01120233  0.0759187 ]]
[[-0.0015025   0.00257197  0.03630281]]
[[-0.00020033  0.00419007  0.03832507]]
[[-0.00071605  0.01630159 -0.07738487]]
[[ 0.00310755  0.02149997 -0.07737835]]
[[ -4.44040533e-02   2.91837689e-01  -1.70291394e-04]]
[[ 0.01159876  0.18873764  0.00102136]]
[[-0.00284928  0.01679572  0.0771812 ]]
[[ 0.00087122  0.02105634  0.07767337]]
[[-0.01140314  0.1412519  -0.00064392]]
[[ 0.00798606  0.11714151  0.00028605]]
[[ 0.04511243 -0.16661746 -0.00071327]]
[[ 0.10424623 -0.20592595 -0.00652567]]
[[ 0.00620039 -0.01132931 -0.07759529]]
[[ 0.00957539 -0.00766101 -0.07839722]]
[[ 0.22419375 -0.41022225 -0.0110935 ]]
[[ 0.45343349 -0.43019786 -0.03544797]]
[[ 0.00407766 -0.01076549  0.0774682 ]]
[[ 0.00735758 -0.00793207  0.07766807]]
[[ 0.00274674 -0.00066667 -0.03583219]]
[[ 0.00405621  0.00059239 -0.03739481]]
[[ 0.00583224 -0.00180636 -0.07474288]]
[[ 0.00946794  0.00161586 -0.07692219]]
[[ 1.94464634 -1.10902754 -0.18864069]]
[[ 1.28833154 -0.01688569 -0.12019419]]
[[ 0.00389279 -0.00136379  0.0743185 ]]
[[ 0.00730472  0.00114344  0.07627043]]
[[ 0.0010041  -0.00055997  0.03618788]]
[[ 0.00231028  0.00046361  0.03793114]]
[[ 0.00590942  0.00726539 -0.07601472]]
[[ 0.01005534  0.01127309 -0.08014387]]
[[ 1.09884025  1.70301472 -0.1234938 ]]
[[ 0.25221793  0.32308984 -0.01282858]]
[[ 0.0039194   0.00758164  0.07551223]]
[[ 0.00777729  0.01060753  0.07984308]]
[[ 0.07416135  0.28836027 -0.00609053]]
[[ 0.06535587  0.15321151 -0.00239922]]
[[ 0.17907976 -0.15201047 -0.0070139 ]]
[[ 0.21136166 -0.12450345 -0.0106742 ]]
[[ 0.01334375 -0.00107138 -0.07921875]]
[[ 0.01733991  0.00101047 -0.08148022]]
[[ 0.46506066 -0.07649688 -0.02941508]]
[[ 0.29324454 -0.00469567 -0.01512798]]
[[ 0.01091382 -0.00060889  0.07842299]]
[[ 0.01473322  0.00052476  0.08062918]]
[[ 0.38244782  0.24286978 -0.02649112]]
[[ 0.1733512   0.10665228 -0.00787489]]
[[ 0.191685   -0.0065042  -0.00862206]]
[[ 0.15487465 -0.00199523 -0.00809778]]
