[[-0.08938608 -0.01136532 -0.00340392]]
[[-0.1079168   0.04079634 -0.0022262 ]]
[[-0.11084045 -0.0886208  -0.00112167]]
[[-0.27966582 -0.09610211  0.01236883]]
[[-0.00709434 -0.0011901  -0.04738934]]
[[-0.00496802  0.00311005 -0.04500027]]
[[-0.18948222 -0.01932708  0.00384782]]
[[-0.27693847  0.16014212  0.01410344]]
[[-0.01025051 -0.00168282  0.02441641]]
[[-0.00749582  0.00342246  0.02324605]]
[[-0.10794755  0.06110175 -0.00275371]]
[[-0.07161841  0.10971919 -0.00300501]]
[[-0.03602311 -0.10248772 -0.00459193]]
[[-0.04380011 -0.18233093 -0.00574948]]
[[-0.00329162 -0.00579239 -0.04729698]]
[[-0.00125596 -0.00207719 -0.04375958]]
[[-0.17755137 -0.27317215  0.00824064]]
[[-0.93264666 -1.22069478  0.0807259 ]]
[[-0.00527814 -0.00758681  0.02502076]]
[[-0.00258588 -0.00333935  0.02320054]]
[[-0.00106581 -0.00044415 -0.02279761]]
[[-0.00035357  0.00085373 -0.02157303]]
[[-0.00304477 -0.00052432 -0.04390805]]
[[-0.00115238  0.00269137 -0.04168363]]
[[-1.00989693 -0.1111491   0.09493117]]
[[-0.92166998  1.43358336  0.10232389]]
[[-0.00493609 -0.00086483  0.02316828]]
[[-0.00245716  0.00285133  0.02174203]]
[[-0.01020748 -0.00479777 -0.04871726]]
[[-0.00597658  0.00360599 -0.05054711]]
[[-0.00304418  0.004289   -0.04364998]]
[[-0.00119304  0.00764049 -0.04245594]]
[[-0.17981477  0.23250668  0.00363005]]
[[-0.04062087  0.19094959 -0.00287667]]
[[-0.00498485  0.00538656  0.02211284]]
[[-0.00260694  0.00921142  0.02106858]]
[[-0.03303163  0.09137812 -0.0064587 ]]
[[-0.01013605  0.07925843 -0.00588137]]
[[-0.00127253 -0.06796098 -0.00689419]]
[[ 0.01057836 -0.08248801 -0.00838558]]
[[ 0.00044201 -0.01084933 -0.04661895]]
[[ 0.0023203  -0.00797933 -0.04554503]]
[[ 0.00062477 -0.1152851  -0.00569686]]
[[ 0.04314977 -0.19110967 -0.01016493]]
[[-0.00064261 -0.01363079  0.02394424]]
[[ 0.00175214 -0.01053401  0.0234879 ]]
[[ 0.00034149 -0.00221052 -0.02313053]]
[[ 0.00102255 -0.00119538 -0.02178075]]
[[ 0.00054972 -0.00516191 -0.04416021]]
[[ 0.00227706 -0.0024413  -0.04224379]]
[[ 0.00340859 -0.54700493 -0.00136101]]
[[ 0.92430853 -1.43085669 -0.11493876]]
[[-0.00033147 -0.00671644  0.02339225]]
[[ 0.00187966 -0.00371808  0.02209856]]
[[-0.00110851 -0.01551033 -0.04450246]]
[[ 0.00305286 -0.00999984 -0.04800326]]
[[ 0.00023644 -0.00014582 -0.01368402]]
[[ 0.00052053  0.00028623 -0.01361542]]
[[ 0.00033932 -0.00026991 -0.0209013 ]]
[[ 0.00102132  0.00068331 -0.02070367]]
[[  5.54234267e-04  -4.53096275e-05  -4.15259337e-02]]
[[ 0.00228273  0.00232648 -0.04056285]]
[[ 0.0017069   0.0018594  -0.00634411]]
[[ 0.93626548  1.22385928 -0.09346179]]
[[-0.00023117 -0.0002763   0.02182787]]
[[ 0.00191721  0.00233684  0.02082781]]
[[-0.00132989 -0.00408107 -0.05009019]]
[[ 0.00305122  0.00242248 -0.0510018 ]]
[[-0.98350684 -1.52649779  0.12344389]]
[[ 0.00616347  0.0144858   0.00060872]]
[[ 0.00032295  0.00162134 -0.0216461 ]]
[[ 0.00104836  0.0026245  -0.02260604]]
[[ 0.00055602  0.00465429 -0.0407597 ]]
[[ 0.00232899  0.00716722 -0.04081789]]
[[ -2.56686365e-04   5.48749140e-01  -1.14033529e-02]]
[[ 0.04512679  0.18052911 -0.00721816]]
[[-0.00029387  0.00576006  0.02059848]]
[[ 0.00185229  0.00851643  0.02001599]]
[[-0.00157597  0.00862536 -0.05069763]]
[[ 0.0028619   0.01464463 -0.04819205]]
[[ 0.00048656  0.00973963 -0.04191483]]
[[ 0.00242597  0.01207806 -0.04155504]]
[[ 0.00073168  0.11272709 -0.00758225]]
[[ 0.01165311  0.07563432 -0.00671133]]
[[-0.0005173   0.01217518  0.0197    ]]
[[ 0.00184729  0.01470947  0.01872462]]
[[-0.00023     0.0641998  -0.00777033]]
[[ 0.00627728  0.05315392 -0.00770477]]
[[ 0.03464664 -0.09234908 -0.0076578 ]]
[[ 0.07304418 -0.10927605 -0.01111259]]
[[ 0.0042412  -0.00481782 -0.04445602]]
[[ 0.00604627 -0.00299086 -0.04383615]]
[[ 0.18208434 -0.23046093 -0.01663137]]
[[ 0.27795406 -0.1574027  -0.02704124]]
[[ 0.00414873 -0.00616371  0.02304374]]
[[ 0.0063418  -0.00428518  0.02218267]]
[[ 0.00172966 -0.00011994 -0.02133606]]
[[ 0.00246252  0.00054537 -0.02218626]]
[[ 0.00405148  0.00033916 -0.04136341]]
[[ 0.00592188  0.00190803 -0.04166739]]
[[ 1.01210672  0.11470009 -0.10766348]]
[[ 0.27964459  0.09787431 -0.02519734]]
[[ 0.00405247  0.00020643  0.02119562]]
[[ 0.00625723  0.00179977  0.02067969]]
[[ 0.00753174 -0.00314368 -0.04945333]]
[[ 0.01179572  0.00134069 -0.04942144]]
[[ 0.00403169  0.00508572 -0.04095525]]
[[ 0.00613767  0.00688071 -0.04265137]]
[[ 0.17855804  0.27346753 -0.02113592]]
[[ 0.07240457  0.09204763 -0.00906097]]
[[ 0.0039918   0.00618697  0.02019142]]
[[ 0.00645278  0.00804082  0.02020691]]
[[ 0.03298462  0.09736925 -0.00889673]]
[[ 0.02918215  0.06099522 -0.00853405]]
[[ 0.10824888 -0.05970898 -0.01136305]]
[[ 0.10610973 -0.03936331 -0.0118394 ]]
[[ 0.00795807  0.00067182 -0.04342117]]
[[ 0.00994928  0.00151657 -0.04400165]]
[[ 0.18777605  0.02166731 -0.01686417]]
[[ 0.10570087  0.01690141 -0.01105569]]
[[ 0.00862048  0.00064558  0.02135529]]
[[ 0.01101239  0.00133474  0.02078221]]
[[ 0.1060084   0.08508621 -0.01216371]]
[[ 0.06306244  0.04440652 -0.01010139]]
[[ 0.08539364  0.0099779  -0.01094342]]
[[ 0.06779646  0.00596577 -0.01121762]]
