[[-0.09223992 -0.01184201  0.01953012]]
[[-0.11045948  0.04120338  0.01963472]]
[[-0.113083   -0.08996678  0.02138218]]
[[-0.28156488 -0.0966703   0.03308504]]
[[-0.01898541 -0.00427011  0.00443396]]
[[-0.01478039  0.00534175  0.00722268]]
[[-0.19170957 -0.01970759  0.02481797]]
[[-0.27883752  0.1604972   0.03437025]]
[[-0.00943954 -0.00117932  0.05159365]]
[[-0.00702578  0.00305925  0.04899696]]
[[-0.11016839  0.06162779  0.0187922 ]]
[[-0.07348697  0.11101211  0.01844145]]
[[-0.03756186 -0.10469524  0.01741807]]
[[-0.04499763 -0.18396354  0.01462194]]
[[-0.01070328 -0.01493868  0.00439069]]
[[-0.00646421 -0.00707887  0.00789698]]
[[-0.17909805 -0.2744377   0.02889189]]
[[-0.93389715 -1.22136428  0.10065631]]
[[-0.00518094 -0.00617174  0.05131435]]
[[-0.00281111 -0.00260512  0.04724621]]
[[-0.32296108 -0.18078185  0.01097835]]
[[-1.04730051  0.12569615  0.09035926]]
[[-0.01062297 -0.00307727  0.00814951]]
[[-0.00629903  0.00457818  0.01068031]]
[[-1.0114859  -0.11147117  0.11493961]]
[[-0.92293113  1.43389431  0.12221701]]
[[-0.00482209 -0.00044105  0.04762821]]
[[-0.00267459  0.00258136  0.0451809 ]]
[[-0.00236978 -0.00044008  0.02465532]]
[[-0.00157265  0.00083565  0.02344991]]
[[-0.01045146  0.00852787  0.00904521]]
[[-0.0059326   0.01631359  0.00980544]]
[[-0.18137849  0.2331291   0.02374173]]
[[-0.04181201  0.19221583  0.01712933]]
[[-0.00486051  0.00480895  0.04734338]]
[[-0.00282002  0.00794073  0.04626249]]
[[-0.03455029  0.09296699  0.01476833]]
[[-0.01126545  0.08144231  0.01520072]]
[[-0.0020566  -0.07088947  0.01511734]]
[[ 0.01009828 -0.08513416  0.01284492]]
[[-0.00207433 -0.02492075  0.00139529]]
[[ 0.0018663  -0.01991598  0.00442273]]
[[-0.00019167 -0.11743795  0.0147613 ]]
[[ 0.04261551 -0.19285849  0.00978437]]
[[-0.00117285 -0.01145692  0.05069977]]
[[ 0.00092089 -0.0088221   0.04906137]]
[[-0.05358163 -0.24252471 -0.01115901]]
[[ 0.00095442 -0.59382999 -0.02245194]]
[[-0.00216214 -0.01394686  0.00675016]]
[[ 0.00182737 -0.00801314  0.00992733]]
[[ 0.00252844 -0.54825127  0.01847058]]
[[ 0.92374176 -1.43163621 -0.09505775]]
[[-0.00089128 -0.00538302  0.04772007]]
[[ 0.00101448 -0.00291568  0.04541133]]
[[-0.00082109 -0.00235251  0.02533255]]
[[ -6.29293555e-05  -1.39916556e-03   2.39326360e-02]]
[[-0.00049455 -0.00292509 -0.08547383]]
[[ 0.00328283  0.00278377 -0.08558257]]
[[-0.94130009 -1.45672542  0.09543338]]
[[ 0.00346942  0.01138047 -0.01902778]]
[[-0.00225688 -0.00205378  0.01106491]]
[[ 0.0020365   0.00387529  0.01268823]]
[[ 0.00078146  0.00159813  0.01356712]]
[[ 0.93569978  1.22410986 -0.0734904 ]]
[[ -7.87368638e-04   7.64294248e-05   4.47851995e-02]]
[[ 0.00104377  0.00215615  0.04376036]]
[[-0.00081083 -0.00024812  0.02284004]]
[[ -6.03610973e-05   6.68905520e-04   2.27920293e-02]]
[[-0.00046312 -0.00012403  0.01500662]]
[[-0.00014684  0.00025726  0.01501649]]
[[-0.94429069  1.27392038  0.07039618]]
[[ 0.03348924  0.61617142 -0.01828837]]
[[-0.00203136  0.00974938  0.01157967]]
[[ 0.00238247  0.01558701  0.01121855]]
[[-0.00116445  0.54949886  0.0084401 ]]
[[ 0.04459927  0.18178166  0.01269343]]
[[-0.0008303   0.00511119  0.04403179]]
[[ 0.00100806  0.00735188  0.04442758]]
[[-0.00081892  0.00181461  0.02364242]]
[[ -2.71340637e-05   2.75838940e-03   2.49324039e-02]]
[[-0.00173401  0.02126415  0.00871782]]
[[ 0.00280308  0.02579221  0.0075035 ]]
[[ -1.07804937e-04   1.14434443e-01   1.23572414e-02]]
[[ 0.01119264  0.07779366  0.01384369]]
[[-0.00102322  0.01059569  0.04547673]]
[[ 0.00102708  0.01267735  0.04567786]]
[[-0.00100688  0.06680024  0.01349287]]
[[ 0.00590439  0.05606119  0.01441572]]
[[ 0.03450112 -0.09448065  0.01349615]]
[[ 0.07321853 -0.11115253  0.01029979]]
[[ 0.00625366 -0.01310894  0.00801852]]
[[ 0.01058899 -0.00899629  0.01020755]]
[[ 0.18189025 -0.23165896  0.0035012 ]]
[[ 0.27812133 -0.15826695 -0.00669166]]
[[ 0.00296948 -0.00492225  0.0479956 ]]
[[ 0.00484009 -0.0034402   0.04713352]]
[[ 0.96226172 -1.24028373 -0.10884653]]
[[ 1.07185286 -0.08844692 -0.13034177]]
[[ 0.00620334 -0.00096536  0.01210119]]
[[ 0.01073243  0.00305173  0.01249504]]
[[ 1.01190721  0.11451825 -0.0876156 ]]
[[ 0.27982793  0.09804468 -0.0049261 ]]
[[ 0.00285595  0.00048384  0.04446387]]
[[ 0.00474349  0.00170398  0.04494701]]
[[  6.98085366e-04  -8.36057887e-05   2.36204105e-02]]
[[ 0.00149368  0.00049999  0.02469564]]
[[ 0.00637564  0.01098234  0.01236978]]
[[ 0.01116678  0.0148522   0.01101912]]
[[ 0.1783601   0.27432494 -0.00103169]]
[[ 0.07259575  0.09324229  0.01186333]]
[[ 0.00281658  0.00549715  0.0441752 ]]
[[ 0.00495062  0.00696958  0.04645646]]
[[ 0.03281926  0.09921447  0.01165497]]
[[ 0.02945022  0.06311805  0.01372193]]
[[ 0.10881129 -0.06082616  0.01037868]]
[[ 0.10706288 -0.04031956  0.01008891]]
[[ 0.01518109  0.00015507  0.01108508]]
[[ 0.01966225  0.00227062  0.01044467]]
[[ 0.1883402   0.021583    0.00373742]]
[[ 0.10666529  0.0169825   0.01032435]]
[[ 0.00679043  0.00084965  0.04681494]]
[[ 0.00888032  0.0012877   0.04770515]]
[[ 0.10657475  0.08604046  0.00890189]]
[[ 0.06406126  0.04552676  0.01280492]]
[[ 0.08675046  0.0099983   0.01135994]]
[[ 0.06955246  0.00597259  0.01218904]]
