[[-0.16185856  0.00947281  0.00861043]]
[[-0.17069381  0.09747638  0.00895483]]
[[-0.3103346  -0.10940794  0.01977129]]
[[-0.56238206  0.07198564  0.04127875]]
[[-0.01365467  0.0023204  -0.08311891]]
[[-0.00946029  0.01026652 -0.07692565]]
[[-0.30071848  0.04527176  0.01595801]]
[[-0.34922885  0.27187136  0.02500673]]
[[-0.01631905  0.00258371  0.08367994]]
[[-0.01188092  0.00986981  0.07759582]]
[[-0.15258597  0.11745947  0.00623459]]
[[-0.09706999  0.17394435  0.00605925]]
[[-0.22487736 -0.38341641  0.02036076]]
[[-0.9790868  -1.39993742  0.08911156]]
[[-0.00668755 -0.00590131 -0.08888149]]
[[-0.0026427   0.00126853 -0.0802947 ]]
[[-1.19341075 -0.37691201  0.11790304]]
[[-1.85602657  0.22291687  0.19633656]]
[[-0.00912177 -0.00570438  0.08925561]]
[[-0.00473807  0.00067568  0.0804786 ]]
[[-0.00197118  0.00023165 -0.03804308]]
[[-0.00069435  0.00250975 -0.03569632]]
[[-0.00606788  0.00388363 -0.07791255]]
[[-0.00231372  0.00972    -0.07170629]]
[[-1.19249674  0.1287542   0.11197748]]
[[-0.96358458  1.62940694  0.11248416]]
[[-0.00830808  0.00422559  0.07827397]]
[[-0.00434496  0.00930499  0.07207394]]
[[-0.00374587  0.00031235  0.0375027 ]]
[[-0.00243167  0.00237295  0.03540776]]
[[-0.00579187  0.01224741 -0.07264813]]
[[-0.00230395  0.01790016 -0.0686083 ]]
[[-0.21232628  0.32334729  0.01070108]]
[[-0.04991899  0.26662378  0.00466511]]
[[-0.00802647  0.01266572  0.07274825]]
[[-0.00442055  0.01757276  0.06903635]]
[[-0.04599979  0.14490538  0.00099091]]
[[-0.0149339   0.12700669  0.00202865]]
[[-0.00458329 -0.19468894  0.00260523]]
[[ 0.05447822 -0.283595   -0.00509096]]
[[ 0.00069893 -0.01617014 -0.09201212]]
[[ 0.00447713 -0.01014834 -0.08820044]]
[[ 0.00327629 -0.66549273  0.00652793]]
[[ 0.96909101 -1.61797582 -0.11244172]]
[[-0.00178888 -0.01570997  0.09209604]]
[[ 0.00216826 -0.01059401  0.08771481]]
[[ 0.00056399 -0.00286132 -0.03924652]]
[[ 0.00178537 -0.00108277 -0.03670623]]
[[ 0.00082794 -0.00459423 -0.08365872]]
[[ 0.00427479  0.00055444 -0.07762312]]
[[ 0.00540066 -0.53651945  0.00508526]]
[[ 1.86132154 -0.19802357 -0.19582541]]
[[-0.00129813 -0.00419796  0.08359488]]
[[  2.25188467e-03   7.75387216e-05   7.73048607e-02]]
[[-0.00121879 -0.00274356  0.03919027]]
[[  3.83816226e-05  -1.21071702e-03   3.68185440e-02]]
[[ 0.00036863  0.0001163  -0.02155174]]
[[ 0.00085511  0.00083804 -0.02134212]]
[[ 0.00053895  0.00053661 -0.0349747 ]]
[[ 0.00176021  0.00219565 -0.03427095]]
[[ 0.00084143  0.00493772 -0.07400618]]
[[ 0.0041367   0.00905494 -0.06980162]]
[[ 0.0007483   0.55864058 -0.00509857]]
[[ 0.98101809  1.40915228 -0.08798037]]
[[-0.00110678  0.00528099  0.07389256]]
[[ 0.00216889  0.00858641  0.06974901]]
[[-0.00120442  0.00063601  0.03485608]]
[[  4.38391226e-05   2.10666798e-03   3.44328490e-02]]
[[-0.00064869  0.0001785   0.02149848]]
[[-0.00015218  0.00076495  0.02142639]]
[[ 0.00049913  0.00387143 -0.03547409]]
[[ 0.00179473  0.00560319 -0.03660482]]
[[ 0.00085151  0.01299723 -0.06801445]]
[[ 0.00406145  0.01699824 -0.06596895]]
[[ -2.52319499e-04   6.62688986e-01  -6.10289525e-03]]
[[ 0.05557013  0.25371294 -0.0006308 ]]
[[-0.00113699  0.01331421  0.06781104]]
[[ 0.00201941  0.01659957  0.06618497]]
[[-0.00120105  0.00397358  0.03530363]]
[[ 0.00011595  0.00548239  0.03679439]]
[[ 0.0006764   0.02109101 -0.0660656 ]]
[[ 0.00411362  0.02443759 -0.06392591]]
[[ 0.000598    0.17088389 -0.00151574]]
[[ 0.01630491  0.12172554  0.00025234]]
[[-0.00140611  0.02141549  0.0657341 ]]
[[ 0.00203259  0.02410907  0.06425859]]
[[-0.0008462   0.10473769 -0.00073853]]
[[  9.25985370e-03   8.75678862e-02   6.59955471e-05]]
[[ 0.22073674 -0.32516557 -0.01159925]]
[[ 0.35639011 -0.26485682 -0.02578021]]
[[ 0.00815386 -0.00397487 -0.0838776 ]]
[[ 0.01157008 -0.00068979 -0.07993551]]
[[ 1.19625195 -0.1078089  -0.1120015 ]]
[[ 0.55961224 -0.05201034 -0.03974605]]
[[ 0.00584828 -0.00341175  0.08342862]]
[[ 0.00917918 -0.00104131  0.07925971]]
[[ 0.0030291   0.00079254 -0.03563136]]
[[ 0.00433604  0.00192815 -0.03659565]]
[[ 0.0075506   0.00556411 -0.0735087 ]]
[[ 0.01090721  0.00803433 -0.07133503]]
[[ 1.19120711  0.3954507  -0.11633959]]
[[ 0.35131044  0.19320953 -0.02108477]]
[[ 0.00543931  0.00588593  0.07293604]]
[[ 0.0086435   0.00757537  0.07097346]]
[[ 0.00128635  0.0009112   0.03597007]]
[[ 0.00261378  0.00182952  0.03714762]]
[[ 0.00722427  0.01368407 -0.06821437]]
[[ 0.0109597   0.01627493 -0.06883155]]
[[ 0.21009469  0.37111867 -0.01684857]]
[[ 0.09722955  0.14978527 -0.00299353]]
[[ 0.00513125  0.01391     0.06772313]]
[[ 0.00873363  0.01580739  0.0687794 ]]
[[ 0.04488315  0.15297297 -0.00330905]]
[[ 0.0429411   0.10226353 -0.00178829]]
[[ 0.30111535 -0.03247805 -0.01580975]]
[[ 0.2148603  -0.01863123 -0.00967795]]
[[ 0.01491222  0.00585931 -0.07645729]]
[[ 0.01835437  0.00687063 -0.07468459]]
[[ 0.29421917  0.11161193 -0.01598452]]
[[ 0.16541607  0.06102981 -0.00646335]]
[[ 0.01239978  0.0062199   0.07568594]]
[[ 0.01583286  0.00647263  0.07417763]]
[[ 0.14785994  0.15121121 -0.00782558]]
[[ 0.09546916  0.08569705 -0.00428425]]
[[ 0.15409956  0.04958473 -0.00744905]]
[[ 0.11820801  0.02867301 -0.00649468]]
