[[-0.10203661 -0.01327646  0.02997341]]
[[-0.11991223  0.04332477  0.03127174]]
[[-0.12198648 -0.09446865  0.03511979]]
[[-0.29013468 -0.09776213  0.04863152]]
[[-0.07560298 -0.01167764 -0.03631246]]
[[-0.08234189  0.02565881 -0.03438707]]
[[-0.20084969 -0.02093907  0.03839311]]
[[-0.28747596  0.16272106  0.04959108]]
[[-0.01206913 -0.0016284   0.0591598 ]]
[[-0.00930126  0.00359081  0.05642616]]
[[-0.11908135  0.06338584  0.03169411]]
[[-0.0815704   0.11633126  0.03236569]]
[[-0.0442676  -0.11264276  0.03222388]]
[[-0.05134637 -0.18948319  0.03214103]]
[[-0.08321887 -0.05962747 -0.03628886]]
[[-0.12653024 -0.02775171 -0.0325571 ]]
[[-0.18673165 -0.27920753  0.04601146]]
[[-0.94125667 -1.22307756  0.12077272]]
[[-0.0071173  -0.00754388  0.05925209]]
[[-0.00438409 -0.00311211  0.05481562]]
[[-0.01118849 -0.00298805 -0.06559049]]
[[-0.00852674  0.0041058  -0.06546307]]
[[-0.10392225 -0.01368201 -0.03324877]]
[[-0.12703365  0.05062478 -0.03007289]]
[[-1.01970074 -0.11266593  0.13284001]]
[[-0.93049401  1.43624508  0.14236949]]
[[-0.0067446  -0.00078033  0.05502008]]
[[-0.00425176  0.00303729  0.05253341]]
[[-0.00309952 -0.00058636  0.02872427]]
[[-0.00215048  0.0009992   0.02739128]]
[[-0.08392611  0.03296161 -0.03378774]]
[[-0.07204017  0.07969251 -0.03235683]]
[[-0.18928931  0.23547863  0.04040195]]
[[-0.04858688  0.19809864  0.03461718]]
[[-0.00678739  0.00542065  0.05485156]]
[[-0.00438311  0.00939999  0.05399658]]
[[-0.04158837  0.09851339  0.02891858]]
[[-0.01691275  0.09000421  0.02912798]]
[[-0.00556818 -0.08132616  0.02817662]]
[[ 0.00708937 -0.09474219  0.02911163]]
[[-0.04076773 -0.10238845 -0.03790561]]
[[-0.07071228 -0.13757807 -0.03852898]]
[[-0.00486025 -0.12604881  0.03202373]]
[[ 0.0383132  -0.19964592  0.03095637]]
[[-0.00232048 -0.01382182  0.05917524]]
[[  8.98186822e-05  -1.05443381e-02   5.75735344e-02]]
[[-0.00506765 -0.01149146 -0.0711578 ]]
[[-0.00254089 -0.0058071  -0.07263476]]
[[-0.12077013 -0.11742654 -0.03199459]]
[[-0.30816711 -0.12097602 -0.01697397]]
[[-0.00343743 -0.55367301  0.0398005 ]]
[[ 0.91837178 -1.43422314 -0.06978656]]
[[-0.00209699 -0.00667209  0.05567445]]
[[ 0.00010523 -0.00353274  0.05336182]]
[[-0.00125465 -0.00286079  0.02961857]]
[[-0.00035815 -0.00165891  0.02806498]]
[[-0.00054385 -0.00073061 -0.03307507]]
[[ 0.00036502  0.00087255 -0.03319304]]
[[-0.0057308  -0.0024688  -0.06745914]]
[[-0.00289554  0.00358683 -0.07013809]]
[[-0.21750993 -0.02700631 -0.02386729]]
[[-0.3095995   0.18026657 -0.01266705]]
[[-0.00596891  0.00040371  0.03687192]]
[[ 0.93004778  1.22643488 -0.04785738]]
[[-0.00204062 -0.00019792  0.05232782]]
[[ 0.00011357  0.00254963  0.05156348]]
[[-0.00124335 -0.00035556  0.02673568]]
[[-0.00035786  0.00080013  0.02675305]]
[[-0.00066726 -0.00017012  0.01734063]]
[[-0.00029565  0.00031059  0.01737479]]
[[-0.00564264  0.006461   -0.06805491]]
[[-0.00235075  0.01254663 -0.07162808]]
[[-0.12669427  0.07985822 -0.02999187]]
[[-0.0807629   0.14431787 -0.0305168 ]]
[[-0.00767359  0.55266046  0.0299799 ]]
[[ 0.03959504  0.18832059  0.03465459]]
[[-0.00207533  0.00581002  0.05161195]]
[[ 0.0001236   0.00876643  0.05253468]]
[[-0.0012543   0.00209462  0.02768633]]
[[-0.00032214  0.00328356  0.02926177]]
[[-0.04835912  0.08557863 -0.03414226]]
[[-0.02100689  0.09679387 -0.03353904]]
[[-0.00556293  0.12107454  0.02966582]]
[[ 0.00735528  0.08709673  0.0307609 ]]
[[-0.00222564  0.01235912  0.05351552]]
[[ 0.00023736  0.01512074  0.05418032]]
[[-0.00524096  0.07581422  0.02655214]]
[[ 0.00328839  0.06665387  0.02672114]]
[[ 0.03222853 -0.1038839   0.03416352]]
[[ 0.07182349 -0.11925358  0.03554984]]
[[-0.18408556 -0.33238275 -0.0253138 ]]
[[-0.9507238  -1.27667952  0.04448049]]
[[ 0.17841219 -0.23766613  0.02932027]]
[[ 0.27589194 -0.16178584  0.02300783]]
[[ 0.00246041 -0.0062031   0.05673475]]
[[ 0.00465323 -0.00420417  0.05617568]]
[[ 0.00039711 -0.00214367 -0.07546965]]
[[ 0.00382932  0.00286804 -0.08032139]]
[[-1.049181   -0.12316247  0.06634928]]
[[-0.94757425  1.46878225  0.07154275]]
[[ 1.00771713  0.11338352 -0.05905843]]
[[ 0.27729703  0.10005459  0.02536932]]
[[ 0.00227019  0.00026556  0.05270162]]
[[ 0.0045229   0.00202209  0.05375197]]
[[ 0.00053441 -0.00016402  0.02777877]]
[[ 0.00146499  0.00059681  0.02911244]]
[[-0.19998122  0.27249819 -0.02521557]]
[[-0.03524336  0.24180083 -0.03469097]]
[[ 0.17421844  0.27827976  0.02550659]]
[[ 0.07033923  0.10009421  0.03841771]]
[[ 0.00223826  0.00631228  0.05252738]]
[[ 0.0048002   0.00835389  0.05569289]]
[[ 0.02948074  0.10706962  0.03309906]]
[[ 0.02814089  0.07296578  0.03456272]]
[[ 0.10892458 -0.06710209  0.04005531]]
[[ 0.10900999 -0.04473364  0.04255165]]
[[ 0.00197351 -0.00819315 -0.04666112]]
[[ 0.98557024  1.25600387 -0.13904503]]
[[ 0.18791333  0.0206202   0.03590869]]
[[ 0.10831026  0.01838474  0.04334263]]
[[ 0.00698819  0.00069422  0.05628112]]
[[ 0.00951546  0.00150957  0.05780082]]
[[ 0.10599038  0.09062426  0.03944757]]
[[ 0.06571592  0.05216712  0.04283042]]
[[ 0.09082393  0.00929414  0.04480009]]
[[ 0.07570774  0.00665438  0.04511598]]
