[[-0.10062233 -0.01741615  0.03552354]]
[[-0.11843303  0.0384187   0.0387236 ]]
[[-0.1186476  -0.09833429  0.03552577]]
[[-0.28639563 -0.10325447  0.04982537]]
[[-0.08509604 -0.06665815 -0.03452134]]
[[-0.13452578 -0.06541194 -0.03089831]]
[[-0.19806532 -0.02576864  0.04298744]]
[[-0.28449028  0.15674971  0.05600893]]
[[-0.01133482 -0.00252182  0.05978963]]
[[-0.00856377  0.00248394  0.05720329]]
[[-0.11740308  0.05872361  0.0415755 ]]
[[-0.07965615  0.11137628  0.04444113]]
[[-0.04047794 -0.11446734  0.02780293]]
[[-0.04706011 -0.19296357  0.02711373]]
[[-0.03670088 -0.0833702  -0.03755043]]
[[-0.04029837 -0.10667216 -0.03641569]]
[[-0.18235514 -0.2830381   0.043884  ]]
[[-0.93638892 -1.22876715  0.1188226 ]]
[[-0.00630188 -0.00838122  0.0588058 ]]
[[-0.00356098 -0.00420218  0.05447033]]
[[-0.00662677 -0.00848466 -0.06909955]]
[[-0.00358926 -0.00291521 -0.07105937]]
[[-0.08732168 -0.12570132 -0.03182434]]
[[-0.19699466 -0.25016395 -0.02395368]]
[[-1.01546053 -0.11795497  0.13532856]]
[[-0.92587202  1.42939872  0.14629547]]
[[-0.00593313 -0.00171876  0.05523929]]
[[-0.00344996  0.00187742  0.05286922]]
[[-0.00283964 -0.0008679   0.02874492]]
[[-0.00189741  0.00064996  0.02743925]]
[[-0.30791858 -0.1705686  -0.01228379]]
[[-1.03859893  0.12330318  0.06869716]]
[[-0.18590942  0.2301262   0.04903359]]
[[-0.04486147  0.19212397  0.04495684]]
[[-0.00603553  0.00444906  0.0558132 ]]
[[-0.00363427  0.00823184  0.0550971 ]]
[[-0.03923187  0.09477107  0.04268472]]
[[-0.01415118  0.0864699   0.04334127]]
[[-0.00278818 -0.08087041  0.02149348]]
[[ 0.01014591 -0.0952167   0.02093263]]
[[-0.00529016 -0.07108958 -0.03883463]]
[[ 0.0033785  -0.08080874 -0.03974641]]
[[-0.00104092 -0.12717497  0.02504667]]
[[ 0.04255117 -0.2022249   0.02247559]]
[[-0.00155041 -0.0144477   0.05772953]]
[[ 0.00087224 -0.01143179  0.05613927]]
[[-0.00039811 -0.01499747 -0.06338753]]
[[ 0.00251617 -0.01128723 -0.06456393]]
[[-0.01084866 -0.09543353 -0.03645396]]
[[ 0.00319243 -0.13243336 -0.03753293]]
[[ 0.00144989 -0.55696581  0.03408172]]
[[ 0.92369867 -1.43949643 -0.07623365]]
[[-0.00126962 -0.00750092  0.05480007]]
[[ 0.0009414  -0.0045981   0.05254717]]
[[-0.00100051 -0.00314408  0.02938207]]
[[-0.00010536 -0.00200196  0.02785245]]
[[ 0.00031914 -0.0016541  -0.03281725]]
[[ 0.00123519 -0.00027351 -0.03306855]]
[[-0.00033479 -0.00787521 -0.06586104]]
[[ 0.0028377  -0.00358759 -0.06978355]]
[[-0.04588918 -0.21385181 -0.03131017]]
[[ 0.00178327 -0.57477823 -0.04079063]]
[[-0.00054206 -0.00494747  0.03554039]]
[[ 0.93579781  1.21921136 -0.04841925]]
[[-0.00118947 -0.0011516   0.05210356]]
[[ 0.00097268  0.00136101  0.05142403]]
[[-0.00098913 -0.00064079  0.02666111]]
[[-0.0001051   0.00045087  0.02670039]]
[[-0.00054951 -0.00030067  0.0173076 ]]
[[-0.00017875  0.00015165  0.01734868]]
[[-0.00028129  0.00030001 -0.07546545]]
[[ 0.00328997  0.00552522 -0.08062219]]
[[-0.93500196 -1.45295392  0.07485046]]
[[ 0.00474142  0.00717965 -0.03854721]]
[[-0.00258869  0.54675717  0.03561267]]
[[ 0.04491423  0.18143486  0.0413794 ]]
[[-0.00125354  0.00480309  0.05209954]]
[[ 0.00095499  0.00755027  0.05314197]]
[[-0.00100239  0.00178574  0.02777063]]
[[ -7.15155625e-05   2.90500672e-03   2.93719881e-02]]
[[-0.94063907  1.27064789  0.0506154 ]]
[[ 0.03452789  0.61424526 -0.03628522]]
[[-0.00140844  0.11673801  0.04104038]]
[[ 0.01174257  0.08258868  0.04205192]]
[[-0.00146147  0.01138038  0.05477875]]
[[ 0.00100922  0.01401334  0.05556092]]
[[-0.00210828  0.07405448  0.04023303]]
[[ 0.00664859  0.0650099   0.03911511]]
[[ 0.03557697 -0.10411374  0.02404227]]
[[ 0.07531578 -0.12072022  0.02323665]]
[[ 0.01966515 -0.09216934 -0.03829713]]
[[ 0.04843086 -0.11557436 -0.04103621]]
[[ 0.18301756 -0.24009777  0.01926051]]
[[ 0.28059913 -0.16609144  0.01165148]]
[[ 0.00328027 -0.00699188  0.05533436]]
[[ 0.00548944 -0.00522501  0.05479185]]
[[ 0.00585968 -0.00698909 -0.06734746]]
[[ 0.00934708 -0.0038005  -0.07297283]]
[[ 0.05678427 -0.20146176 -0.03729628]]
[[ 0.20778281 -0.29527294 -0.05463572]]
[[ 1.01339228  0.10840754 -0.06562851]]
[[ 0.28297964  0.09314782  0.01914393]]
[[ 0.00314154 -0.00066543  0.05197282]]
[[ 0.00541539  0.00084933  0.05307601]]
[[ 0.00079741 -0.00044916  0.02759571]]
[[ 0.00173238  0.00024808  0.02894504]]
[[ 0.95765018 -1.23721052 -0.12660228]]
[[ 1.06467807 -0.08875217 -0.14833693]]
[[ 0.18022955  0.27212301  0.02610663]]
[[ 0.07628366  0.09275768  0.03979917]]
[[ 0.00312605  0.00528655  0.05251148]]
[[ 0.00569259  0.00712387  0.05577577]]
[[ 0.03495802  0.10209335  0.04040358]]
[[ 0.03347398  0.06765892  0.04169248]]
[[ 0.11236342 -0.06867915  0.02586077]]
[[ 0.11214321 -0.04785856  0.02729916]]
[[ 0.10029356 -0.10055244 -0.04218795]]
[[ 0.14606331 -0.08759715 -0.04801188]]
[[ 0.19256656  0.01633475  0.02426397]]
[[ 0.11265863  0.01242298  0.03220442]]
[[ 0.00785211 -0.00019058  0.05496658]]
[[ 0.01037521  0.00040007  0.05653396]]
[[ 0.11155734  0.0846118   0.03425351]]
[[ 0.07082835  0.04517258  0.0386267 ]]
[[ 0.0935761   0.00579957  0.02984082]]
[[ 0.07794923  0.00200596  0.03131542]]
