[[-0.09183928 -0.01170707  0.02043852]]
[[-0.1100274   0.0412726   0.02038281]]
[[-0.11261727 -0.08989747  0.02210624]]
[[-0.28107877 -0.09668658  0.03365109]]
[[-0.01699065 -0.00338123  0.0154424 ]]
[[-0.01194914  0.00653125  0.01599531]]
[[-0.19124922 -0.01957493  0.02547909]]
[[-0.27835398  0.16055721  0.03487371]]
[[-0.00927    -0.00113105  0.05174631]]
[[-0.00685912  0.00307006  0.04910864]]
[[-0.1097135   0.06183574  0.01937948]]
[[-0.07301504  0.11113109  0.01886264]]
[[-0.03707112 -0.10466168  0.01785588]]
[[-0.0444901  -0.18402595  0.01492888]]
[[-0.00719997 -0.01553305  0.01180111]]
[[-0.00225807 -0.00784424  0.01362873]]
[[-0.17859177 -0.27436998  0.02933911]]
[[-0.93336824 -1.22138122  0.10096331]]
[[-0.00501401 -0.00612909  0.05141469]]
[[-0.00264873 -0.00260108  0.04730759]]
[[-0.00455534 -0.01159837 -0.00281122]]
[[ 0.97208639  1.28858554 -0.09706915]]
[[-0.00696713 -0.00208507  0.01620782]]
[[-0.00220087  0.00536361  0.01533425]]
[[-1.01097628 -0.11133584  0.11535407]]
[[-0.92240414  1.43394007  0.12248081]]
[[-0.0046578  -0.00039704  0.0477136 ]]
[[-0.00251304  0.00259165  0.04522991]]
[[-0.002293   -0.00041874  0.02467997]]
[[-0.0014989   0.00083914  0.02346225]]
[[-0.00713185  0.01097433  0.01430115]]
[[-0.00259314  0.0178642   0.01138085]]
[[-0.1808815   0.23333016  0.02408359]]
[[-0.04131459  0.19231027  0.01730656]]
[[-0.00469777  0.00486028  0.04741695]]
[[-0.00266032  0.00795701  0.04629924]]
[[-0.03408087  0.0931961   0.01500992]]
[[-0.01081002  0.08155043  0.01527059]]
[[-0.00158997 -0.07085616  0.01523725]]
[[ 0.01058531 -0.08519159  0.01284585]]
[[ 0.00128299 -0.02529424  0.00242401]]
[[ 0.00568546 -0.02075506  0.00393118]]
[[ 0.00030876 -0.11738879  0.01491748]]
[[ 0.04313904 -0.19289568  0.00981665]]
[[-0.00100913 -0.01142096  0.05074087]]
[[ 0.00108415 -0.00882277  0.04906705]]
[[ 0.20200465 -0.315683   -0.02667804]]
[[ 0.32407367 -0.23180784 -0.04016451]]
[[ 0.00210653 -0.01405761  0.00925705]]
[[ 0.00636963 -0.00852849  0.0099903 ]]
[[ 0.00306044 -0.54816437  0.01864721]]
[[ 0.924293   -1.4316431  -0.09501525]]
[[-0.00072945 -0.0053449   0.04775507]]
[[ 0.00117754 -0.00291163  0.045412  ]]
[[-0.00074695 -0.00233222  0.02533992]]
[[  1.00925488e-05  -1.39675145e-03   2.39279976e-02]]
[[ 0.00546963 -0.00205078 -0.09105269]]
[[ 0.00897146  0.0029589  -0.08658312]]
[[ 1.09078624  0.09395935 -0.1206909 ]]
[[ 0.34018112  0.11377764 -0.03611016]]
[[ 0.00231896 -0.00107569  0.01383581]]
[[ 0.00641581  0.00414215  0.01202675]]
[[ 0.00132732  0.0017348   0.01372965]]
[[ 0.93624758  1.22413792 -0.07348025]]
[[-0.00062576  0.0001194   0.04481056]]
[[ 0.00120617  0.00216459  0.04375176]]
[[-0.0007386  -0.00022897  0.02284411]]
[[  1.21241015e-05   6.72355781e-04   2.27841140e-02]]
[[-0.00042136 -0.00011267  0.0150053 ]]
[[-0.0001049   0.00025934  0.01500949]]
[[ 0.20537987  0.35211658 -0.02838932]]
[[ 0.09149346  0.15026255 -0.01699707]]
[[ 0.00193326  0.01160993  0.01242327]]
[[ 0.00579134  0.01626829  0.00902582]]
[[-0.0006387   0.54967741  0.00854065]]
[[ 0.04510914  0.18183754  0.01263005]]
[[-0.00067099  0.00516009  0.04404516]]
[[ 0.00116779  0.00736623  0.04440346]]
[[-0.0007469   0.00183545  0.02364228]]
[[  4.67583723e-05   2.76460132e-03   2.49187995e-02]]
[[ 0.00116644  0.02297916  0.00736318]]
[[ 0.00516858  0.0262726   0.00442429]]
[[ 0.00037155  0.1146288   0.01236341]]
[[ 0.01165146  0.07786213  0.01368411]]
[[-0.00086663  0.01064956  0.04547348]]
[[ 0.00118618  0.0126974   0.04563255]]
[[-0.00057701  0.06698502  0.01339332]]
[[ 0.00631843  0.05612498  0.01416039]]
[[ 0.03501529 -0.0944019   0.01337031]]
[[ 0.07375332 -0.1111668   0.01004168]]
[[ 0.01030095 -0.01266925  0.00542672]]
[[ 0.01443216 -0.00918146  0.00534791]]
[[ 0.1824328  -0.23154941  0.00340328]]
[[ 0.27866881 -0.15826295 -0.0069263 ]]
[[ 0.00313653 -0.004884    0.04796563]]
[[ 0.00501235 -0.0034378   0.04706841]]
[[ 0.24451417  0.0058186  -0.02929609]]
[[ 0.15531356  0.01980628 -0.02352783]]
[[ 0.01052093 -0.00017803  0.00934121]]
[[ 0.01439621  0.00290039  0.00734385]]
[[ 1.01246068  0.1146516  -0.08771916]]
[[ 0.28036734  0.09805597 -0.00518158]]
[[ 0.00302187  0.00052654  0.04442991]]
[[ 0.00491395  0.00170995  0.04487523]]
[[  7.72933803e-04  -6.45347763e-05   2.36032916e-02]]
[[ 0.00157242  0.00050384  0.02466491]]
[[ 0.01007733  0.01198658  0.00883281]]
[[ 0.01407304  0.01479509  0.0057258 ]]
[[ 0.17889087  0.2744716  -0.00118421]]
[[ 0.07310482  0.09326166  0.01154137]]
[[ 0.00298063  0.00554422  0.04412823]]
[[ 0.00512139  0.00698396  0.0463654 ]]
[[ 0.03330483  0.09936723  0.01141989]]
[[ 0.02992135  0.06315368  0.01331262]]
[[ 0.10934965 -0.06070732  0.00998163]]
[[ 0.10759063 -0.04031446  0.00955394]]
[[ 0.01842599  0.00066028  0.00439348]]
[[ 0.02213732  0.00195047  0.00269384]]
[[ 0.18887506  0.02170648  0.00335772]]
[[ 0.10717973  0.01698084  0.00978834]]
[[ 0.00696724  0.00089208  0.04671162]]
[[ 0.00906248  0.00129373  0.04755843]]
[[ 0.10709004  0.08615927  0.00847966]]
[[ 0.06455747  0.04553086  0.01220082]]
[[ 0.08725455  0.01010702  0.01068397]]
[[ 0.07002775  0.00596921  0.01136095]]
