[[-0.14030101 -0.00153414  0.00757768]]
[[-0.15593361  0.0735243   0.00802307]]
[[-0.19924948 -0.0968181   0.01067069]]
[[-0.387262   -0.05077857  0.02397542]]
[[-0.01582974  0.00157882 -0.07751331]]
[[-0.01185973  0.00995998 -0.07273806]]
[[-0.25737372  0.00524658  0.01346465]]
[[-0.33649372  0.21725147  0.02345388]]
[[-0.01842832  0.00183759  0.07813425]]
[[-0.01426014  0.00964463  0.07343739]]
[[-0.1491185   0.09406434  0.00623054]]
[[-0.10245597  0.15667632  0.00607433]]
[[-0.15140199 -0.19129206  0.00948524]]
[[-0.33100491 -0.2745922   0.0204224 ]]
[[-0.00953985 -0.00644675 -0.08449398]]
[[-0.00565775  0.00133607 -0.07766014]]
[[-0.37163709 -0.28750396  0.02587249]]
[[-1.21570522 -1.0525841   0.10801099]]
[[-0.01208838 -0.00623307  0.08512674]]
[[-0.00788028  0.00088516  0.07810641]]
[[-0.0025388   0.00011346 -0.03763855]]
[[-0.0012426   0.00252586 -0.0354718 ]]
[[-0.00881338  0.00322098 -0.07433923]]
[[-0.00511618  0.00969538 -0.06969601]]
[[-1.1191026  -0.04602134  0.10539062]]
[[-0.99525333  1.54563506  0.11244704]]
[[-0.01112873  0.00361663  0.07481854]]
[[-0.00721276  0.00942066  0.07015845]]
[[-0.00429363  0.00019946  0.03711727]]
[[-0.00296955  0.00239593  0.03518823]]
[[-0.00825878  0.01146787 -0.06981414]]
[[-0.00470316  0.01779831 -0.06703712]]
[[-0.22332891  0.28841612  0.01124747]]
[[-0.06606026  0.25422738  0.0050541 ]]
[[-0.01048885  0.01192413  0.06994954]]
[[-0.00681816  0.01754525  0.06746644]]
[[-0.0541965   0.13360773  0.00136166]]
[[-0.02262231  0.12311308  0.00225826]]
[[-0.03654343 -0.17919854  0.00309475]]
[[-0.03600433 -0.27652245 -0.00101149]]
[[-0.00235174 -0.01669127 -0.09049051]]
[[ 0.00127715 -0.01004316 -0.08856517]]
[[-0.18489    -0.39214106  0.01623713]]
[[-0.89995229 -1.40850511  0.08348129]]
[[-0.00493068 -0.01630408  0.09104717]]
[[-0.00110146 -0.01048712  0.08860428]]
[[ -3.27306214e-06  -2.96985471e-03  -3.91325800e-02]]
[[ 0.00123013 -0.00105227 -0.03677364]]
[[-0.0023578  -0.00514967 -0.08235867]]
[[ 0.00106339  0.00075655 -0.07811473]]
[[-1.01581671 -0.65229577  0.10657043]]
[[-0.00589972  0.01342595  0.00016954]]
[[-0.0046023  -0.00470696  0.08272662]]
[[-0.00102982  0.00040809  0.07819829]]
[[-0.00178461 -0.00284699  0.03909923]]
[[-0.0005248  -0.00117373  0.03690238]]
[[  1.76869628e-04   8.17121530e-05  -2.15362510e-02]]
[[ 0.00066606  0.00084846 -0.02136664]]
[[ -1.13214640e-05   4.40933443e-04  -3.48924500e-02]]
[[ 0.00122257  0.00223253 -0.03435359]]
[[-0.00222359  0.00439603 -0.07305607]]
[[ 0.00118127  0.00935128 -0.07029326]]
[[-0.18456179  0.2411477   0.0101074 ]]
[[ 0.89032806  1.42117259 -0.08354806]]
[[-0.00426741  0.00486753  0.07319322]]
[[-0.00084351  0.00904225  0.07042203]]
[[-0.00175372  0.00054626  0.03478255]]
[[-0.00050199  0.00215013  0.0345197 ]]
[[-0.0008393   0.00014423  0.02147662]]
[[-0.00034318  0.00077532  0.02144402]]
[[ -2.62826541e-05   3.77838443e-03  -3.54126628e-02]]
[[ 0.00128102  0.00563979 -0.03669723]]
[[-0.00185533  0.01251309 -0.06734317]]
[[ 0.00156997  0.01732887 -0.06640257]]
[[-0.03524919  0.63980096 -0.00479053]]
[[  3.35405638e-02   2.57408549e-01   3.88231440e-05]]
[[-0.00388903  0.01293704  0.06720444]]
[[-0.00051102  0.01702253  0.06664449]]
[[-0.00172526  0.0038854   0.03524079]]
[[-0.00040549  0.00552268  0.03688422]]
[[-0.00152163  0.02069299 -0.06555875]]
[[ 0.00215055  0.02472913 -0.06423395]]
[[-0.01244223  0.16559438 -0.00106031]]
[[ 0.00725405  0.12343347  0.00056631]]
[[-0.00361054  0.02105468  0.06521793]]
[[  4.58613483e-05   2.44162401e-02   6.45633538e-02]]
[[-0.00675472  0.10265714 -0.00051113]]
[[ 0.00498927  0.08829245  0.00023885]]
[[ 0.03345965 -0.64944657  0.00329048]]
[[ 0.99536992 -1.54129688 -0.11481853]]
[[ 0.00494228 -0.0045575  -0.08611388]]
[[ 0.00853807 -0.00037575 -0.08369005]]
[[ 0.17483329 -0.220869   -0.01066946]]
[[ 1.21023691  1.07909741 -0.10849471]]
[[ 0.00261212 -0.00390659  0.08618887]]
[[ 0.00614852 -0.00064419  0.08343693]]
[[ 0.00247774  0.00070865 -0.03586303]]
[[ 0.0037895   0.00197992 -0.03698329]]
[[ 0.00448008  0.00521619 -0.07548219]]
[[ 0.00812984  0.00862832 -0.07442876]]
[[ 1.0058681   0.67283485 -0.10670791]]
[[ 0.32165731  0.28610405 -0.01993764]]
[[ 0.00233508  0.00570879  0.07522006]]
[[ 0.00582684  0.00828818  0.07427304]]
[[ 0.00071769  0.00083378  0.03622   ]]
[[ 0.00204078  0.00188703  0.03755849]]
[[ 0.00452698  0.01356991 -0.06985276]]
[[ 0.00859569  0.01697847 -0.07130161]]
[[ 0.17550968  0.38883351 -0.01598009]]
[[ 0.08173096  0.16789635 -0.00242685]]
[[ 0.00238325  0.01393694  0.06946016]]
[[ 0.00629615  0.01658371  0.07132825]]
[[ 0.03199542  0.15719659 -0.00295718]]
[[ 0.03551304  0.10898175 -0.00149065]]
[[ 1.12492095  0.0629016  -0.10865423]]
[[ 0.39517816  0.0663028  -0.02645505]]
[[ 0.01223817  0.00574837 -0.081225  ]]
[[ 0.01614796  0.00762694 -0.08003614]]
[[ 0.36667675  0.30571666 -0.02626631]]
[[ 0.18014306  0.1144691  -0.00749438]]
[[ 0.00969658  0.00626716  0.08073862]]
[[ 0.0135329   0.00728303  0.07974667]]
[[ 0.13754954  0.18593377 -0.00807357]]
[[ 0.09147591  0.10558738 -0.00414705]]
[[ 0.20019052  0.10095992 -0.01146992]]
[[ 0.13600606  0.04992861 -0.00758419]]
