[[-0.14485595 -0.0181835   0.00778492]]
[[-0.16999593  0.05930816  0.00823088]]
[[-0.17841889 -0.12594167  0.00995298]]
[[-0.38407394 -0.11054421  0.0232526 ]]
[[-0.01588157 -0.0023722  -0.0779278 ]]
[[-0.01218028  0.00609407 -0.07507164]]
[[-0.27106202 -0.02728798  0.01404276]]
[[-0.37989156  0.19969385  0.02498838]]
[[-0.01846422 -0.00209403  0.07878869]]
[[-0.01459002  0.00578202  0.07592921]]
[[-0.17323624  0.08253279  0.00699662]]
[[-0.13036591  0.16381871  0.0069858 ]]
[[-0.08195883 -0.16919752  0.00567196]]
[[-0.11768826 -0.27250863  0.00333869]]
[[-0.00924057 -0.01086693 -0.0803631 ]]
[[-0.0056492  -0.00334164 -0.075833  ]]
[[-0.28422122 -0.35534234  0.02042593]]
[[-1.21415373 -1.31515879  0.10600732]]
[[-0.01158992 -0.0107291   0.08105496]]
[[-0.0077009  -0.00391104  0.07623142]]
[[-0.00261292 -0.00081791 -0.03772897]]
[[-0.0013174   0.00164664 -0.03589285]]
[[-0.00885104 -0.00115304 -0.0746569 ]]
[[-0.00544667  0.00546712 -0.07215006]]
[[-1.19787928 -0.12995861  0.11160681]]
[[-1.20107066  1.59343813  0.12924127]]
[[-0.01107187 -0.00081476  0.07538018]]
[[-0.00744842  0.00511489  0.07275014]]
[[-0.0043528  -0.00071227  0.03720828]]
[[-0.00304266  0.00152034  0.03557088]]
[[-0.00873338  0.00765548 -0.07392075]]
[[-0.00529507  0.01458941 -0.07289382]]
[[-0.28606719  0.29152189  0.01404903]]
[[-0.11263792  0.29737537  0.00732514]]
[[-0.0109773   0.00820009  0.07434718]]
[[-0.00742585  0.01435139  0.07344037]]
[[-0.07664074  0.14576794  0.00196809]]
[[-0.03598791  0.14307967  0.00286908]]
[[-0.01477115 -0.12946816  0.0019733 ]]
[[-0.0006966  -0.16033546 -0.00159954]]
[[-0.00217071 -0.02048051 -0.0813734 ]]
[[ 0.00112359 -0.01458137 -0.08147288]]
[[-0.03352151 -0.21245718  0.00323702]]
[[-0.00483924 -0.37074839 -0.00281592]]
[[-0.00449201 -0.02012311  0.08177335]]
[[-0.00104754 -0.0150345   0.08118849]]
[[ -6.30423990e-05  -3.98325348e-03  -3.85965963e-02]]
[[ 0.00116595 -0.00202858 -0.03659775]]
[[-0.00230867 -0.0098549  -0.07789477]]
[[ 0.00078197 -0.00408962 -0.07622994]]
[[-0.17808895 -0.81838959  0.01985659]]
[[-0.01527765 -2.65041277 -0.02139463]]
[[-0.00434922 -0.00952315  0.07821197]]
[[-0.00111224 -0.00455495  0.07613145]]
[[-0.0018072  -0.0038565   0.03854816]]
[[-0.00056623 -0.00215738  0.03666961]]
[[ 0.00015565 -0.00024383 -0.02159054]]
[[ 0.00064415  0.00053706 -0.02150673]]
[[ -6.52706579e-05  -4.95012941e-04  -3.49980047e-02]]
[[ 0.00116469  0.001349   -0.0347973 ]]
[[-0.00242091 -0.00030008 -0.0734615 ]]
[[ 0.00079128  0.00493932 -0.07312053]]
[[-1.01339177 -0.10986923  0.10137188]]
[[ 0.00807913  2.65809401  0.02160791]]
[[ -4.28956835e-03   8.43866667e-05   7.37509859e-02]]
[[-0.00105941  0.00449436  0.07322111]]
[[-0.00179536 -0.00038736  0.03487622]]
[[-0.00056166  0.00125368  0.03492148]]
[[-0.00085894 -0.00017956  0.02152112]]
[[-0.0003675   0.00046134  0.02156407]]
[[ -8.59818012e-05   2.90087880e-03  -3.61286925e-02]]
[[ 0.00121838  0.00482878 -0.03774008]]
[[-0.00227362  0.00848428 -0.07174735]]
[[ 0.00114535  0.01403014 -0.07277177]]
[[-0.18458218  0.78005634  0.00508753]]
[[-0.00046428  0.37147067  0.00278286]]
[[-0.0042146   0.00893594  0.07184444]]
[[-0.00088221  0.01362737  0.07305056]]
[[-0.00179704  0.00301024  0.03594697]]
[[-0.0004937   0.00469441  0.03789614]]
[[-0.0020389   0.01800043 -0.0727915 ]]
[[ 0.00176546  0.02310988 -0.07254834]]
[[-0.03350815  0.20071651 -0.00070489]]
[[ 0.00097553  0.15231712  0.00094414]]
[[-0.00417243  0.01845554  0.07259515]]
[[-0.00043589  0.02272376  0.07292282]]
[[-0.01318559  0.11972863 -0.00043989]]
[[ 0.00326076  0.10387793  0.000383  ]]
[[  3.36254567e-02  -2.07947154e-01   7.14889716e-05]]
[[ 0.11289531 -0.30270771 -0.00825112]]
[[ 0.00457077 -0.0094406  -0.08141932]]
[[ 0.00796364 -0.00522472 -0.08192914]]
[[ 0.1784968  -0.77801611 -0.0051233 ]]
[[ 1.19548103 -1.58735011 -0.12928542]]
[[ 0.00243115 -0.00888384  0.08132799]]
[[ 0.00574718 -0.00557224  0.08131583]]
[[ 0.00242721 -0.00022755 -0.03600635]]
[[ 0.00373415  0.00110027 -0.03748552]]
[[ 0.00408737  0.00039937 -0.07615174]]
[[ 0.00773441  0.00426925 -0.07781648]]
[[ 1.00639429  0.11611548 -0.10129959]]
[[ 1.20947716  1.32314809 -0.10602354]]
[[ 0.00213947  0.00081397  0.07584618]]
[[ 0.0055795   0.00375854  0.07739864]]
[[ 0.00067542 -0.00011712  0.03633965]]
[[ 0.00197876  0.00097798  0.03801587]]
[[ 0.00418836  0.00949492 -0.07488437]]
[[ 0.00836394  0.01374505 -0.07846128]]
[[ 0.17189197  0.82197649 -0.01981086]]
[[ 0.11331904  0.27488386 -0.00341503]]
[[ 0.00217294  0.00981472  0.07454299]]
[[ 0.00609241  0.01313624  0.07839901]]
[[ 0.03054359  0.21049241 -0.00346408]]
[[ 0.04161147  0.13749364 -0.00163575]]
[[ 0.28772995 -0.29304108 -0.01521673]]
[[ 0.38409679 -0.19828516 -0.02644662]]
[[ 0.01174649  0.00104867 -0.08232199]]
[[ 0.01583865  0.00352688 -0.08392942]]
[[ 1.19514732  0.13651833 -0.11202829]]
[[ 0.38440479  0.11638796 -0.02385197]]
[[ 0.00932367  0.0014909   0.08158474]]
[[ 0.01323381  0.00298699  0.08323768]]
[[ 0.28118866  0.36069758 -0.02069842]]
[[ 0.13783378  0.1409386  -0.00612694]]
[[ 0.27658365  0.03216252 -0.01552153]]
[[ 0.17984305  0.02509297 -0.00954471]]
