[[-0.09197953 -0.01197463 -0.01027794]]
[[-0.11016692  0.04128881 -0.00913827]]
[[-0.11272148 -0.09015956 -0.0082819 ]]
[[-0.28117238 -0.0966797   0.00529473]]
[[-0.00776778 -0.00138765 -0.05122629]]
[[-0.00548533  0.00326215 -0.0486459 ]]
[[-0.19136418 -0.01983772 -0.00311274]]
[[-0.27845786  0.16055303  0.00708447]]
[[-0.02080303 -0.00445964  0.00125421]]
[[-0.01688429  0.00572391 -0.00223381]]
[[-0.1098367   0.06156634 -0.00981944]]
[[-0.07312621  0.11114091 -0.01013016]]
[[-0.03714782 -0.10489457 -0.01149777]]
[[-0.0445578  -0.18400556 -0.01267156]]
[[-0.00367681 -0.00631956 -0.05105312]]
[[-0.00148941 -0.00230442 -0.04719147]]
[[-0.17866565 -0.27461715  0.00116877]]
[[-0.93343478 -1.22138394  0.07351847]]
[[-0.01252943 -0.01560043 -0.00060464]]
[[-0.00860142 -0.00729648 -0.0059042 ]]
[[-0.00123298 -0.00051875 -0.02495209]]
[[-0.00045497  0.00091204 -0.02362475]]
[[-0.00341164 -0.00067531 -0.04737619]]
[[-0.00138194  0.00280477 -0.04501375]]
[[-1.01105497 -0.11159757  0.08777907]]
[[-0.92247472  1.43392448  0.09503194]]
[[-0.01283381 -0.0035226  -0.00459955]]
[[-0.00883985  0.00491436 -0.00858531]]
[[-0.15316133 -0.05271679  0.02392024]]
[[-0.24297649  0.04705387  0.02909161]]
[[-0.00341896  0.00448568 -0.04724145]]
[[-0.00143255  0.00812002 -0.04606991]]
[[-0.18096801  0.23306381 -0.00349156]]
[[-0.04139134  0.19230104 -0.00994861]]
[[-0.01282498  0.00841501 -0.00530904]]
[[-0.00849069  0.01704385 -0.00694715]]
[[-0.03417323  0.09294298 -0.01352949]]
[[-0.0108955   0.08156903 -0.01272931]]
[[-0.00166866 -0.07104607 -0.01329387]]
[[ 0.01050502 -0.08512863 -0.0150783 ]]
[[ 0.00032924 -0.01172544 -0.05051414]]
[[ 0.00234207 -0.00861582 -0.04928113]]
[[ 0.00024059 -0.11760082 -0.0123922 ]]
[[ 0.04306802 -0.19287118 -0.01711446]]
[[-0.00357292 -0.02567153  0.00095584]]
[[ 0.00016653 -0.02063905 -0.00419621]]
[[ 0.00030195 -0.00244216 -0.02533038]]
[[ 0.00104405 -0.00131845 -0.02386073]]
[[ 0.00044732 -0.00563878 -0.04766703]]
[[ 0.00229541 -0.00269427 -0.0456032 ]]
[[ 0.0029999  -0.54840411 -0.00843893]]
[[ 0.92422773 -1.43164697 -0.122295  ]]
[[-0.00408839 -0.01504613 -0.0054096 ]]
[[-0.0004022  -0.00867549 -0.01108516]]
[[-0.09011491 -0.16860295  0.01973003]]
[[-0.20977543 -0.30083716  0.02239476]]
[[ 0.00021866 -0.00017534 -0.01502575]]
[[ 0.00053067  0.00030855 -0.01495798]]
[[ 0.00030107 -0.00032741 -0.02288733]]
[[ 0.00104297  0.00072642 -0.02269172]]
[[ 0.00045178 -0.0001646  -0.04479893]]
[[ 0.00230155  0.00241122 -0.04384984]]
[[ 0.00126793  0.00147222 -0.01374343]]
[[ 0.93618445  1.22412036 -0.1009536 ]]
[[-0.00474228 -0.00292571 -0.01080513]]
[[-0.00068793  0.00402924 -0.01461878]]
[[-0.33714935 -0.18661249  0.0378183 ]]
[[-1.08881547  0.149938    0.11975959]]
[[-0.00884842 -0.00396215  0.08650971]]
[[-0.00536399  0.00269211  0.09087942]]
[[ 0.00028315  0.00173009 -0.02372717]]
[[ 0.00107138  0.00283952 -0.02481286]]
[[ 0.00045117  0.00487252 -0.04411596]]
[[ 0.0023518   0.00760859 -0.04435188]]
[[-0.00070033  0.54941071 -0.01872592]]
[[ 0.04504433  0.18182167 -0.0144434 ]]
[[-0.00480405  0.00954936 -0.0114268 ]]
[[-0.00042042  0.0165524  -0.01223044]]
[[-0.32573119  0.15651778  0.03625051]]
[[-0.19855741  0.36009398  0.03130149]]
[[ 0.00037349  0.01034124 -0.04565727]]
[[ 0.00245731  0.01291434 -0.04549436]]
[[ 0.00030301  0.11437718 -0.01454443]]
[[ 0.01157739  0.07786443 -0.01360262]]
[[-0.00431098  0.02144309 -0.00786162]]
[[ 0.00035186  0.02680388 -0.00706768]]
[[-0.00065691  0.0667509  -0.01450063]]
[[ 0.00623034  0.05616296 -0.01434127]]
[[ 0.03493126 -0.09460917 -0.01465453]]
[[ 0.07365227 -0.11112418 -0.018524  ]]
[[ 0.00439615 -0.00527137 -0.04809556]]
[[ 0.00632335 -0.00328039 -0.04748652]]
[[ 0.18235519 -0.23178802 -0.02386774]]
[[ 0.27857404 -0.15825802 -0.03451856]]
[[ 0.00435923 -0.01468967 -0.00928021]]
[[ 0.00860772 -0.01010094 -0.01446589]]
[[ 0.00181224 -0.00016457 -0.02339116]]
[[ 0.00260701  0.00057628 -0.02435196]]
[[ 0.00419363  0.0002463  -0.04472513]]
[[ 0.00619441  0.00196703 -0.04520262]]
[[ 1.01238915  0.11438901 -0.1151722 ]]
[[ 0.2802798   0.09804458 -0.03276077]]
[[ 0.00381364 -0.00228073 -0.01566497]]
[[ 0.008415    0.0029151  -0.01846702]]
[[-0.96045699 -1.50221482  0.11928227]]
[[ 0.00277241  0.0098621   0.001851  ]]
[[ 0.00417567  0.00533388 -0.04443219]]
[[ 0.00643172  0.00730455 -0.04649739]]
[[ 0.17882286  0.27420335 -0.02861949]]
[[ 0.07301964  0.0932494  -0.01661806]]
[[ 0.00366555  0.01070513 -0.016573  ]]
[[ 0.0086944   0.01586115 -0.01619114]]
[[ 0.03323216  0.0991032  -0.01615829]]
[[ 0.02982875  0.06315626 -0.01601749]]
[[ 0.10923363 -0.06095101 -0.01903116]]
[[ 0.10745184 -0.04028904 -0.0196654 ]]
[[ 0.00837052  0.00060393 -0.04716432]]
[[ 0.01050755  0.00155427 -0.04798774]]
[[ 0.1887651   0.02144437 -0.02443961]]
[[ 0.1070497   0.01698355 -0.01881032]]
[[ 0.01338418 -0.00139567 -0.0177169 ]]
[[ 0.01822892  0.00183884 -0.01891487]]
[[ 0.10698689  0.08588302 -0.01986952]]
[[ 0.0644314   0.04552967 -0.01817733]]
[[ 0.08710255  0.00984075 -0.01884796]]
[[ 0.06986186  0.0059894  -0.01936353]]
