[[-0.0923017  -0.01140011  0.01959549]]
[[-0.11050194  0.04166592  0.01957095]]
[[-0.11315837 -0.08951572  0.02179438]]
[[-0.28162399 -0.09618457  0.03335622]]
[[-0.01967949 -0.00114694  0.00439376]]
[[-0.01522754  0.008671    0.00535022]]
[[-0.19177041 -0.01924008  0.02491706]]
[[-0.27887243  0.16098304  0.03434456]]
[[-0.00944833 -0.00103198  0.0516342 ]]
[[-0.00703192  0.00320848  0.04900392]]
[[-0.11019894  0.06208737  0.01859147]]
[[-0.07350184  0.11147022  0.01812789]]
[[-0.03760966 -0.10430714  0.01812541]]
[[-0.04502842 -0.18353154  0.01518632]]
[[-0.01169103 -0.01204435  0.00999632]]
[[-0.00713959 -0.00344654  0.01186208]]
[[-0.17915613 -0.2739776   0.0293135 ]]
[[-0.93393091 -1.22087316  0.10094677]]
[[-0.00518546 -0.0060202   0.05142965]]
[[-0.00281414 -0.00245466  0.04732303]]
[[-0.34263434  0.09612484  0.01437349]]
[[-0.21889839  0.31323641  0.00629755]]
[[-0.0113951   0.0005004   0.00898055]]
[[-0.00680624  0.00825247  0.00940482]]
[[-1.01153141 -0.11098098  0.11506667]]
[[-0.92295501  1.4343961   0.12222195]]
[[-0.00482898 -0.00029282  0.04766862]]
[[-0.00267698  0.00273111  0.04519033]]
[[-0.00237034 -0.00037508  0.02467313]]
[[-0.00157291  0.00090051  0.02345668]]
[[-0.01079082  0.01152189  0.00529887]]
[[-0.00625265  0.01889509  0.00477782]]
[[-0.18140265  0.23360528  0.02358339]]
[[-0.04182574  0.19267956  0.01686303]]
[[-0.00486605  0.00495995  0.04731486]]
[[-0.00282251  0.00809549  0.04620448]]
[[-0.03456566  0.09339342  0.01433947]]
[[-0.01127938  0.08183951  0.0146849 ]]
[[-0.00205327 -0.07060494  0.01602847]]
[[ 0.01012376 -0.08480688  0.01364473]]
[[-0.00212857 -0.02369731  0.0099754 ]]
[[ 0.00223292 -0.01798101  0.01236588]]
[[-0.00019947 -0.11705256  0.01543943]]
[[ 0.04263282 -0.19244103  0.01033969]]
[[-0.00117278 -0.01130806  0.05089169]]
[[ 0.00092367 -0.00867207  0.04921458]]
[[-0.95457099 -1.50540531  0.09640523]]
[[ 0.00646365 -0.00440401 -0.02033803]]
[[-0.00245946 -0.01102014  0.01326951]]
[[ 0.00187839 -0.00460853  0.01441507]]
[[ 0.00251143 -0.54778878  0.01889362]]
[[ 0.92374683 -1.43115345 -0.09475788]]
[[-0.00089338 -0.00523214  0.04783035]]
[[ 0.00101659 -0.00276674  0.04548743]]
[[-0.00082039 -0.00228356  0.02537496]]
[[ -6.17898768e-05  -1.33294040e-03   2.39629376e-02]]
[[-0.00046429  0.00093732 -0.08814515]]
[[ 0.00339601  0.00637507 -0.08502933]]
[[-0.97114176  1.25876821  0.0776617 ]]
[[ 0.00401845  0.60123087 -0.0103683 ]]
[[-0.00270688  0.00170134  0.01269313]]
[[ 0.00172905  0.00749115  0.01198112]]
[[ 0.00076011  0.00209843  0.01371605]]
[[ 0.93569151  1.22460946 -0.07346688]]
[[-0.0007898   0.000226    0.04482496]]
[[ 0.00104471  0.00230595  0.0437712 ]]
[[-0.00081101 -0.00018383  0.02285699]]
[[ -5.92545350e-05   7.33279031e-04   2.27987622e-02]]
[[ -4.62684540e-04  -8.76254751e-05   1.50153895e-02]]
[[-0.0001458   0.00029358  0.01502054]]
[[-0.05753393  0.22844687 -0.0130426 ]]
[[ 0.00713899  0.15943407 -0.01571154]]
[[-0.00250828  0.01287137  0.008354  ]]
[[ 0.00185045  0.01819642  0.00682466]]
[[-0.00118538  0.54998334  0.0083106 ]]
[[ 0.04458148  0.18224557  0.01245269]]
[[-0.00083223  0.00526218  0.04400751]]
[[ 0.0010087   0.00750538  0.04437282]]
[[-0.00081914  0.0018821   0.02363687]]
[[ -2.51312184e-05   2.82859199e-03   2.49161549e-02]]
[[-0.0021767   0.02304895  0.003038  ]]
[[ 0.00225873  0.02706637  0.00183273]]
[[-0.000128    0.11485955  0.01197772]]
[[ 0.01117083  0.07818866  0.01336572]]
[[-0.00102543  0.01075099  0.0453827 ]]
[[ 0.00102901  0.01283184  0.04554987]]
[[-0.00102808  0.06714676  0.01288396]]
[[ 0.0058834   0.05636774  0.01372545]]
[[ 0.03454374 -0.09409606  0.01417373]]
[[ 0.073284   -0.11074961  0.01086024]]
[[ 0.00693778 -0.01033655  0.01429332]]
[[ 0.011435   -0.00612785  0.01408609]]
[[ 0.18192183 -0.23120206  0.00392253]]
[[ 0.27816698 -0.15780774 -0.00639883]]
[[ 0.00297299 -0.00477097  0.04810904]]
[[ 0.00484744 -0.00329259  0.04721455]]
[[ 0.96832483  1.47413092 -0.1349697 ]]
[[ 0.23838814  0.26192706 -0.03628853]]
[[ 0.00634782  0.00254667  0.01393391]]
[[ 0.01080035  0.00615472  0.01198559]]
[[ 1.01191624  0.11501028 -0.08746044]]
[[ 0.27983941  0.09852209 -0.0049009 ]]
[[ 0.00285862  0.00063271  0.04450491]]
[[ 0.00474855  0.00185156  0.04495802]]
[[  6.99283097e-04  -1.89757151e-05   2.36378693e-02]]
[[ 0.00149723  0.00056471  0.02470271]]
[[ 0.00597216  0.01393338  0.00974361]]
[[ 0.01067562  0.01722733  0.00735592]]
[[ 0.1783456   0.27480179 -0.00114721]]
[[ 0.07257981  0.0936952   0.0116255 ]]
[[ 0.00281789  0.00564857  0.04415123]]
[[ 0.00495741  0.0071225   0.04639839]]
[[ 0.03279374  0.09963666  0.01128911]]
[[ 0.02942947  0.0635089   0.01323644]]
[[ 0.10888342 -0.06038148  0.01079371]]
[[ 0.10713937 -0.03989119  0.01036289]]
[[ 0.01585909  0.00307386  0.01232442]]
[[ 0.02007687  0.00463566  0.00970548]]
[[ 0.18837938  0.02204917  0.00388034]]
[[ 0.10669852  0.01742381  0.01033252]]
[[ 0.00679832  0.00099706  0.04685879]]
[[ 0.00889234  0.00143285  0.04771541]]
[[ 0.1065755   0.08649733  0.00878225]]
[[ 0.06406545  0.04595799  0.01255248]]
[[ 0.08681447  0.01043094  0.0114771 ]]
[[ 0.06961074  0.00637515  0.01216702]]
