[[-0.09892004 -0.01614057 -0.03718586]]
[[-0.11566811  0.04089521 -0.03840979]]
[[-0.11554859 -0.09836593 -0.03223717]]
[[-0.28231867 -0.10253218 -0.02066538]]
[[-0.00862255 -0.0022444  -0.06094981]]
[[-0.00591483  0.00316108 -0.05798701]]
[[-0.19457729 -0.02409494 -0.03133491]]
[[-0.27998292  0.1592507  -0.02285452]]
[[-0.23118952 -0.30243859  0.06668274]]
[[-0.97588274 -1.24324883  0.13828512]]
[[-0.11363703  0.06222317 -0.04080775]]
[[-0.07510018  0.11520975 -0.04105937]]
[[-0.03697476 -0.114945   -0.0281697 ]]
[[-0.04279435 -0.19304775 -0.03095273]]
[[-0.00372634 -0.00811669 -0.05981794]]
[[-0.00113102 -0.00352752 -0.05532833]]
[[-0.17798809 -0.28246857 -0.02116089]]
[[-0.93119083 -1.22766923  0.04942016]]
[[-0.01281479 -0.14642557  0.04425205]]
[[ 0.04453698 -0.22389682  0.03471814]]
[[-0.00124681 -0.00076847 -0.02935743]]
[[-0.00032948  0.00088081 -0.02781619]]
[[-0.0034072  -0.00143159 -0.05598523]]
[[-0.00100809  0.00257856 -0.05328783]]
[[-1.01044847 -0.11578127  0.06013029]]
[[-0.92019436  1.43191651  0.06648201]]
[[-0.00495503 -0.58434478  0.04711973]]
[[ 0.94096533 -1.45718501 -0.07112575]]
[[-0.00603477 -0.00517253  0.07698613]]
[[-0.00261155 -0.00034429  0.07515211]]
[[-0.00345536  0.00476693 -0.05640577]]
[[-0.00110394  0.00897604 -0.05513467]]
[[-0.18070813  0.23380136 -0.0338806 ]]
[[-0.03947408  0.19548457 -0.03878841]]
[[-0.00207924  0.00784253  0.04651568]]
[[ 0.94845689  1.27690293 -0.0458716 ]]
[[-0.03447342  0.09879461 -0.04246608]]
[[-0.00970318  0.0894132  -0.03806031]]
[[ 0.00015236 -0.08119255 -0.02308578]]
[[ 0.01360639 -0.09523286 -0.02627004]]
[[ 0.00095703 -0.01436947 -0.05850453]]
[[ 0.003344   -0.01089281 -0.05705119]]
[[ 0.00289053 -0.1268429  -0.02658355]]
[[ 0.04706268 -0.20151605 -0.03274018]]
[[ 0.00982021 -0.081792    0.04028499]]
[[ 0.02941588 -0.08998353  0.0367371 ]]
[[ 0.00056366 -0.00306174 -0.02960951]]
[[ 0.00144283 -0.00177507 -0.02790956]]
[[ 0.00115076 -0.00729579 -0.05547932]]
[[ 0.00334314 -0.00396233 -0.05312077]]
[[ 0.0064297  -0.55558696 -0.0280907 ]]
[[ 0.92912539 -1.43785346 -0.14319139]]
[[ 0.0371254  -0.11554298  0.03776182]]
[[ 0.08492849 -0.13082445  0.03146897]]
[[ 0.00053345 -0.01280437  0.06917857]]
[[ 0.00371135 -0.00975706  0.06718681]]
[[ 0.00035955 -0.00026786 -0.0173962 ]]
[[ 0.00072788  0.00027888 -0.01731744]]
[[ 0.00056462 -0.00054322 -0.02686014]]
[[ 0.00144473  0.00066217 -0.02664125]]
[[ 0.00118774 -0.00082979 -0.05256743]]
[[ 0.00338018  0.00209418 -0.05156789]]
[[ 0.00518055 -0.00232644 -0.03883786]]
[[ 0.94154052  1.22170239 -0.12584864]]
[[ 0.19964423 -0.25435112  0.025409  ]]
[[ 0.30566688 -0.17193401  0.01263763]]
[[ 0.00084682 -0.00447662  0.06952688]]
[[ 0.00396089 -0.00121935  0.06941096]]
[[-0.00063769 -0.00094387  0.03319115]]
[[ 0.00028608  0.00010897  0.03326504]]
[[ 0.00054482  0.0019001  -0.02793844]]
[[ 0.00148215  0.00317168 -0.02921093]]
[[ 0.00117315  0.00520051 -0.05232585]]
[[ 0.00342691  0.00833257 -0.05275224]]
[[ 0.00313797  0.55024506 -0.04641281]]
[[ 0.05010975  0.18412022 -0.03974748]]
[[ 1.04326743  0.12473486 -0.06685991]]
[[ 0.3063533   0.12427536  0.01498831]]
[[ 0.00059061  0.00465956  0.07519558]]
[[ 0.00374351  0.00810726  0.07628591]]
[[ 0.00104216  0.01178328 -0.05475373]]
[[ 0.00352121  0.01478088 -0.05468338]]
[[ 0.00348436  0.12002588 -0.04040943]]
[[ 0.01581729  0.0846052  -0.03597934]]
[[ 0.18324499  0.33591338  0.02216205]]
[[ 0.07520559  0.14353949  0.03352672]]
[[ 0.00160934  0.07617371 -0.03615717]]
[[ 0.00962464  0.06594061 -0.03239791]]
[[ 0.03952234 -0.10294682 -0.0269164 ]]
[[ 0.07953798 -0.11926096 -0.03195612]]
[[ 0.00579937 -0.00682075 -0.05567444]]
[[ 0.00808934 -0.00461488 -0.05505412]]
[[ 0.18786147 -0.23800583 -0.04045609]]
[[ 0.28538622 -0.16399077 -0.05160087]]
[[ 0.05500631 -0.07386745  0.03599814]]
[[ 0.07665505 -0.07066718  0.03297033]]
[[ 0.00236244 -0.00034717 -0.0273663 ]]
[[ 0.00331261  0.00048689 -0.02849694]]
[[ 0.00561092 -0.00031863 -0.05217574]]
[[ 0.00799043  0.00158559 -0.05288848]]
[[ 1.0187493   0.11123653 -0.13615672]]
[[ 0.28777781  0.0955181  -0.05292927]]
[[ 0.12778399 -0.070026    0.03000501]]
[[ 0.12952989 -0.04479994  0.02894755]]
[[ 0.00693788 -0.003633    0.0668944 ]]
[[ 0.01002785 -0.00173747  0.0689149 ]]
[[ 0.00561279  0.00573714 -0.05238445]]
[[ 0.00829056  0.00796898 -0.05499283]]
[[ 0.18535717  0.27510169 -0.05194789]]
[[ 0.08047688  0.09479366 -0.03788468]]
[[ 0.21677951  0.03174198  0.02234756]]
[[ 0.13234028  0.03554666  0.02952592]]
[[ 0.03919278  0.1044112  -0.03867031]]
[[ 0.03676355  0.06892486 -0.03594705]]
[[ 0.11647803 -0.06621498 -0.03285584]]
[[ 0.11580596 -0.04554517 -0.03343059]]
[[ 0.01053166  0.00014686 -0.0548    ]]
[[ 0.01306759  0.0011502  -0.05593859]]
[[ 0.19680464  0.0190497  -0.04105777]]
[[ 0.11607412  0.01458538 -0.03469939]]
[[ 0.08854231 -0.02473823  0.03246564]]
[[ 0.08841327 -0.01830053  0.03180324]]
[[ 0.1154157   0.08696321 -0.03867998]]
[[ 0.07373687  0.04678107 -0.03573728]]
[[ 0.0964627   0.00816607 -0.03194999]]
[[ 0.07998361  0.00396401 -0.03184689]]
