[[-0.10008316 -0.02031089  0.0306752 ]]
[[-0.11862461  0.03436796  0.0348248 ]]
[[-0.11772835 -0.10013756  0.02895446]]
[[-0.28586971 -0.10635663  0.04343487]]
[[-0.0545456  -0.05856266 -0.03578498]]
[[-0.07168117 -0.06698555 -0.0333935 ]]
[[-0.19778694 -0.02948899  0.03773235]]
[[-0.28495494  0.15167148  0.05206357]]
[[-0.01132142 -0.00346201  0.05898978]]
[[-0.0086144   0.0014307   0.05677102]]
[[-0.11842093  0.05326482  0.03970015]]
[[-0.0816037   0.10526909  0.04578727]]
[[-0.03971317 -0.11477577  0.02115886]]
[[-0.0465164  -0.19422901  0.02013246]]
[[-0.02090918 -0.06033812 -0.03886395]]
[[-0.01695978 -0.06977742 -0.03722692]]
[[-0.18170332 -0.28517158  0.03694948]]
[[-0.93608936 -1.23228708  0.11195349]]
[[-0.00625194 -0.00918988  0.05747852]]
[[-0.00355218 -0.00513905  0.05345668]]
[[-0.00642375 -0.01366052 -0.06190505]]
[[-0.00365758 -0.00990932 -0.06708748]]
[[-0.03867888 -0.08338736 -0.03430779]]
[[-0.04526227 -0.12024746 -0.03371956]]
[[-1.01537345 -0.12249142  0.1297004 ]]
[[-0.92630368  1.42335388  0.14232865]]
[[-0.00593372 -0.00273114  0.05452137]]
[[-0.00350623  0.00075536  0.05251231]]
[[-0.00284382 -0.00119523  0.02852731]]
[[-0.00190821  0.00030683  0.02730931]]
[[-0.10902272 -0.14385262 -0.02697141]]
[[-0.23147082 -0.28413375 -0.01785193]]
[[-0.18700735  0.22346198  0.0478472 ]]
[[-0.0464723   0.18484278  0.04788749]]
[[-0.00612195  0.00325903  0.05581781]]
[[-0.00375769  0.00697984  0.05554057]]
[[-0.04171841  0.08788488  0.04878653]]
[[-0.01677434  0.08074062  0.05450005]]
[[-0.00246093 -0.08005666  0.01570479]]
[[ 0.0102904  -0.09489166  0.01456751]]
[[-0.00213647 -0.05244359 -0.03972104]]
[[ 0.0044001  -0.05664728 -0.04005829]]
[[-0.00067359 -0.12754041  0.0183641 ]]
[[ 0.04270469 -0.20347856  0.01523669]]
[[-0.00151014 -0.01503226  0.05597112]]
[[ 0.00087523 -0.01215413  0.05457563]]
[[-0.00011062 -0.01752039 -0.05293917]]
[[ 0.0026933  -0.01538079 -0.0549762 ]]
[[-0.00302645 -0.06321615 -0.03743579]]
[[ 0.00658642 -0.07593864 -0.03746057]]
[[ 0.00177874 -0.55931852  0.02680568]]
[[ 0.92378928 -1.44322016 -0.08348765]]
[[-0.00124723 -0.00834447  0.05352807]]
[[ 0.00092208 -0.00555868  0.05154941]]
[[-0.0010037  -0.00345917  0.02900946]]
[[-0.00011507 -0.00232509  0.02756147]]
[[ 0.00030377 -0.00278228 -0.03187997]]
[[ 0.00120271 -0.00151045 -0.03258253]]
[[ -2.22990599e-05  -1.33824645e-02  -5.84950493e-02]]
[[ 0.00320021 -0.01085916 -0.06544141]]
[[-0.00814543 -0.09957717 -0.03442297]]
[[ 0.01345453 -0.14859514 -0.03751592]]
[[-0.00049539 -0.01005756  0.02955359]]
[[ 0.93568028  1.21259892 -0.0524451 ]]
[[-0.00120428 -0.0022189   0.05143933]]
[[ 0.00092894  0.00019486  0.05109998]]
[[-0.0009953  -0.00097204  0.02646103]]
[[-0.00012095  0.00010347  0.02657954]]
[[-0.00055429 -0.00045587  0.01722314]]
[[ -1.87259802e-04  -7.22120453e-06   1.72914955e-02]]
[[-0.00024864 -0.008302   -0.07585793]]
[[ 0.00361634 -0.00385685 -0.08694934]]
[[-0.04480723 -0.24900612 -0.02992075]]
[[ 0.02801996 -0.64036301 -0.04622718]]
[[-0.00320752  0.53920599  0.03504033]]
[[ 0.0443749   0.17330962  0.04539942]]
[[-0.0013204   0.00356444  0.05217131]]
[[ 0.00087662  0.00625701  0.05365372]]
[[-0.00101646  0.0014089   0.02773567]]
[[ -9.95173256e-05   2.50570467e-03   2.94252193e-02]]
[[-0.97013427 -1.51041373  0.08171229]]
[[ 0.00617109  0.01033613 -0.03842221]]
[[-0.00292159  0.10915064  0.04944048]]
[[ 0.01073259  0.07626164  0.05563214]]
[[-0.0015795   0.01006748  0.05573891]]
[[ 0.00088202  0.01274804  0.05701409]]
[[-0.00416398  0.06945943  0.0558475 ]]
[[ 0.00546326  0.06269207  0.05715121]]
[[ 0.03551932 -0.10451656  0.01698385]]
[[ 0.07504115 -0.12190722  0.01555463]]
[[ 0.01458685 -0.05970147 -0.03876142]]
[[ 0.02860884 -0.06936169 -0.04005981]]
[[ 0.18299487 -0.24253022  0.01167321]]
[[ 0.28045071 -0.16971969  0.00423151]]
[[ 0.00326221 -0.00785862  0.05401266]]
[[ 0.00544186 -0.00618921  0.05371959]]
[[ 0.00612078 -0.01236806 -0.05927316]]
[[ 0.00973501 -0.01068302 -0.06761523]]
[[ 0.02719493 -0.09020395 -0.03658923]]
[[ 0.06307932 -0.11922519 -0.04157042]]
[[ 1.01346381  0.10315471 -0.07183754]]
[[ 0.28320476  0.08659388  0.01498227]]
[[ 0.00311519 -0.00175022  0.05130114]]
[[ 0.00538132 -0.00032027  0.05274037]]
[[ 0.00078414 -0.00078705  0.0273924 ]]
[[ 0.00170489 -0.00010514  0.02881833]]
[[ 0.08230823 -0.22158371 -0.04103809]]
[[ 0.24496279 -0.32629912 -0.06466281]]
[[ 0.18041407  0.26435035  0.02568836]]
[[ 0.07700416  0.08448197  0.04377772]]
[[ 0.00309011  0.00402165  0.05261606]]
[[ 0.00563685  0.0058094   0.05632837]]
[[ 0.0350753   0.09429912  0.0498792 ]]
[[ 0.03435852  0.06102631  0.05562689]]
[[ 0.11195169 -0.07105368  0.01800425]]
[[ 0.11168269 -0.05113289  0.01985944]]
[[ 0.05067026 -0.06248081 -0.04003127]]
[[ 0.07562545 -0.0704148  -0.04377827]]
[[ 0.19257012  0.01139946  0.01802207]]
[[ 0.11297784  0.0065114   0.02788728]]
[[ 0.0078074  -0.00126428  0.05422734]]
[[ 0.01031838 -0.00074401  0.05614183]]
[[ 0.1123353   0.07731883  0.03342452]]
[[ 0.07215686  0.03754636  0.0414281 ]]
[[ 0.0933154   0.00147673  0.02369172]]
[[ 0.0779451  -0.00293143  0.02693187]]
