[[-0.13229679  0.00915117  0.00729395]]
[[-0.14360865  0.07773702  0.00770787]]
[[-0.1938609  -0.06192219  0.0106308 ]]
[[-0.35129136 -0.02694348  0.0229058 ]]
[[-0.01552303  0.00540505 -0.07713692]]
[[-0.01117882  0.01334952 -0.07057546]]
[[-0.23834237  0.01939576  0.01299782]]
[[-0.31201929  0.21441449  0.02278135]]
[[-0.01833337  0.00557113  0.07728662]]
[[-0.01378312  0.01303975  0.07102517]]
[[-0.13522147  0.09540486  0.00575484]]
[[-0.0902314   0.14991116  0.00554171]]
[[-0.25803302 -0.12903101  0.01649664]]
[[-0.35005603  0.00055366  0.02323918]]
[[-0.00932359 -0.0017156  -0.08912433]]
[[-0.00492193  0.00603597 -0.07937517]]
[[-0.30487204 -0.19597989  0.02024217]]
[[-1.01595404 -1.08832348  0.09137748]]
[[-0.01253393 -0.00132199  0.08935957]]
[[-0.00776397  0.00590252  0.0797083 ]]
[[-0.00228873  0.00092909 -0.03761516]]
[[-0.00099822  0.00322435 -0.03511657]]
[[-0.00826596  0.00751946 -0.07392551]]
[[-0.00418413  0.01333006 -0.06718582]]
[[-1.06084494 -0.04319313  0.10269424]]
[[-0.95001093  1.50866077  0.1101738 ]]
[[-0.01097033  0.0079538   0.07397681]]
[[-0.00661358  0.01323962  0.06748716]]
[[-0.00412129  0.00103253  0.03719701]]
[[-0.00277776  0.00314622  0.0349664 ]]
[[-0.00737375  0.01454337 -0.06624301]]
[[-0.0037257   0.01990298 -0.06233892]]
[[-0.20254849  0.2802974   0.0106886 ]]
[[-0.05295936  0.23849132  0.00446892]]
[[-0.00977521  0.01496233  0.06612978]]
[[-0.00595287  0.01978631  0.06269293]]
[[-0.04522376  0.12635403  0.00101124]]
[[-0.01697556  0.1133614   0.0018629 ]]
[[-0.19074969 -0.39721515  0.01444743]]
[[-0.93736481 -1.34796458  0.08047391]]
[[-0.00126047 -0.01271136 -0.10082799]]
[[ 0.00297715 -0.00559948 -0.09557447]]
[[-1.0438897  -0.2262883   0.10281684]]
[[-0.89684648  1.27954092  0.10281601]]
[[-0.00485685 -0.01204481  0.10221191]]
[[-0.00031495 -0.00554839  0.09680557]]
[[ 0.00027163 -0.00206368 -0.03957563]]
[[ 0.00150412 -0.00025632 -0.03682961]]
[[-0.00130879 -0.00014471 -0.08679277]]
[[ 0.00258042  0.00538348 -0.07906065]]
[[-0.19459508 -0.28368334  0.01469083]]
[[ 0.8789156  -1.20752082 -0.10602097]]
[[-0.00438672  0.00066484  0.08738011]]
[[-0.00019861  0.00558321  0.07963546]]
[[-0.00160038 -0.00190947  0.03974347]]
[[-0.00031243 -0.00031566  0.03718563]]
[[ 0.00026582  0.00035291 -0.02145962]]
[[ 0.00075364  0.00108571 -0.02120744]]
[[ 0.00023246  0.00124174 -0.03476211]]
[[ 0.00146423  0.00291273 -0.03388437]]
[[-0.00114948  0.00894551 -0.07213397]]
[[ 0.00243884  0.01291196 -0.06698987]]
[[-0.03589754  0.11072571 -0.00017591]]
[[ 0.92658499  1.31365308 -0.0866668 ]]
[[-0.00372445  0.0096495   0.07213252]]
[[  3.51399261e-05   1.30206461e-02   6.72194055e-02]]
[[-0.00156874  0.00139042  0.03479397]]
[[-0.0002917   0.00290313  0.03421153]]
[[-0.00076317  0.00042577  0.02148104]]
[[-0.00026119  0.00103162  0.02137228]]
[[ 0.00019766  0.00448305 -0.03476985]]
[[ 0.00150139  0.00621931 -0.03575692]]
[[-0.00082845  0.01564731 -0.06326076]]
[[ 0.00254338  0.01929709 -0.06105873]]
[[-0.01358942  0.60973224 -0.00535052]]
[[ 0.04154526  0.23251063 -0.00053237]]
[[-0.00309996  0.01619135  0.06295586]]
[[ 0.00035082  0.0192897   0.06126873]]
[[-0.00152893  0.0046424   0.03470693]]
[[-0.00018772  0.00618486  0.03606823]]
[[-0.00064756  0.02224105 -0.06017216]]
[[ 0.00286648  0.02526059 -0.05841199]]
[[-0.00531609  0.15262232 -0.00125773]]
[[ 0.01040185  0.11105267  0.00028064]]
[[-0.0027698   0.02270049  0.05972654]]
[[ 0.00080979  0.02517734  0.05865423]]
[[-0.00356934  0.09417946 -0.00064772]]
[[  6.27255046e-03   8.02221521e-02   6.44924506e-05]]
[[ 0.03643405 -0.08545545 -0.01076233]]
[[ 1.04443649  1.14782787 -0.10406036]]
[[ 0.0069737   0.0004443  -0.08933246]]
[[ 0.01065092  0.00383044 -0.08307855]]
[[ 0.1858124   0.36152569 -0.01994983]]
[[ 0.33778556  0.05165691 -0.02525376]]
[[ 0.00391313  0.0016226   0.09051763]]
[[ 0.00780706  0.00427215  0.08400182]]
[[ 0.00273647  0.00149066 -0.03558099]]
[[ 0.00404529  0.00263342 -0.03634585]]
[[ 0.00606872  0.00962727 -0.07345572]]
[[ 0.00954952  0.01177622 -0.0698893 ]]
[[ 1.01581167  0.24961816 -0.10410989]]
[[ 0.29627129  0.1827322  -0.01980726]]
[[ 0.00344502  0.01057955  0.07354872]]
[[ 0.00701623  0.01205757  0.07014279]]
[[ 0.00094265  0.00168281  0.03612429]]
[[ 0.00229223  0.0026318   0.03711297]]
[[ 0.0056453   0.01650629 -0.06481063]]
[[ 0.00948619  0.01865921 -0.0649285 ]]
[[ 0.18022494  0.34059452 -0.01596152]]
[[ 0.07975225  0.14237064 -0.00277815]]
[[ 0.00330483  0.01719833  0.06441905]]
[[ 0.00717413  0.01872137  0.06496262]]
[[ 0.03432007  0.14007034 -0.00298099]]
[[ 0.03480378  0.09594057 -0.00159933]]
[[ 0.32564147  0.24506397 -0.02950078]]
[[ 0.20631051  0.06093088 -0.01318955]]
[[ 0.01398705  0.00963634 -0.07761654]]
[[ 0.01738769  0.01019341 -0.07417995]]
[[ 0.23415533  0.13464053 -0.01545898]]
[[ 0.14205869  0.07873559 -0.00676155]]
[[ 0.01127762  0.01080001  0.07790071]]
[[ 0.01485836  0.01055808  0.07442734]]
[[ 0.12371338  0.14743303 -0.00762024]]
[[ 0.08176891  0.08753288 -0.00412856]]
[[ 0.14596329  0.07898411 -0.00972975]]
[[ 0.11154713  0.04319998 -0.00728779]]
