[[-0.10140656 -0.01388018 -0.01793724]]
[[-0.11939856  0.04292839 -0.01827914]]
[[-0.12130681 -0.09505357 -0.01862574]]
[[-0.28965116 -0.0981917  -0.00730446]]
[[-0.01019564 -0.00198292 -0.05843537]]
[[-0.00755781  0.00372325 -0.05581366]]
[[-0.20032727 -0.02170541 -0.01397384]]
[[-0.28715874  0.16226354 -0.00578633]]
[[-0.06633755 -0.01420731  0.04432484]]
[[-0.07354047  0.01550478  0.0419175 ]]
[[-0.11868926  0.06261973 -0.02056625]]
[[-0.08131471  0.11598319 -0.02213639]]
[[-0.04371453 -0.11296063 -0.02268423]]
[[-0.05101112 -0.18970153 -0.02698644]]
[[-0.0053938  -0.00783419 -0.05858387]]
[[-0.00284884 -0.00288386 -0.0544916 ]]
[[-0.18629307 -0.27997935 -0.01264165]]
[[-0.94111541 -1.22360201  0.0561725 ]]
[[-0.06458476 -0.05090279  0.04367477]]
[[-0.08847584 -0.03109579  0.0400212 ]]
[[-0.00179654 -0.00071012 -0.02897611]]
[[-0.00086689  0.00105901 -0.02752043]]
[[-0.00512188 -0.00116715 -0.05450721]]
[[-0.00274969  0.00318459 -0.05217708]]
[[-1.01945781 -0.11363797  0.07247386]]
[[-0.9305334   1.43577974  0.0768632 ]]
[[-0.08394896 -0.02045782  0.04095618]]
[[-0.10700675  0.02349549  0.03934504]]
[[-0.01554958 -0.00367856  0.06132048]]
[[-0.01349382  0.00344863  0.06260617]]
[[-0.00513771  0.00494547 -0.05457375]]
[[-0.00278644  0.00951172 -0.05364151]]
[[-0.18916145  0.23461018 -0.01832247]]
[[-0.04861994  0.19785598 -0.02604005]]
[[-0.07945668  0.02000169  0.03989417]]
[[-0.07712306  0.06578667  0.0388058 ]]
[[-0.04142262  0.09783145 -0.02634002]]
[[-0.01681043  0.08987795 -0.02550302]]
[[-0.00530116 -0.08124585 -0.02332774]]
[[ 0.00716883 -0.09449118 -0.02863265]]
[[-0.00060968 -0.01420201 -0.05848713]]
[[ 0.00171568 -0.01037239 -0.05743383]]
[[-0.00464025 -0.12650159 -0.02632679]]
[[ 0.03826339 -0.19994351 -0.0354608 ]]
[[-0.03377934 -0.0790739   0.04074219]]
[[-0.04767466 -0.09233908  0.03769273]]
[[  3.29507977e-05  -2.99242966e-03  -2.95092940e-02]]
[[ 0.00091269 -0.00158702 -0.02789345]]
[[-0.00054386 -0.00707351 -0.05527211]]
[[ 0.00159722 -0.00337826 -0.05330482]]
[[-0.00337829 -0.55469707 -0.0267153 ]]
[[ 0.91809728 -1.43486086 -0.14547079]]
[[-0.07570634 -0.08310235  0.04017587]]
[[-0.13857564 -0.08414734  0.03970581]]
[[-0.01024462 -0.01244168  0.06790318]]
[[-0.00854324 -0.00690937  0.07133912]]
[[ 0.00011154 -0.00024216 -0.017327  ]]
[[ 0.00047868  0.00035819 -0.01727439]]
[[  3.44433321e-05  -4.79033047e-04  -2.67118418e-02]]
[[ 0.0009109   0.00083985 -0.02656749]]
[[-0.00058682 -0.00059534 -0.05212498]]
[[ 0.00158618  0.00273025 -0.05148197]]
[[-0.00613829 -0.0008209  -0.0349857 ]]
[[ 0.92960122  1.22600894 -0.1256977 ]]
[[-0.13802938 -0.0457549   0.04066728]]
[[-0.2337584   0.04646037  0.04663714]]
[[-0.01128684 -0.00334766  0.06534229]]
[[-0.00909359  0.00313974  0.07051358]]
[[-0.00253775 -0.00079575  0.03296558]]
[[-0.0016638   0.00071251  0.03348898]]
[[  1.32574206e-05   1.95893416e-03  -2.77200378e-02]]
[[ 0.00094106  0.00334417 -0.02906076]]
[[-0.00058053  0.00541738 -0.05156822]]
[[ 0.00168265  0.00895538 -0.05231943]]
[[-0.00792244  0.5517247  -0.03919827]]
[[ 0.03924468  0.18831003 -0.0360341 ]]
[[-0.1286697   0.04317236  0.038593  ]]
[[-0.11958281  0.13176281  0.03946008]]
[[-0.01106176  0.00603377  0.06681056]]
[[-0.00806296  0.01262189  0.07260713]]
[[-0.00061665  0.01195225 -0.05361347]]
[[ 0.00187768  0.01530176 -0.05386192]]
[[-0.00566104  0.12047203 -0.0312142 ]]
[[ 0.00726236  0.08719542 -0.03006942]]
[[-0.0620298   0.07745818  0.03557607]]
[[-0.03592524  0.10002434  0.03509283]]
[[-0.00514943  0.07534036 -0.02707629]]
[[ 0.00337951  0.06668162 -0.02617018]]
[[ 0.03208384 -0.10453692 -0.03243701]]
[[ 0.07143019 -0.11963548 -0.04177459]]
[[ 0.00409416 -0.00669836 -0.05648453]]
[[ 0.00634161 -0.00409278 -0.05627191]]
[[ 0.17808807 -0.23898296 -0.04734699]]
[[ 0.27533907 -0.16253048 -0.06346643]]
[[-0.08318516 -0.15886937  0.0395238 ]]
[[-0.20881817 -0.2953525   0.04348723]]
[[ 0.00181449 -0.00028912 -0.02743011]]
[[ 0.00274313  0.00066063 -0.02863409]]
[[ 0.00382243 -0.00013043 -0.05274832]]
[[ 0.00618938  0.0022219  -0.05383109]]
[[ 1.00719364  0.1119141  -0.14297061]]
[[ 0.27667546  0.099689   -0.06403106]]
[[-0.33371018 -0.1830529   0.05724166]]
[[-1.08920371  0.15053472  0.13992578]]
[[-0.00635652 -0.00325734  0.07745011]]
[[-0.0032997   0.00249935  0.08581272]]
[[ 0.00381601  0.00598732 -0.05265929]]
[[ 0.00649865  0.00863071 -0.0555944 ]]
[[ 0.17367508  0.27735759 -0.05565365]]
[[ 0.06986858  0.10037796 -0.04447965]]
[[-0.32203828  0.15382704  0.05444073]]
[[-0.1963215   0.35423233  0.05009233]]
[[ 0.029177    0.10663817 -0.03812366]]
[[ 0.0279534   0.07337014 -0.03749495]]
[[ 0.10838948 -0.06864312 -0.0476988 ]]
[[ 0.10847549 -0.04548219 -0.05315019]]
[[ 0.00877413  0.00028798 -0.05641206]]
[[ 0.01133937  0.00173523 -0.05791823]]
[[ 0.18734271  0.01903774 -0.05769686]]
[[ 0.10791408  0.01810893 -0.05478044]]
[[-0.96151686 -1.4999009   0.14042479]]
[[ 0.00216068  0.01056768  0.0226359 ]]
[[ 0.10550589  0.08979749 -0.05295252]]
[[ 0.06547252  0.05266679 -0.05133862]]
[[ 0.09053304  0.00782064 -0.05514709]]
[[ 0.0757303   0.00651344 -0.05659319]]
