[[-0.10191011 -0.01172987  0.03282219]]
[[-0.11933557  0.0449895   0.03341588]]
[[-0.1218563  -0.09291909  0.03968954]]
[[-0.2894842  -0.09587931  0.05238932]]
[[-0.08687527  0.00104571 -0.03569351]]
[[-0.0866383   0.04718548 -0.03381536]]
[[-0.20027313 -0.01896168  0.04124651]]
[[-0.28635177  0.16467093  0.05141335]]
[[-0.01182068 -0.00120175  0.05966409]]
[[-0.00901162  0.00396625  0.05671988]]
[[-0.11807872  0.06533937  0.0329353 ]]
[[-0.08018818  0.1178996   0.03264414]]
[[-0.04391834 -0.11165363  0.03800756]]
[[-0.05047432 -0.18799606  0.03741043]]
[[-0.12969322 -0.06203892 -0.03373334]]
[[-0.21499309  0.01884629 -0.02551972]]
[[-0.18601413 -0.2772324   0.05062405]]
[[-0.93989772 -1.22086906  0.12419781]]
[[-0.00685602 -0.00709983  0.05991078]]
[[-0.00408537 -0.00271339  0.05523476]]
[[-0.00967212 -0.00042097 -0.06911746]]
[[-0.00659727  0.00630904 -0.06670863]]
[[-0.12862255  0.01826343 -0.03189705]]
[[-0.12515853  0.10171359 -0.02905819]]
[[-1.0184874  -0.11022504  0.13537221]]
[[-0.92872519  1.43840173  0.14337302]]
[[-0.00645631 -0.00032453  0.05536786]]
[[-0.00392545  0.00343035  0.05265917]]
[[-0.00299665 -0.00044263  0.02881302]]
[[-0.00204655  0.00111817  0.02742838]]
[[-0.07545711  0.05551672 -0.03410676]]
[[-0.05247406  0.08840757 -0.03285806]]
[[-0.18773451  0.23769478  0.04093052]]
[[-0.04675017  0.19961799  0.03385731]]
[[-0.00647223  0.0058715   0.05492485]]
[[-0.00404716  0.00976432  0.05386276]]
[[-0.0400199   0.10009127  0.02817949]]
[[-0.01531157  0.09077454  0.02755848]]
[[-0.00486755 -0.08114084  0.03368124]]
[[ 0.00826062 -0.09414165  0.03453336]]
[[-0.07275857 -0.15839495 -0.03630519]]
[[-0.18571616 -0.28901432 -0.0314493 ]]
[[-0.003847   -0.12471182  0.0375343 ]]
[[ 0.03992585 -0.19787077  0.03562922]]
[[-0.00204751 -0.0134119   0.05996799]]
[[ 0.00040707 -0.01015525  0.05813587]]
[[-0.00330714 -0.00888749 -0.07660417]]
[[-0.00031652 -0.00324916 -0.07538926]]
[[-0.30247433 -0.18854042 -0.01614602]]
[[-1.04091584  0.11185839  0.06520874]]
[[-0.00197067 -0.55121636  0.0439604 ]]
[[ 0.92045561 -1.4317191  -0.06745379]]
[[-0.0017949  -0.00620162  0.05615603]]
[[ 0.00045152 -0.00311719  0.05359713]]
[[-0.00115272 -0.00270813  0.02973676]]
[[-0.00025238 -0.00153361  0.02812774]]
[[-0.00017099 -0.00024368 -0.03326432]]
[[ 0.00075099  0.00126602 -0.0331042 ]]
[[-0.00367783  0.00039387 -0.06943479]]
[[-0.00053414  0.00579436 -0.0691847 ]]
[[-0.30587107  0.1060237  -0.01558392]]
[[-0.19474492  0.30220484 -0.01938894]]
[[-0.00404829  0.00325442  0.03844503]]
[[ 0.93236706  1.22865676 -0.04848866]]
[[-0.00171008  0.00028535  0.05249791]]
[[ 0.00047328  0.00294927  0.0514999 ]]
[[-0.00114117 -0.00021208  0.02678239]]
[[-0.00024977  0.00092023  0.02674824]]
[[-0.00061832 -0.00010377  0.01735924]]
[[-0.00024465  0.00036588  0.0173757 ]]
[[-0.00350843  0.00890024 -0.06697705]]
[[-0.00014555  0.0139811  -0.06833791]]
[[-0.08428371  0.11366949 -0.03204373]]
[[-0.03456567  0.1258589  -0.03242137]]
[[-0.00559581  0.5549795   0.02917622]]
[[ 0.04174257  0.1896218   0.03225544]]
[[-0.00173238  0.0062697   0.05150515]]
[[ 0.00047997  0.00912317  0.05220127]]
[[-0.00114946  0.00224138  0.02766916]]
[[-0.0002089   0.0034097   0.02919161]]
[[-0.02867961  0.08474999 -0.03467344]]
[[-0.00779895  0.08529839 -0.03391626]]
[[-0.00370248  0.12248109  0.02771581]]
[[ 0.00908904  0.08753601  0.02791597]]
[[-0.00188801  0.01276832  0.05316002]]
[[ 0.00058373  0.01541082  0.0536179 ]]
[[-0.00376741  0.07642552  0.02431817]]
[[ 0.00458767  0.06653437  0.02403685]]
[[ 0.03392378 -0.10211882  0.03894332]]
[[ 0.07402704 -0.11717214  0.03888525]]
[[-0.93381428 -1.48449825  0.06662594]]
[[ 0.00524592 -0.00706041 -0.0462552 ]]
[[ 0.18055819 -0.23475918  0.03223297]]
[[ 0.2784017  -0.15908871  0.02330655]]
[[ 0.00281516 -0.00570333  0.05703083]]
[[ 0.00504373 -0.00378023  0.05620589]]
[[ 0.00288749  0.00091722 -0.075006  ]]
[[ 0.0063496   0.00498517 -0.07649135]]
[[-0.9511709   1.24453202  0.04995743]]
[[ 0.00923244  0.58508604 -0.03379952]]
[[ 1.01015219  0.11647318 -0.0593684 ]]
[[ 0.27977626  0.10218724  0.02236544]]
[[ 0.00264075  0.00076248  0.05267309]]
[[ 0.00491112  0.0024151   0.05346247]]
[[  6.45889970e-04  -1.72260778e-05   2.77831779e-02]]
[[ 0.0015877   0.00071941  0.02906074]]
[[-0.04584389  0.21529532 -0.03518626]]
[[ 0.01486967  0.14574922 -0.03695419]]
[[ 0.1765686   0.28047591  0.02264695]]
[[ 0.07248069  0.1010772   0.03386139]]
[[ 0.00260677  0.0067721   0.05220575]]
[[ 0.00518536  0.00870353  0.05511386]]
[[ 0.03144237  0.10814449  0.0294213 ]]
[[ 0.0298255   0.07305453  0.03004029]]
[[ 0.11136395 -0.06392662  0.04087312]]
[[ 0.11137472 -0.04201323  0.04036408]]
[[ 0.96362874  1.46200147 -0.15789059]]
[[ 0.23559018  0.25183169 -0.05786118]]
[[ 0.19035869  0.02366763  0.0330979 ]]
[[ 0.11038915  0.02031867  0.03791993]]
[[ 0.00738824  0.00119147  0.0560204 ]]
[[ 0.00992073  0.00189545  0.05725763]]
[[ 0.10814791  0.09251602  0.03418966]]
[[ 0.06743449  0.05289291  0.03616681]]
[[ 0.09270293  0.01202883  0.03977533]]
[[ 0.07697453  0.00838191  0.0381911 ]]
