[[-0.10084928 -0.01185976 -0.0241523 ]]
[[-0.11810391  0.04510543 -0.02343694]]
[[-0.12023925 -0.09314823 -0.02707417]]
[[-0.28769258 -0.09594981 -0.0143935 ]]
[[-0.0095874  -0.00140853 -0.05951203]]
[[-0.00689682  0.00417149 -0.05651324]]
[[-0.19874703 -0.0191534  -0.02009386]]
[[-0.2847079   0.16463641 -0.01031869]]
[[-0.0881579   0.00120636  0.04467479]]
[[-0.08776471  0.04704396  0.04242089]]
[[-0.1167138   0.0652612  -0.02455866]]
[[-0.07875333  0.11798895 -0.02467275]]
[[-0.04202691 -0.11174927 -0.03210036]]
[[-0.04840779 -0.18794647 -0.03535231]]
[[-0.0047384  -0.00724198 -0.05969425]]
[[-0.00215068 -0.00241862 -0.05516724]]
[[-0.18400983 -0.27746193 -0.02065886]]
[[-0.9377774  -1.22100537  0.05014623]]
[[-0.13075607 -0.06196229  0.04601485]]
[[-0.2158636   0.01857303  0.04808207]]
[[-0.00156487 -0.00051833 -0.02914784]]
[[-0.0006403   0.00119559 -0.02759975]]
[[-0.00444576 -0.00056793 -0.0552001 ]]
[[-0.00203487  0.00363266 -0.05248223]]
[[-1.01656408 -0.11050972  0.06714221]]
[[-0.92675959  1.43820113  0.07394062]]
[[-0.12959653  0.01845778  0.04235472]]
[[-0.12600539  0.10153648  0.0411792 ]]
[[ -1.27430626e-02  -8.68599968e-06   6.89756524e-02]]
[[-0.00960556  0.006381    0.06682639]]
[[-0.0044527   0.00553696 -0.05493278]]
[[-0.00209057  0.00991687 -0.05365456]]
[[-0.18602863  0.23747409 -0.02106724]]
[[-0.0450652   0.19949551 -0.02675354]]
[[-0.07646709  0.05582204  0.03940641]]
[[-0.05342234  0.08829799  0.03831476]]
[[-0.03857547  0.09998754 -0.02741134]]
[[-0.01392999  0.09076077 -0.02516662]]
[[-0.00320473 -0.08090922 -0.03140024]]
[[ 0.01007166 -0.09364351 -0.03616405]]
[[  5.93204556e-05  -1.36452383e-02  -5.95839332e-02]]
[[ 0.0024385  -0.00990611 -0.05810861]]
[[-0.00184343 -0.12463576 -0.03453764]]
[[ 0.04204037 -0.19766082 -0.0419997 ]]
[[-0.0737995  -0.15822328  0.04137226]]
[[-0.18666184 -0.28920772  0.04405877]]
[[ 0.00026164 -0.00279103 -0.02967557]]
[[ 0.00114168 -0.00144403 -0.02796282]]
[[ 0.00016237 -0.00645218 -0.05595481]]
[[ 0.00235234 -0.00290066 -0.0535588 ]]
[[  2.27585343e-04  -5.51407631e-01  -3.32855028e-02]]
[[ 0.92267913 -1.4318643  -0.14894675]]
[[-0.3033454  -0.18834957  0.05771607]]
[[-1.04172114  0.11166045  0.13552916]]
[[-0.00662784 -0.00853783  0.07783071]]
[[-0.00357495 -0.00327422  0.07682257]]
[[ 0.0002174  -0.00015487 -0.01735556]]
[[ 0.00058583  0.00042114 -0.01727212]]
[[ 0.00025805 -0.0002923  -0.02678719]]
[[ 0.00113839  0.0009743  -0.02655572]]
[[  1.44954566e-04   2.89753669e-05  -5.24093965e-02]]
[[ 0.00234096  0.00316382 -0.05137739]]
[[-0.00188448  0.00284482 -0.03822848]]
[[ 0.93446576  1.22830477 -0.12529618]]
[[-0.30664798  0.10622929  0.05404503]]
[[-0.19553303  0.30198677  0.04824338]]
[[-0.00684933  0.00098373  0.07005427]]
[[-0.00361709  0.00604424  0.07017643]]
[[-0.00174433 -0.00010996  0.03344095]]
[[-0.00080674  0.00120351  0.0335052 ]]
[[ 0.00023558  0.00214833 -0.02771927]]
[[ 0.0011715   0.00348465 -0.02897421]]
[[ 0.00014035  0.00599867 -0.0515272 ]]
[[ 0.00240193  0.00932068 -0.05192285]]
[[-0.00366204  0.55454806 -0.03942696]]
[[ 0.04355923  0.18926723 -0.03363568]]
[[-0.08511084  0.11388909  0.03606794]]
[[-0.03544927  0.12565449  0.03541654]]
[[-0.00642864  0.00956575  0.06703861]]
[[-0.00297706  0.01418825  0.06898487]]
[[  6.13809785e-05   1.24613115e-02  -5.33086240e-02]]
[[ 0.00254983  0.0155854  -0.05324509]]
[[-0.00209641  0.12215901 -0.03011143]]
[[ 0.01056698  0.08727767 -0.02747251]]
[[-0.02963453  0.08498923  0.03478869]]
[[-0.00878864  0.08513069  0.03470309]]
[[-0.00248982  0.07619757 -0.0256177 ]]
[[ 0.0057472   0.06638941 -0.02387082]]
[[ 0.03583641 -0.10184496 -0.03861401]]
[[ 0.07592777 -0.11674426 -0.04524288]]
[[ 0.00486033 -0.0060394  -0.05673845]]
[[ 0.00714079 -0.00361447 -0.05608423]]
[[ 0.18269187 -0.23490253 -0.05101517]]
[[ 0.28042913 -0.15917822 -0.06267593]]
[[-0.93474946 -1.48421072  0.14026378]]
[[ 0.00425925 -0.00719183  0.02592676]]
[[ 0.00204911 -0.00010073 -0.02741536]]
[[ 0.00299116  0.00079525 -0.0285299 ]]
[[ 0.00459626  0.00050108 -0.05260773]]
[[ 0.00696796  0.00262764 -0.05327934]]
[[ 1.01230472  0.11594508 -0.14226173]]
[[ 0.28175478  0.10173878 -0.05868729]]
[[-0.95202326  1.2447308   0.11848081]]
[[ 0.008271    0.58485549  0.03485479]]
[[-0.00031944  0.00166668  0.07678767]]
[[ 0.00327445  0.00527561  0.07850902]]
[[ 0.00456365  0.0065471  -0.05218871]]
[[ 0.00724901  0.0089639  -0.05474501]]
[[ 0.1785389   0.27982183 -0.05169656]]
[[ 0.07426078  0.10053188 -0.0377073 ]]
[[-0.04672729  0.21542802  0.03251248]]
[[ 0.01386623  0.14546323  0.03325284]]
[[ 0.0331067   0.1075542  -0.03372803]]
[[ 0.03131019  0.07260075 -0.031814  ]]
[[ 0.11313581 -0.06403074 -0.04708817]]
[[ 0.11291717 -0.0419757  -0.04744043]]
[[ 0.00956575  0.00090902 -0.05580941]]
[[ 0.01211318  0.00212139 -0.05689262]]
[[ 0.19219997  0.02307051 -0.0518599 ]]
[[ 0.11198554  0.0198754  -0.0444306 ]]
[[ 0.96254349  1.46219713 -0.08669962]]
[[ 0.23443886  0.25160499  0.01401744]]
[[ 0.10991464  0.09168278 -0.04393471]]
[[ 0.06894761  0.05228141 -0.04017889]]
[[ 0.09399029  0.01143023 -0.0448954 ]]
[[ 0.07797712  0.0080712  -0.04323141]]
