[[-0.10112435 -0.00768355  0.03530146]]
[[-0.11778914  0.04876292  0.03401554]]
[[-0.12159677 -0.08783659  0.04675014]]
[[-0.2882454  -0.09050348  0.05668267]]
[[-0.09005003  0.04249678 -0.03405957]]
[[-0.06507262  0.08016251 -0.03325791]]
[[-0.19895672 -0.014015    0.04329844]]
[[-0.28416963  0.16903487  0.05095148]]
[[-0.01137293 -0.00015355  0.05994508]]
[[-0.00851665  0.00487587  0.05658267]]
[[-0.11593509  0.06925425  0.03150132]]
[[-0.07761777  0.12066265  0.02946724]]
[[-0.04359656 -0.10722149  0.05066797]]
[[-0.0490739  -0.18248626  0.0473003 ]]
[[-0.33700931  0.09616292 -0.01059372]]
[[-0.21345325  0.31014361 -0.01675693]]
[[-0.18487484 -0.27117109  0.0576083 ]]
[[-0.9376235  -1.21481065  0.12733183]]
[[-0.00643824 -0.00591573  0.06073372]]
[[-0.00362702 -0.00164516  0.05556964]]
[[-0.00709827  0.00625325 -0.07151265]]
[[-0.00349357  0.01162849 -0.06411852]]
[[-0.10053409  0.10929559 -0.03143045]]
[[-0.04510896  0.12205211 -0.031698  ]]
[[-1.01634922 -0.10440942  0.13627714]]
[[-0.92585616  1.44312265  0.14100659]]
[[-0.00599759  0.00077238  0.05544662]]
[[-0.00342252  0.00437917  0.05230803]]
[[ -2.83177030e-03  -9.41497749e-05   2.87817601e-02]]
[[-0.00188665  0.00141612  0.02729935]]
[[-0.03897817  0.07368406 -0.03521716]]
[[-0.0181798   0.07703161 -0.03419727]]
[[-0.18505233  0.24196419  0.03793607]]
[[-0.0438938   0.2022782   0.02892211]]
[[-0.00596238  0.00684914  0.05435566]]
[[-0.00352832  0.01055479  0.05290985]]
[[-0.03740227  0.10248015  0.02355473]]
[[-0.01288664  0.09160686  0.02205159]]
[[-0.00363497 -0.07902119  0.04829203]]
[[ 0.0104943  -0.09077606  0.04770533]]
[[-0.95305106 -1.50588511  0.07367937]]
[[ 0.00757483 -0.00255886 -0.04316125]]
[[-0.00212509 -0.11959003  0.04955812]]
[[ 0.04274855 -0.19195872  0.04375825]]
[[-0.00164042 -0.01223076  0.06134737]]
[[ 0.00087026 -0.00901927  0.05900393]]
[[-0.0002456  -0.0011352  -0.08548271]]
[[ 0.00332515  0.00380975 -0.07712482]]
[[-0.96826075  1.26085284  0.0545448 ]]
[[ 0.00515594  0.59841042 -0.03151811]]
[[  4.53844256e-04  -5.44298028e-01   4.95558877e-02]]
[[ 0.92371366 -1.42531801 -0.06687412]]
[[-0.00135174 -0.0049821   0.0567302 ]]
[[ 0.00094959 -0.0020247   0.05366702]]
[[-0.00100152 -0.0023157   0.02981582]]
[[-0.00010162 -0.00119613  0.02809936]]
[[ 0.00036347  0.00096612 -0.03309231]]
[[ 0.00127941  0.00227425 -0.03235728]]
[[-0.00044052  0.00743345 -0.06889842]]
[[ 0.00283959  0.01094724 -0.06300158]]
[[-0.05543003  0.21666473 -0.03344357]]
[[ 0.00382983  0.14187829 -0.03352191]]
[[-0.00106558  0.00963221  0.03712699]]
[[ 0.93561683  1.23336388 -0.05364587]]
[[-0.0012265   0.00142315  0.0523305 ]]
[[ 0.00098084  0.00391186  0.05088108]]
[[-0.00099129  0.00013337  0.02670077]]
[[ -9.63673280e-05   1.22046905e-03   2.65632360e-02]]
[[ -5.46816405e-04   5.64048802e-05   1.73167148e-02]]
[[-0.00017155  0.00050674  0.01729729]]
[[-0.00040038  0.01386289 -0.06017689]]
[[ 0.00272259  0.01673959 -0.05818243]]
[[-0.01354115  0.09568339 -0.03462899]]
[[ 0.00386724  0.08006011 -0.03414567]]
[[-0.00256561  0.55926157  0.02386274]]
[[ 0.04455859  0.19194167  0.02500424]]
[[-0.00123087  0.0072558   0.05070832]]
[[ 0.00097504  0.00990497  0.05098161]]
[[-0.00099574  0.00257018  0.02742861]]
[[ -4.74506573e-05   3.70076130e-03   2.88397115e-02]]
[[-0.00544288  0.06824695 -0.03554124]]
[[ 0.0044917   0.06229954 -0.03478174]]
[[-0.00108704  0.12450694  0.02139827]]
[[ 0.01128959  0.08792253  0.02079517]]
[[-0.0013965   0.01355758  0.05180625]]
[[ 0.00105982  0.01597019  0.05189971]]
[[-0.00173218  0.07675384  0.01828341]]
[[ 0.006197    0.06572667  0.01773824]]
[[ 0.0370427 -0.0963806  0.0487466]]
[[ 0.07775078 -0.11109268  0.04374533]]
[[ 0.96712997  1.47565154 -0.15691662]]
[[ 0.23224959  0.25724197 -0.05584832]]
[[ 0.18400233 -0.22740194  0.0348699 ]]
[[ 0.28193861 -0.15280323  0.0204059 ]]
[[ 0.00330989 -0.00444878  0.05732728]]
[[ 0.00557043 -0.00268218  0.05596646]]
[[ 0.00644629  0.00785223 -0.07018292]]
[[ 0.00943537  0.00969595 -0.06623039]]
[[ 0.0611697   0.22998726 -0.04175441]]
[[ 0.05515564  0.1099625  -0.03795924]]
[[ 1.01350062  0.122864   -0.06386758]]
[[ 0.28272927  0.10655108  0.01421905]]
[[ 0.00314618  0.00190713  0.05221477]]
[[ 0.00541238  0.00335982  0.05250485]]
[[ 0.00079696  0.00033155  0.02763636]]
[[ 0.00175057  0.00102457  0.02879665]]
[[ 0.01988188  0.09990036 -0.03674468]]
[[ 0.02797721  0.07207946 -0.03732275]]
[[ 0.17946088  0.2843809   0.01458795]]
[[ 0.07478271  0.10296326  0.02412069]]
[[ 0.00309491  0.0077473   0.0510939 ]]
[[ 0.0056693   0.00947236  0.05351767]]
[[ 0.0337309   0.10963367  0.02093808]]
[[ 0.03153591  0.07303629  0.02088204]]
[[ 0.11490443 -0.05674387  0.03984252]]
[[ 0.11424843 -0.03620313  0.03445175]]
[[ 0.11242924  0.12861204 -0.04641714]]
[[ 0.07746388  0.06147932 -0.04217982]]
[[ 0.19323768  0.02950759  0.02557903]]
[[ 0.11237627  0.02417974  0.0275693 ]]
[[ 0.00789116  0.00231294  0.05521378]]
[[ 0.01039822  0.00281412  0.05592341]]
[[ 0.1102967   0.09581441  0.02367885]]
[[ 0.06879719  0.05444239  0.0244424 ]]
[[ 0.09447132  0.01700813  0.03042581]]
[[ 0.07771931  0.01175167  0.02701369]]
