[[-0.10042135 -0.00978929 -0.02665927]]
[[-0.11724526  0.04715855 -0.02482853]]
[[-0.11982791 -0.09091806 -0.03183522]]
[[-0.28679534 -0.09345168 -0.01771571]]
[[-0.00930199 -0.00088474 -0.05987189]]
[[-0.00659221  0.00462388 -0.05661294]]
[[-0.19791815 -0.01665269 -0.02238778]]
[[-0.28341439  0.16694873 -0.01112761]]
[[-0.09534298  0.02221062  0.04497788]]
[[-0.0815015   0.07001038  0.04254083]]
[[-0.11550956  0.06749538 -0.02483146]]
[[-0.07729249  0.11965076 -0.02377749]]
[[-0.04134989 -0.11013977 -0.03868495]]
[[-0.0472543  -0.18579961 -0.04073677]]
[[-0.00444969 -0.00668961 -0.06026548]]
[[-0.00185024 -0.00192611 -0.05544892]]
[[-0.18304567 -0.27483973 -0.02518295]]
[[-0.93628214 -1.21825343  0.04754542]]
[[-0.22764528 -0.03644903  0.05359422]]
[[-0.3095319   0.17607992  0.05904784]]
[[-0.00146311 -0.00034891 -0.02918095]]
[[-0.00054356  0.00133677 -0.02757278]]
[[ -4.15101874e-03  -2.90161298e-05  -5.53997768e-02]]
[[-0.00172713  0.00409262 -0.05242438]]
[[-1.01521221 -0.1076046   0.06548175]]
[[-0.92502834  1.44064504  0.07421097]]
[[-0.13319016  0.07238105  0.04266716]]
[[-0.0865981   0.13182472  0.03961006]]
[[-0.01124612  0.00321349  0.0712602 ]]
[[-0.00769528  0.00902837  0.06655825]]
[[-0.00414806  0.00604397 -0.05480319]]
[[-0.00179014  0.01031971 -0.05329363]]
[[-0.18445614  0.23989092 -0.0204432 ]]
[[-0.04339032  0.20106228 -0.02478914]]
[[-0.05784052  0.07232761  0.0386755 ]]
[[-0.0324847   0.08643257  0.0377024 ]]
[[-0.0370759   0.10152992 -0.02557594]]
[[-0.01253188  0.09139765 -0.02262174]]
[[-0.00214498 -0.08030196 -0.03775949]]
[[ 0.0115503  -0.0925324  -0.04193676]]
[[ 0.00035133 -0.01312727 -0.06033303]]
[[ 0.00274855 -0.00941474 -0.05857818]]
[[-0.00052709 -0.12273807 -0.04039732]]
[[ 0.04381999 -0.19534356 -0.04624293]]
[[-0.19040308 -0.34328285  0.05233183]]
[[-0.94678904 -1.27765159  0.1190093 ]]
[[ 0.00035907 -0.00260859 -0.02975032]]
[[ 0.00123652 -0.00129165 -0.02797444]]
[[ 0.00046065 -0.00589166 -0.0563387 ]]
[[ 0.00266676 -0.00240671 -0.05366288]]
[[ 0.00183966 -0.54841478 -0.03690146]]
[[ 0.92467023 -1.42897534 -0.15005603]]
[[-1.04544373 -0.12045717  0.13855588]]
[[-0.93911925  1.46317111  0.14145584]]
[[-0.00494244 -0.00495121  0.08297394]]
[[ -1.40270167e-03   9.66096021e-05   7.85815646e-02]]
[[  2.61643500e-04  -7.82583954e-05  -1.73503533e-02]]
[[ 0.00063013  0.0004863  -0.01724618]]
[[ 0.00035102 -0.000127   -0.0267827 ]]
[[ 0.00123106  0.00111405 -0.02649298]]
[[ 0.00044866  0.00057859 -0.05243924]]
[[ 0.00264587  0.00361883 -0.05115296]]
[[ -4.42288623e-05   6.01375878e-03  -3.86124288e-02]]
[[ 0.93642702  1.23069491 -0.1233669 ]]
[[-0.19918904  0.25891496  0.04457132]]
[[-0.04473187  0.22257882  0.03643901]]
[[-0.00485577  0.00449771  0.07064249]]
[[-0.00138085  0.00868626  0.06766236]]
[[-0.00140862  0.00047585  0.03345939]]
[[-0.00045426  0.00169141  0.03323378]]
[[ 0.000327    0.00231103 -0.02763942]]
[[ 0.00126512  0.00362463 -0.02883443]]
[[ 0.00043735  0.00649961 -0.05124443]]
[[ 0.00268608  0.00970817 -0.05140323]]
[[-0.00185007  0.55695645 -0.03743041]]
[[ 0.04523843  0.19059704 -0.03026294]]
[[-0.03859177  0.11318018  0.03405574]]
[[-0.00769677  0.10031815  0.03448315]]
[[-0.0043773   0.01221646  0.06423045]]
[[-0.00093572  0.01572867  0.0641177 ]]
[[ 0.00033892  0.01288464 -0.05274307]]
[[ 0.00281302  0.01587844 -0.05247609]]
[[-0.00056134  0.1234842  -0.02720796]]
[[ 0.01185897  0.08762457 -0.02392861]]
[[-0.01425848  0.0782216   0.03459048]]
[[ -4.43687431e-05   7.28575950e-02   3.46896587e-02]]
[[-0.00131593  0.07660834 -0.02265039]]
[[ 0.00668017  0.06608674 -0.02066968]]
[[ 0.03768698 -0.09963519 -0.04317923]]
[[ 0.0780275  -0.11429922 -0.04773184]]
[[ 0.00517688 -0.00546993 -0.0569422 ]]
[[ 0.0074621  -0.00312804 -0.05600809]]
[[ 0.18473976 -0.2316743  -0.05295108]]
[[ 0.28249185 -0.15632635 -0.06178081]]
[[ 0.00514568 -0.00234136  0.02649602]]
[[ 0.97704373  1.2487159  -0.06425375]]
[[  2.14260629e-03   6.40432507e-05  -2.73729674e-02]]
[[ 0.00308908  0.00093486 -0.02842644]]
[[ 0.00490396  0.00104472 -0.05246304]]
[[ 0.0072636   0.00306339 -0.0528707 ]]
[[ 1.01431687  0.11912712 -0.14076022]]
[[ 0.28352222  0.10392272 -0.05493517]]
[[ 0.00656059  0.58772592  0.02438252]]
[[ 0.06554751  0.20820598  0.02922712]]
[[ 0.00202648  0.00526876  0.07476642]]
[[ 0.00553427  0.00777799  0.0732427 ]]
[[ 0.00484891  0.00703298 -0.0517298 ]]
[[ 0.00752444  0.00933538 -0.05403381]]
[[ 0.18027942  0.28200661 -0.04801713]]
[[ 0.07564348  0.10157529 -0.03282869]]
[[ 0.00751943  0.14120846  0.0307843 ]]
[[ 0.0268412   0.09656013  0.03326688]]
[[ 0.03446822  0.10855644 -0.02950844]]
[[ 0.03233063  0.07268078 -0.02708405]]
[[ 0.11513202 -0.06082097 -0.04702073]]
[[ 0.1145585  -0.03932441 -0.04482447]]
[[ 0.00986575  0.00143309 -0.05547745]]
[[ 0.01239235  0.00253617 -0.05629339]]
[[ 0.19389452  0.02599033 -0.04854743]]
[[ 0.11317458  0.0217869  -0.03934282]]
[[ 0.22659433  0.30133029  0.0098863 ]]
[[ 0.1147677   0.10069156  0.02631387]]
[[ 0.11120977  0.09352265 -0.03875072]]
[[ 0.06978198  0.05310988 -0.03413675]]
[[ 0.09504239  0.0139205  -0.04047255]]
[[ 0.0784705   0.00971876 -0.03762451]]
