[[-0.1400886   0.01830849  0.00821997]]
[[-0.14626053  0.08892853  0.00837988]]
[[-0.24270574 -0.02562696  0.01579435]]
[[-0.36798645  0.02741983  0.02609716]]
[[-0.01437467  0.00595623 -0.07996664]]
[[-0.00990595  0.0136448  -0.07243712]]
[[-0.24427502  0.04006856  0.01389089]]
[[-0.30837679  0.22966782  0.0232644 ]]
[[-0.01695961  0.00581816  0.07993058]]
[[-0.01233736  0.01292917  0.07283975]]
[[-0.13373286  0.10452523  0.00593651]]
[[-0.08665291  0.15535529  0.00567638]]
[[-1.09205685 -0.23473592  0.11557589]]
[[-0.98595515  1.28012597  0.11506198]]
[[-0.0077957  -0.00125998 -0.09139384]]
[[-0.00328951  0.00615435 -0.08037341]]
[[-0.38228168 -0.01798706  0.02961261]]
[[-0.98394033 -1.00421521  0.09269381]]
[[-0.01052657 -0.0013613   0.09082932]]
[[-0.00576917  0.00532972  0.08016683]]
[[-0.0020578   0.00103173 -0.03771326]]
[[-0.00077601  0.0032669  -0.03512533]]
[[-0.00677824  0.00801261 -0.07551087]]
[[-0.00271628  0.01341871 -0.06776645]]
[[-1.05172258 -0.00948628  0.10301283]]
[[-0.93523305  1.51947699  0.11026952]]
[[-0.00920872  0.00798801  0.07535473]]
[[-0.0049535   0.01281483  0.06800709]]
[[-0.00383702  0.00106077  0.03706184]]
[[-0.00251359  0.00309472  0.03478172]]
[[-0.00610377  0.01502618 -0.06725817]]
[[-0.0025506   0.01996994 -0.06266798]]
[[-0.1956046   0.2894977   0.01066439]]
[[-0.0463296   0.2409934   0.00446751]]
[[-0.00837442  0.015107    0.06718385]]
[[-0.00468417  0.01950703  0.06311767]]
[[-0.04144077  0.12984222  0.00100797]]
[[-0.01378543  0.11412663  0.00188904]]
[[-0.02739508 -0.67015818  0.01354713]]
[[ 0.93993518 -1.54580252 -0.10854262]]
[[  7.60240441e-05  -1.20159610e-02  -1.01274452e-01]]
[[ 0.00443407 -0.00518079 -0.09457102]]
[[-0.00388987 -0.10760853  0.00551738]]
[[ 0.98802284  1.06017852 -0.09038833]]
[[-0.00298628 -0.01174394  0.10052806]]
[[ 0.0015079  -0.00584502  0.09391458]]
[[ 0.00047812 -0.00193589 -0.039585  ]]
[[ 0.00170708 -0.00018619 -0.0367444 ]]
[[ 0.00033027  0.00039983 -0.08688295]]
[[ 0.00416592  0.0054561  -0.07798404]]
[[-0.00162426  0.0341158   0.00117944]]
[[ 0.97117072 -1.22512714 -0.10911239]]
[[-0.00232401  0.00051758  0.08635558]]
[[ 0.00165967  0.00486325  0.07775624]]
[[-0.00134945 -0.00184718  0.039402  ]]
[[ -7.77466855e-05  -3.29676668e-04   3.67971997e-02]]
[[ 0.0003348   0.00039104 -0.02145898]]
[[ 0.00082187  0.00110647 -0.02118596]]
[[ 0.00044494  0.00134199 -0.03472282]]
[[ 0.00167036  0.00295408 -0.0337605 ]]
[[ 0.00044325  0.00932443 -0.07203708]]
[[ 0.00386996  0.01278523 -0.06612651]]
[[-0.00128979  0.13132719 -0.00069448]]
[[ 0.94675832  1.30790065 -0.08676814]]
[[-0.0018708   0.00941278  0.07171891]]
[[ 0.00163545  0.01229831  0.06620034]]
[[-0.00131677  0.00140635  0.03451752]]
[[ -5.72419953e-05   2.84800915e-03   3.38804266e-02]]
[[-0.00068398  0.00044477  0.02136478]]
[[-0.00018569  0.00102841  0.02124073]]
[[ 0.00040768  0.00456538 -0.03469717]]
[[ 0.00170361  0.00624283 -0.03560604]]
[[ 0.0005052   0.01590232 -0.06310881]]
[[ 0.00368457  0.01910396 -0.06040159]]
[[-0.00197519  0.61325564 -0.00544339]]
[[ 0.04914614  0.22994398 -0.00057706]]
[[-0.00162812  0.01601944  0.06283599]]
[[ 0.0015858   0.0187075   0.06068398]]
[[-0.00128612  0.00462779  0.03446371]]
[[  3.70535611e-05   6.10246066e-03   3.57580996e-02]]
[[ 0.00036593  0.02239498 -0.06000111]]
[[ 0.00371539  0.02506634 -0.05790122]]
[[-0.00030859  0.15358043 -0.00127898]]
[[ 0.01380966  0.10974192  0.0002913 ]]
[[-0.00168549  0.02256613  0.05967528]]
[[ 0.00170654  0.02472748  0.05825822]]
[[-0.00121547  0.0944424  -0.00061417]]
[[ 0.00791767  0.07950151  0.00011177]]
[[ 1.06961799  0.03082352 -0.10447904]]
[[ 0.37734891  0.00366987 -0.02595827]]
[[ 0.00837124  0.00107586 -0.08712379]]
[[ 0.01186261  0.00393234 -0.08016768]]
[[ 0.37191885  0.07177915 -0.02614324]]
[[ 0.3596345  -0.04797321 -0.02361214]]
[[ 0.00552643  0.00144028  0.08677519]]
[[ 0.00910078  0.00358585  0.07998178]]
[[ 0.0029361   0.00159339 -0.0354116 ]]
[[ 0.00424159  0.00267697 -0.03609377]]
[[ 0.00746697  0.00986458 -0.07164515]]
[[ 0.01069886  0.01151024 -0.0676975 ]]
[[ 1.04738161  0.22721351 -0.10375034]]
[[ 0.30764427  0.16359013 -0.01950653]]
[[ 0.00501199  0.01009408  0.07122731]]
[[ 0.00825853  0.01117886  0.06764981]]
[[ 0.0011644   0.00169502  0.03568526]]
[[ 0.00249938  0.00258031  0.03661333]]
[[ 0.00684563  0.01651394 -0.0634726 ]]
[[ 0.01044954  0.01827671 -0.06331693]]
[[ 0.19081954  0.33501591 -0.01585101]]
[[ 0.08514242  0.1355901  -0.00271958]]
[[ 0.00461957  0.01670488  0.06304352]]
[[ 0.00820299  0.01792707  0.06335412]]
[[ 0.03893337  0.13778072 -0.00292927]]
[[ 0.03744951  0.09288753 -0.0015411 ]]
[[ 0.23251225  0.04238971 -0.01226849]]
[[ 0.17799872  0.01032847 -0.00834225]]
[[ 0.01494379  0.00977661 -0.07447282]]
[[ 0.01808644  0.00992538 -0.07105072]]
[[ 0.23673312  0.09756459 -0.01334697]]
[[ 0.14106427  0.06106402 -0.00585093]]
[[ 0.01225158  0.01020128  0.07405262]]
[[ 0.01553289  0.00973543  0.07087093]]
[[ 0.12814235  0.13646692 -0.00713572]]
[[ 0.08323541  0.07979633 -0.00383324]]
[[ 0.13393209  0.05667308 -0.00717576]]
[[ 0.10489531  0.03350513 -0.00605002]]
