[[-0.09161571 -0.01277009 -0.01076259]]
[[-0.1098079   0.04038312 -0.00982339]]
[[-0.11227316 -0.09092547 -0.00805437]]
[[-0.28071999 -0.09760979  0.00536303]]
[[-0.00761986 -0.00164963 -0.05130341]]
[[-0.00534037  0.00296409 -0.04876762]]
[[-0.19093823 -0.02067807 -0.00339079]]
[[-0.27804706  0.15958995  0.0066209 ]]
[[-0.01901988 -0.00970686 -0.00185305]]
[[-0.0151116  -0.00069775 -0.00847508]]
[[-0.1094695   0.06070736 -0.01069026]]
[[-0.07276049  0.11020752 -0.01121273]]
[[-0.03671155 -0.1054958  -0.01066651]]
[[-0.04411672 -0.18479395 -0.01196609]]
[[-0.00353717 -0.00657952 -0.05094307]]
[[-0.00135119 -0.00259898 -0.04712841]]
[[-0.17818986 -0.27538854  0.00158924]]
[[-0.93296213 -1.22232381  0.07379791]]
[[-0.00935111 -0.01928998  0.00371783]]
[[-0.00504039 -0.01302386 -0.0022429 ]]
[[-0.00116799 -0.00063265 -0.02496046]]
[[-0.00039145  0.00078299 -0.02364792]]
[[-0.00326569 -0.00093905 -0.04739569]]
[[-0.00124196  0.00250636 -0.04507422]]
[[-1.01058869 -0.11247048  0.08771338]]
[[-0.92201229  1.43291594  0.09479008]]
[[-0.00975989 -0.00945643 -0.00572865]]
[[-0.00553423 -0.00260999 -0.01247683]]
[[-0.1148683  -0.15049453  0.02555174]]
[[-0.23469773 -0.28592931  0.03130035]]
[[-0.00327312  0.00421083 -0.04739831]]
[[-0.00129011  0.00780708 -0.04627236]]
[[-0.18054552  0.23217307 -0.00411888]]
[[-0.04096499  0.19133121 -0.01076348]]
[[-0.01083414  0.00196245 -0.01512656]]
[[-0.00619763  0.01060705 -0.02035507]]
[[-0.03378432  0.0921151  -0.01477187]]
[[-0.01049614  0.08071777 -0.01412964]]
[[-0.00130659 -0.07143284 -0.01200117]]
[[ 0.01086766 -0.08569317 -0.01383385]]
[[ 0.00046094 -0.01197259 -0.05022576]]
[[ 0.00247363 -0.00890346 -0.04903778]]
[[ 0.00065101 -0.11817638 -0.01140554]]
[[ 0.04347715 -0.19361639 -0.01620931]]
[[-0.00107314 -0.02646249  0.00941301]]
[[ 0.00288547 -0.02288978  0.00561776]]
[[ 0.00036307 -0.0025617  -0.02527608]]
[[ 0.00110518 -0.00144929 -0.0238224 ]]
[[ 0.00058484 -0.00589759 -0.0475126 ]]
[[ 0.00243132 -0.00298458 -0.04549068]]
[[ 0.00345922 -0.54915276 -0.0078183 ]]
[[ 0.92468847 -1.43256362 -0.12179072]]
[[-0.00065486 -0.01827854  0.00212783]]
[[ 0.00334701 -0.01392476 -0.00323854]]
[[-0.01183556 -0.11537938  0.01740349]]
[[ 0.0122802  -0.16010209  0.0108003 ]]
[[ 0.00025411 -0.00023901 -0.01502221]]
[[ 0.00056577  0.00023678 -0.01496126]]
[[ 0.00036361 -0.00044049 -0.02287759]]
[[ 0.00110498  0.00059877 -0.02269625]]
[[ 0.00059363 -0.00042821 -0.04476744]]
[[ 0.00244295  0.00211244 -0.04385756]]
[[ 0.0017575   0.0005938  -0.01358364]]
[[ 0.93667883  1.22310125 -0.1009586 ]]
[[-0.00068139 -0.0089569  -0.00813467]]
[[ 0.00371368 -0.0039037  -0.01390533]]
[[-0.04702085 -0.25363914  0.01769883]]
[[  2.67198356e-02  -6.41877144e-01   2.99614312e-04]]
[[-0.0042263  -0.01083233  0.08254697]]
[[-0.00047766 -0.00655164  0.08963689]]
[[ 0.00034694  0.00161009 -0.02376103]]
[[ 0.00113417  0.00270108 -0.02486332]]
[[ 0.00059401  0.00459947 -0.04420864]]
[[ 0.00249559  0.00729767 -0.0444914 ]]
[[ -2.15976005e-04   5.48496571e-01  -1.91172359e-02]]
[[ 0.04553789  0.180817   -0.0150122 ]]
[[-0.0010204   0.00244611 -0.01829641]]
[[ 0.0037471   0.00911025 -0.02206422]]
[[-0.97198399 -1.51224354  0.12936494]]
[[ 0.00463483  0.0070338   0.00923687]]
[[ 0.00051851  0.01005392 -0.04589835]]
[[ 0.00260168  0.01259977 -0.04578993]]
[[ 0.00075717  0.11353468 -0.01550034]]
[[ 0.01204558  0.07698005 -0.01473084]]
[[-0.00147678  0.01661051 -0.02342326]]
[[ 0.00361755  0.02303995 -0.02322324]]
[[-0.00023518  0.06604978 -0.0160137 ]]
[[ 0.00666338  0.05547382 -0.01599057]]
[[ 0.03530825 -0.09515197 -0.01343091]]
[[ 0.07402979 -0.11183171 -0.01734669]]
[[ 0.0045349  -0.00552748 -0.04788326]]
[[ 0.00646472 -0.00356885 -0.04731171]]
[[ 0.18277881 -0.23249763 -0.02301916]]
[[ 0.27900117 -0.15912471 -0.03377468]]
[[ 0.00729615 -0.01712475  0.00198582]]
[[ 0.01156629 -0.01437133 -0.00237649]]
[[ 0.00187668 -0.00027714 -0.02336316]]
[[ 0.00267199  0.00044874 -0.02433808]]
[[  4.33654083e-03  -1.23492344e-05  -4.46413558e-02]]
[[ 0.00634231  0.00167175 -0.04515698]]
[[ 1.01287233  0.11353765 -0.11477551]]
[[ 0.28077398  0.09705528 -0.03251876]]
[[ 0.00789676 -0.00774768 -0.0080211 ]]
[[ 0.01262388 -0.00446106 -0.01231753]]
[[ 0.08252383 -0.22621215  0.00628701]]
[[ 0.24555691 -0.32920683 -0.01591267]]
[[ 0.00432362  0.00506241 -0.04447184]]
[[ 0.00658025  0.00699645 -0.04658503]]
[[ 0.179346    0.27329285 -0.02876485]]
[[ 0.07355586  0.09223617 -0.01694327]]
[[ 0.00844087  0.00349373 -0.01816546]]
[[ 0.01351943  0.00816161 -0.02040415]]
[[ 0.03375119  0.09824423 -0.01687492]]
[[ 0.03035131  0.06225055 -0.01693294]]
[[ 0.10962354 -0.06162336 -0.01790519]]
[[ 0.1078447  -0.04110332 -0.01864784]]
[[ 0.00852036  0.00035163 -0.04701794]]
[[ 0.01065935  0.00126492 -0.04787906]]
[[ 0.18921824  0.02064589 -0.02379855]]
[[ 0.10751946  0.01605311 -0.01831275]]
[[ 0.01630349 -0.00595352 -0.00589676]]
[[ 0.02093599 -0.0042411  -0.00890053]]
[[ 0.10750862  0.08500406 -0.01975872]]
[[ 0.06495284  0.04455049 -0.01823834]]
[[ 0.08751533  0.00910199 -0.01793828]]
[[ 0.07027386  0.00513337 -0.01859416]]
