[[-0.09224433 -0.01091307  0.01962315]]
[[-0.11041981  0.04213961  0.01944231]]
[[-0.11313844 -0.08898581  0.02214363]]
[[-0.28158442 -0.0956454   0.03353291]]
[[-0.01966079  0.00225074  0.0050565 ]]
[[-0.01473382  0.01199028  0.00384771]]
[[-0.19171837 -0.01871664  0.02493207]]
[[-0.27879033  0.16149313  0.03420044]]
[[-0.00942063 -0.00086434  0.05161995]]
[[-0.00700373  0.0033671   0.04895154]]
[[-0.11010161  0.062577    0.01829434]]
[[-0.07338809  0.11191762  0.017687  ]]
[[-0.0375973  -0.10381307  0.01878053]]
[[-0.04499744 -0.18300389  0.01566735]]
[[-0.01208873 -0.00850198  0.0159875 ]]
[[-0.00695083  0.00080377  0.01521786]]
[[-0.17913373 -0.2734248   0.02963854]]
[[-0.93387923 -1.22030909  0.10109935]]
[[-0.00516266 -0.00583827  0.05149056]]
[[-0.00279227 -0.00228316  0.04734289]]
[[-0.24674562  0.27761687  0.0105028 ]]
[[-0.07902782  0.24584368 -0.00249006]]
[[-0.01120141  0.00456773  0.0096131 ]]
[[-0.00618891  0.0119893   0.00731728]]
[[-1.01147432 -0.11042092  0.11505833]]
[[-0.92287396  1.4349359   0.12204984]]
[[-0.00480657 -0.00012345  0.04765115]]
[[-0.0026519   0.00289317  0.04513648]]
[[-0.00235799 -0.0003006   0.02465806]]
[[-0.00156154  0.00097077  0.02342962]]
[[-0.01005028  0.0145399   0.00166501]]
[[-0.00545424  0.02103098 -0.00031069]]
[[-0.18130907  0.23411942  0.0232698 ]]
[[-0.04172506  0.19314001  0.016409  ]]
[[-0.00483957  0.00512413  0.04721992]]
[[-0.0027951   0.00825349  0.04607169]]
[[-0.03445622  0.09382014  0.01375572]]
[[-0.01117628  0.08219305  0.01398989]]
[[-0.00202752 -0.07020363  0.01692977]]
[[ 0.01017152 -0.0843569   0.01441122]]
[[-0.00203153 -0.02183962  0.01905518]]
[[ 0.002895   -0.01504076  0.01996604]]
[[-0.0001668  -0.11654711  0.01605406]]
[[ 0.04269392 -0.19190709  0.01079333]]
[[-0.00115503 -0.01111931  0.05103117]]
[[ 0.00094253 -0.00848836  0.04930971]]
[[-0.00567263 -0.00429026 -0.01013086]]
[[ 0.98603081  1.29825699 -0.1069174 ]]
[[-0.00214859 -0.00706221  0.01910392]]
[[ 0.00264066 -0.00024406  0.0168711 ]]
[[ 0.00255842 -0.54721604  0.01918861]]
[[ 0.92381829 -1.43057713 -0.09463424]]
[[-0.00087526 -0.00505004  0.04788306]]
[[ 0.0010379  -0.00259387  0.04550027]]
[[-0.00081033 -0.00220101  0.02538394]]
[[ -5.22524620e-05  -1.25671547e-03   2.39590287e-02]]
[[ 0.00053469  0.00643851 -0.08955046]]
[[ 0.00441167  0.01103362 -0.08191363]]
[[-0.03121662  0.63928035 -0.01159418]]
[[ 0.04879583  0.24347849 -0.01356245]]
[[-0.00215462  0.00615946  0.01264177]]
[[ 0.00240401  0.01130726  0.00897724]]
[[ 0.00082539  0.00268261  0.0136781 ]]
[[ 0.9357676   1.22516156 -0.07367515]]
[[-0.00076915  0.0003982   0.0448017 ]]
[[ 0.00106739  0.00247062  0.04371062]]
[[-0.00080139 -0.00011011  0.02284094]]
[[ -4.90663715e-05   8.03864173e-04   2.27697765e-02]]
[[ -4.56822278e-04  -4.59648897e-05   1.50042968e-02]]
[[-0.00013961  0.00033354  0.01500353]]
[[-0.01326393  0.15687802 -0.01340527]]
[[ 0.01298601  0.11224732 -0.01517993]]
[[-0.00184006  0.01601727  0.00397178]]
[[ 0.0023899   0.02031765  0.0010517 ]]
[[-0.00110478  0.55051153  0.00796378]]
[[ 0.0446583   0.1827131   0.01196009]]
[[-0.00080869  0.00542754  0.0439112 ]]
[[ 0.00103315  0.00766456  0.04423394]]
[[-0.00080885  0.00195601  0.02359419]]
[[ -1.31119080e-05   2.90213113e-03   2.48577586e-02]]
[[-0.00154576  0.0244455  -0.00289924]]
[[ 0.00267259  0.0275948  -0.00436882]]
[[ -4.10275118e-05   1.15284969e-01   1.13819174e-02]]
[[ 0.01124731  0.07854266  0.01264099]]
[[-0.001       0.01091139  0.04520319]]
[[ 0.00105685  0.01298196  0.04532355]]
[[-0.00094202  0.06745571  0.01207274]]
[[ 0.00595948  0.05660057  0.01280642]]
[[ 0.0346076  -0.09357588  0.01477995]]
[[ 0.07337123 -0.1102099   0.01130573]]
[[ 0.00793318 -0.00623251  0.0188863 ]]
[[ 0.01247652 -0.00199377  0.0151962 ]]
[[ 0.18199653 -0.23061897  0.0041913 ]]
[[ 0.27825329 -0.15723664 -0.00630869]]
[[ 0.00299107 -0.00458648  0.04815604]]
[[ 0.00486852 -0.00311784  0.0472201 ]]
[[ 0.2297782   0.34165903 -0.03685576]]
[[ 0.11503668  0.12609698 -0.02310404]]
[[ 0.0071115   0.00693548  0.01278279]]
[[ 0.01132218  0.00971441  0.00813262]]
[[ 1.01198753  0.11559797 -0.08753365]]
[[ 0.27990636  0.09906691 -0.0051502 ]]
[[ 0.00287899  0.00080563  0.04447333]]
[[ 0.00476996  0.00201642  0.04488396]]
[[  7.08181556e-04   5.54489881e-05   2.36184245e-02]]
[[ 0.00150821  0.00063662  0.0246681 ]]
[[ 0.00642629  0.01695123  0.00455913]]
[[ 0.01086663  0.01923421  0.00097832]]
[[ 0.1784078   0.27532782 -0.00153712]]
[[ 0.07263202  0.09416197  0.01107036]]
[[ 0.00283923  0.00581545  0.04404292]]
[[ 0.00498308  0.00728368  0.0462387 ]]
[[ 0.03285387  0.10005968  0.01063545]]
[[ 0.02948505  0.06386542  0.01242115]]
[[ 0.10897205 -0.05979832  0.01103945]]
[[ 0.10722621 -0.03933525  0.01041645]]
[[ 0.01652833  0.00700844  0.01025908]]
[[ 0.02030824  0.00775048  0.00552369]]
[[ 0.18845044  0.02261942  0.00376757]]
[[ 0.10675428  0.01794676  0.01003291]]
[[ 0.00681821  0.00117     0.04681511]]
[[ 0.00891488  0.00159821  0.04762324]]
[[ 0.10662174  0.08701025  0.00833831]]
[[ 0.06410599  0.04641773  0.01192106]]
[[ 0.08687804  0.01097363  0.01131844]]
[[ 0.06965907  0.00687225  0.01181303]]
