[[-0.13931826 -0.03361399  0.00775411]]
[[-0.17140564  0.03502354  0.00815384]]
[[-0.1524172  -0.13132593  0.00910884]]
[[-0.33850402 -0.13811822  0.02110253]]
[[-0.01572027 -0.00622236 -0.07662406]]
[[-0.01228501  0.00196694 -0.0757898 ]]
[[-0.25483198 -0.05685102  0.01379592]]
[[-0.38179083  0.14119021  0.02469212]]
[[-0.01826859 -0.00593781  0.07744638]]
[[-0.01473888  0.00159818  0.07653161]]
[[-0.19160098  0.04962112  0.00799507]]
[[-0.17819334  0.14713962  0.00890743]]
[[-0.05830507 -0.15035877  0.00459894]]
[[-0.07004498 -0.23911705  0.00152205]]
[[-0.00870963 -0.01454662 -0.07506703]]
[[-0.00533248 -0.00767275 -0.07238055]]
[[-0.22006164 -0.33712829  0.01720729]]
[[-1.00579113 -1.31267113  0.08927644]]
[[-0.01097564 -0.01437389  0.07564397]]
[[-0.0073885  -0.00823091  0.07251219]]
[[-0.00258906 -0.00172795 -0.03749557]]
[[-0.00130371  0.00071482 -0.03599122]]
[[-0.00864781 -0.00541558 -0.07325363]]
[[-0.00547182  0.00096626 -0.07290593]]
[[-1.11607219 -0.19725554  0.10662644]]
[[-1.20418408  1.33283314  0.12751807]]
[[-0.01087479 -0.00515114  0.07389736]]
[[-0.00753418  0.00050608  0.07339696]]
[[-0.00432785 -0.0016051   0.03700327]]
[[-0.00303896  0.00060041  0.03566185]]
[[-0.00896328  0.00331517 -0.07670531]]
[[-0.00563093  0.01041187 -0.07801148]]
[[-0.36943267  0.20781283  0.02057122]]
[[-0.3220687   0.34684024  0.02431785]]
[[-0.01130678  0.00380006  0.07727444]]
[[-0.00788074  0.01010275  0.0786516 ]]
[[-0.14290198  0.15001875  0.00504793]]
[[-0.08464279  0.18994374  0.0053004 ]]
[[-0.00810062 -0.10913074  0.00152403]]
[[ 0.00579298 -0.13085554 -0.00151501]]
[[-0.00168746 -0.02290543 -0.07270991]]
[[ 0.00141102 -0.01805036 -0.07378131]]
[[-0.01234887 -0.17130759  0.00210761]]
[[ 0.03069163 -0.26397152 -0.003952  ]]
[[-0.00389369 -0.02255299  0.0730814 ]]
[[-0.0007309  -0.0184391   0.07335345]]
[[ -3.85322471e-05  -4.88182121e-03  -3.77305267e-02]]
[[ 0.00118001 -0.00296023 -0.03605301]]
[[-0.00189173 -0.01376718 -0.0722011 ]]
[[ 0.00100473 -0.00858116 -0.07237969]]
[[-0.03035728 -0.64295353  0.00700834]]
[[ 0.87640547 -1.61286173 -0.10783091]]
[[-0.0039369  -0.01347249  0.07242622]]
[[-0.00096054 -0.00905157  0.07212152]]
[[-0.00175678 -0.00475688  0.0377105 ]]
[[-0.00053727 -0.00309121  0.03611658]]
[[ 0.00016249 -0.00056491 -0.02152133]]
[[ 0.00064778  0.0002122  -0.02151955]]
[[ -3.66080227e-05  -1.41380196e-03  -3.47611780e-02]]
[[ 0.00118274  0.00041174 -0.03488334]]
[[-0.00221037 -0.00486341 -0.07191045]]
[[ 0.00088465  0.00018894 -0.07389757]]
[[-0.18002015 -0.27490301  0.01479996]]
[[ -3.96427446e-03  -3.30876781e-03  -2.53920834e-05]]
[[-0.00414129 -0.00458252  0.07217119]]
[[-0.00103764 -0.00034456  0.07392258]]
[[-0.00176431 -0.00130487  0.0346652 ]]
[[-0.00055232  0.00031217  0.03500718]]
[[-0.00085085 -0.0004993   0.02146473]]
[[-0.00036557  0.00013634  0.02157916]]
[[ -6.56114105e-05   1.94279744e-03  -3.65216688e-02]]
[[ 0.00122745  0.00387055 -0.03846697]]
[[-0.00233073  0.00390084 -0.07471556]]
[[ 0.00109812  0.00966893 -0.07827927]]
[[-1.01699968  0.43015719  0.0964462 ]]
[[-0.8850055   1.610907    0.10785253]]
[[-0.00434276  0.00427338  0.07497383]]
[[-0.00099663  0.00916337  0.07863209]]
[[-0.001798    0.00205758  0.03636901]]
[[-0.00051679  0.00373131  0.03863407]]
[[-0.00228833  0.0140557  -0.08007575]]
[[ 0.00164114  0.02000602 -0.08183277]]
[[-0.18508612  0.34357808  0.00915675]]
[[-0.03274721  0.27162437  0.00340673]]
[[-0.00454789  0.01455931  0.08014814]]
[[-0.00070767  0.01956639  0.08236949]]
[[-0.03423606  0.1602177  -0.00025197]]
[[-0.0009316   0.13761151  0.00043628]]
[[ 0.03445511 -0.15268805 -0.00039989]]
[[ 0.08171012 -0.18691259 -0.00546981]]
[[ 0.0047602  -0.01344496 -0.07505135]]
[[ 0.00803538 -0.00971248 -0.07751354]]
[[ 0.17927639 -0.34368622 -0.00922894]]
[[ 0.31652397 -0.35085323 -0.02439966]]
[[ 0.00258517 -0.012999    0.07500949]]
[[ 0.00576229 -0.01007884  0.07690616]]
[[ 0.00244865 -0.00114892 -0.03574888]]
[[ 0.00374333  0.00016633 -0.03755398]]
[[ 0.00428623 -0.00427549 -0.07433077]]
[[ 0.00794327 -0.00051941 -0.07854506]]
[[ 1.00907399 -0.43870683 -0.09629995]]
[[ 1.19817485 -1.34106517 -0.12782543]]
[[ 0.00225495 -0.00394389  0.07411784]]
[[ 0.00572479 -0.00106803  0.07811448]]
[[ 0.00070093 -0.00105327  0.03610924]]
[[  1.98125347e-03   2.37454865e-05   3.80945424e-02]]
[[ 0.0043553   0.00479203 -0.0780917 ]]
[[ 0.00859574  0.00933689 -0.08431867]]
[[ 0.17203681  0.26679258 -0.01482389]]
[[ 1.00387534  1.31408087 -0.0905112 ]]
[[ 0.00228472  0.00506543  0.07790633]]
[[ 0.00626524  0.00861949  0.08430297]]
[[ 0.0274979   0.64918181 -0.00796356]]
[[ 0.07949666  0.25085881 -0.00396863]]
[[ 0.13996627 -0.151874   -0.00520085]]
[[ 0.17778912 -0.1511091  -0.00941224]]
[[ 0.01188251 -0.00353255 -0.08016894]]
[[ 0.01604595 -0.00106577 -0.08441578]]
[[ 0.36710024 -0.21558577 -0.02095917]]
[[ 0.38639576 -0.14834938 -0.026391  ]]
[[ 0.00942012 -0.00314921  0.07964629]]
[[ 0.01341371 -0.00162778  0.08378405]]
[[ 1.11707716  0.19304433 -0.10803437]]
[[ 0.35238229  0.14564464 -0.02457951]]
[[ 0.19646363 -0.05247759 -0.00921286]]
[[ 0.181683   -0.03377237 -0.01048369]]
