[[-0.10159823 -0.00973967  0.03514613]]
[[-0.11856787  0.04696693  0.03476005]]
[[-0.12164366 -0.09070515  0.04424621]]
[[-0.28873175 -0.09340092  0.05567152]]
[[-0.09407533  0.02203661 -0.0350877 ]]
[[-0.08038739  0.07014326 -0.03358487]]
[[-0.19955765 -0.01650122  0.04340887]]
[[-0.28511811  0.16694895  0.0522272 ]]
[[-0.01156645 -0.00069371  0.06000897]]
[[-0.00872499  0.00441036  0.05683694]]
[[-0.1169258   0.06751042  0.03314751]]
[[-0.07873351  0.11952774  0.03179626]]
[[-0.04352086 -0.1100014   0.04455198]]
[[-0.04952752 -0.18580103  0.04290907]]
[[-0.22659955 -0.03653921 -0.02563881]]
[[-0.30867443  0.17634234 -0.01425987]]
[[-0.18523146 -0.27455332  0.05507356]]
[[-0.93849524 -1.21806347  0.12686082]]
[[-0.00660284 -0.00655196  0.06047888]]
[[-0.00380448 -0.00221991  0.05554417]]
[[-0.00808246  0.00278536 -0.07154271]]
[[-0.00468547  0.00894078 -0.06644694]]
[[-0.13222877  0.07217565 -0.03138293]]
[[-0.08575862  0.13199665 -0.03065051]]
[[-1.01720986 -0.1073046   0.13695631]]
[[-0.92699136  1.44086177  0.14314201]]
[[-0.0061804   0.00020986  0.05557192]]
[[-0.00362049  0.00389286  0.05262837]]
[[-0.00289925 -0.00027464  0.02885209]]
[[-0.00195031  0.00126002  0.02741408]]
[[-0.05683804  0.07201589 -0.03492733]]
[[-0.03153812  0.08654325 -0.03375059]]
[[-0.18616211  0.24008139  0.04027108]]
[[-0.04501747  0.20117953  0.03194347]]
[[-0.00617061  0.00637397  0.0548059 ]]
[[-0.0037348   0.01017168  0.05352912]]
[[-0.03847965  0.10160057  0.02636241]]
[[-0.01383288  0.0914191   0.02506766]]
[[-0.00405866 -0.08053168  0.04028959]]
[[ 0.0095608  -0.09301991  0.04070531]]
[[-0.18937932 -0.34346476 -0.02470736]]
[[-0.9458558  -1.27746872  0.04395667]]
[[-0.00274216 -0.12271013  0.04359692]]
[[ 0.04160276 -0.1954335   0.04017738]]
[[-0.0017917  -0.01288862  0.06074505]]
[[ 0.00069777 -0.00965488  0.05865671]]
[[-0.00148743 -0.00545988 -0.08169494]]
[[  1.85184712e-03  -1.97466918e-05  -7.70330721e-02]]
[[-1.0445857  -0.12065851  0.06507726]]
[[-0.93832051  1.46336228  0.07126927]]
[[ -4.66694498e-04  -5.48085622e-01   4.76397354e-02]]
[[ 0.92245526 -1.42870094 -0.06621173]]
[[-0.00151675 -0.00563298  0.05655996]]
[[ 0.00076399 -0.00261014  0.05373746]]
[[-0.00105951 -0.00252478  0.02982052]]
[[-0.00015776 -0.00137887  0.02815396]]
[[ 0.00016576  0.00033374 -0.03327524]]
[[ 0.00108811  0.00174005 -0.03281584]]
[[-0.00168193  0.00382281 -0.07009699]]
[[ 0.00159364  0.00836072 -0.06670821]]
[[-0.19841917  0.25870204 -0.02500519]]
[[-0.04394379  0.22279586 -0.03138096]]
[[-0.00220499  0.00649997  0.0387941 ]]
[[ 0.93442469  1.23111351 -0.05039538]]
[[-0.0014089   0.00084277  0.05254068]]
[[ 0.00079282  0.0034176   0.05129892]]
[[ -1.04856059e-03  -4.53682157e-05   2.67859193e-02]]
[[-0.00015361  0.00106305  0.02669733]]
[[ -5.74164901e-04  -2.67374949e-05   1.73587374e-02]]
[[-0.0001991   0.00043216  0.01735647]]
[[-0.00154288  0.01155144 -0.06427163]]
[[ 0.00173228  0.01548616 -0.06356042]]
[[-0.03776552  0.11295827 -0.03429563]]
[[-0.00680726  0.10052729 -0.03379196]]
[[-0.00370731  0.55739038  0.02713768]]
[[ 0.04355997  0.19097006  0.02887817]]
[[-0.0014221   0.00677708  0.05123091]]
[[ 0.0007925   0.00952337  0.05169436]]
[[-0.0010548   0.00240591  0.02759665]]
[[-0.00010827  0.00355379  0.02906183]]
[[-0.01329915  0.0779852  -0.03531527]]
[[ 0.00095507  0.07303391 -0.0344908 ]]
[[-0.00205935  0.1237866   0.02480754]]
[[ 0.01052604  0.08789341  0.02436081]]
[[-0.00158479  0.01319756  0.05260094]]
[[ 0.00088474  0.01571709  0.05285267]]
[[-0.00248313  0.07682824  0.02136382]]
[[ 0.00564991  0.06625147  0.02081286]]
[[ 0.03569899 -0.09974551  0.04388344]]
[[ 0.07617707 -0.11454325  0.04172371]]
[[ 0.00607536 -0.00263525 -0.04692509]]
[[ 0.97803287  1.24884491 -0.13647972]]
[[ 0.18262763 -0.23131652  0.03430206]]
[[ 0.28060671 -0.15604406  0.02246722]]
[[ 0.00313037 -0.00511275  0.05726212]]
[[ 0.00538237 -0.00326906  0.05615862]]
[[ 0.00510035  0.00437684 -0.07313368]]
[[ 0.00837291  0.00736409 -0.07147358]]
[[ 0.00741411  0.58752449 -0.04426203]]
[[ 0.06651781  0.2084395  -0.03979143]]
[[ 1.01228239  0.1197844  -0.06094215]]
[[ 0.28174475  0.1044727   0.01849802]]
[[ 0.00296429  0.00132632  0.05253553]]
[[ 0.00523921  0.00287388  0.0530576 ]]
[[ 0.00074309  0.00015172  0.02774762]]
[[ 0.00169337  0.00086459  0.0289651 ]]
[[ 0.00841013  0.14107784 -0.03732557]]
[[ 0.02785833  0.09685399 -0.03753935]]
[[ 0.17847959  0.28268531  0.01884555]]
[[ 0.07408304  0.10215004  0.02883174]]
[[ 0.00292238  0.00727455  0.05173849]]
[[ 0.00550535  0.00909565  0.05438439]]
[[ 0.03298603  0.10912794  0.0251056 ]]
[[ 0.03105275  0.07314014  0.02516638]]
[[ 0.11351825 -0.06044654  0.04080806]]
[[ 0.11324152 -0.03912835  0.03754866]]
[[ 0.22768982  0.30113666 -0.06159845]]
[[ 0.11593514  0.10092444 -0.0460716 ]]
[[ 0.1922742   0.02674545  0.02951651]]
[[ 0.11183507  0.02234876  0.03246258]]
[[ 0.00772198  0.00174669  0.05567451]]
[[ 0.0102473   0.00234204  0.05662899]]
[[ 0.10968943  0.09438544  0.0286923 ]]
[[ 0.06853083  0.05375509  0.02975045]]
[[ 0.09399505  0.01468258  0.03482688]]
[[ 0.07769321  0.01016553  0.03199871]]
