[[-0.09156857 -0.01144593 -0.0110839 ]]
[[-0.10971467  0.04173426 -0.00965346]]
[[-0.11228403 -0.08961475 -0.00921435]]
[[-0.28070732 -0.09621329  0.00469651]]
[[-0.00759791 -0.00120426 -0.05137308]]
[[-0.0053198   0.00340434 -0.04871521]]
[[-0.19091134 -0.01928369 -0.00367375]]
[[-0.27796837  0.16101329  0.00681187]]
[[-0.01909138 -0.00116123 -0.00549762]]
[[-0.01427935  0.0087216  -0.00621736]]
[[-0.10936022  0.06211588 -0.01008347]]
[[-0.07263109  0.1115605  -0.01014072]]
[[-0.03669419 -0.10438698 -0.01250122]]
[[-0.0440812  -0.1835557  -0.01334531]]
[[-0.00351209 -0.00612652 -0.05121716]]
[[-0.00133175 -0.00215472 -0.04727339]]
[[-0.17819826 -0.27405658  0.00051565]]
[[-0.9329319  -1.22090346  0.07317627]]
[[-0.01025483 -0.01231326 -0.01053167]]
[[-0.00536634 -0.00380037 -0.01234779]]
[[-0.00115825 -0.00043813 -0.02498012]]
[[-0.00038424  0.0009739  -0.02362801]]
[[-0.00325242 -0.00049569 -0.04745386]]
[[-0.00122521  0.00294712 -0.0450223 ]]
[[-1.01056362 -0.11101483  0.08746514]]
[[-0.92195869  1.43438982  0.09499818]]
[[-0.00994761  0.00043931 -0.00985206]]
[[-0.00518122  0.00804539 -0.00977267]]
[[-0.34335481  0.09617295  0.04493364]]
[[-0.21958281  0.31320286  0.0349547 ]]
[[-0.00326053  0.00466319 -0.047247  ]]
[[-0.00127824  0.00825975 -0.04600963]]
[[-0.18046674  0.2336216  -0.00351709]]
[[-0.04089313  0.19270336 -0.00972924]]
[[-0.00962618  0.01174827 -0.00626707]]
[[-0.00507685  0.01885526 -0.00491465]]
[[-0.03369134  0.09342577 -0.01331994]]
[[-0.01043665  0.08187824 -0.01230765]]
[[-0.001223   -0.07061468 -0.01429985]]
[[ 0.01098005 -0.08472767 -0.01580177]]
[[ 0.00048797 -0.01153052 -0.05069886]]
[[ 0.00249892 -0.00845753 -0.04938411]]
[[ 0.00071269 -0.11707375 -0.01309747]]
[[ 0.04357475 -0.19240279 -0.01751978]]
[[-0.00079803 -0.02356271 -0.00904636]]
[[ 0.00373598 -0.01790927 -0.01157901]]
[[ 0.00037327 -0.00235605 -0.02536403]]
[[ 0.00111335 -0.00125299 -0.02386884]]
[[ 0.00060183 -0.00545108 -0.04776107]]
[[ 0.00245111 -0.00254571 -0.04562539]]
[[ 0.00350105 -0.54781497 -0.00882379]]
[[ 0.9247546  -1.4311555  -0.12238514]]
[[-0.00065106 -0.01109165 -0.01277386]]
[[ 0.00372432 -0.00487535 -0.01363879]]
[[-0.95525276 -1.50536104  0.12760294]]
[[ 0.00580648 -0.00445417  0.00852027]]
[[ 0.00025828 -0.00013095 -0.01502968]]
[[ 0.00057046  0.00034365 -0.01495095]]
[[ 0.00036942 -0.00024979 -0.02289408]]
[[ 0.00111143  0.00078776 -0.02267552]]
[[  6.05318570e-04   1.48204536e-05  -4.48165464e-02]]
[[ 0.00245503  0.00255204 -0.04380332]]
[[ 0.00178595  0.00207083 -0.01381212]]
[[ 0.93670247  1.22457459 -0.10074319]]
[[-0.00080488  0.00155396 -0.01266689]]
[[ 0.00347119  0.00702749 -0.01137074]]
[[-0.97180359  1.2588189   0.10508844]]
[[ 0.00336384  0.60119985  0.01697881]]
[[-0.00420665  0.00149993  0.08844391]]
[[-0.00016442  0.00639228  0.08603437]]
[[ 0.00035096  0.00180921 -0.02370955]]
[[ 0.00114159  0.00290531 -0.02477098]]
[[ 0.00060242  0.0050473  -0.04406604]]
[[ 0.00250194  0.00774571 -0.04423558]]
[[ -1.95029928e-04   5.49956166e-01  -1.85138304e-02]]
[[ 0.04552581  0.182193   -0.01398937]]
[[-0.00094976  0.01277295 -0.00867735]]
[[ 0.00313482  0.01773407 -0.00627878]]
[[-0.05820152  0.22851327  0.01595913]]
[[ 0.00646438  0.15938863  0.01537562]]
[[ 0.00052149  0.01051304 -0.04553558]]
[[ 0.00260747  0.01304578 -0.04530327]]
[[ 0.00076913  0.11482729 -0.01411645]]
[[ 0.01201397  0.07813836 -0.01296033]]
[[-0.00117406  0.02301389 -0.00356284]]
[[ 0.00300472  0.02672001 -0.00135788]]
[[-0.00023579  0.06709587 -0.01389393]]
[[ 0.00662823  0.05633993 -0.01354811]]
[[ 0.03543262 -0.09405034 -0.01510643]]
[[ 0.07417879 -0.11064126 -0.01868081]]
[[ 0.00455288 -0.00508333 -0.04812993]]
[[ 0.00648428 -0.00313393 -0.0474511 ]]
[[ 0.18287715 -0.2311784  -0.02399837]]
[[ 0.27909739 -0.15777047 -0.03435641]]
[[ 0.00840798 -0.01017723 -0.01247029]]
[[ 0.01262391 -0.00620823 -0.01220485]]
[[  1.88191178e-03  -8.69238303e-05  -2.33784349e-02]]
[[ 0.00268101  0.00063827 -0.02431533]]
[[ 0.00434843  0.00042441 -0.0446871 ]]
[[ 0.00635146  0.00210395 -0.04509684]]
[[ 1.01290614  0.11498218 -0.11499198]]
[[ 0.28077218  0.09847449 -0.03230502]]
[[ 0.00796541  0.00228916 -0.01272045]]
[[ 0.01199339  0.00557093 -0.01044727]]
[[ 0.96765987  1.4741829  -0.10663516]]
[[ 0.23770382  0.26187701 -0.0062326 ]]
[[ 0.00432717  0.00550695 -0.04432455]]
[[ 0.00659015  0.00744148 -0.04631562]]
[[ 0.17930758  0.27471853 -0.02816425]]
[[ 0.07347316  0.09358863 -0.01590795]]
[[ 0.00734964  0.01345535 -0.00917942]]
[[ 0.01160439  0.01647617 -0.00624229]]
[[ 0.03367624  0.09951759 -0.01548502]]
[[ 0.03025395  0.06340441 -0.01510541]]
[[ 0.10975061 -0.06034186 -0.01890406]]
[[ 0.1079467  -0.03982103 -0.01924234]]
[[ 0.00853169  0.00078031 -0.04706491]]
[[ 0.010673    0.00168975 -0.0478141 ]]
[[ 0.18925462  0.02201065 -0.02401102]]
[[ 0.10750231  0.0173826  -0.01810074]]
[[ 0.01662002  0.00275082 -0.01037354]]
[[ 0.02038988  0.00412473 -0.00789189]]
[[ 0.10743669  0.08636579 -0.01915987]]
[[ 0.06485651  0.0458517  -0.01719015]]
[[ 0.0875497   0.01037015 -0.01815948]]
[[ 0.07026696  0.00636497 -0.01839466]]
