[[-0.09941774 -0.01452252 -0.02770797]]
[[-0.11663386  0.04196115 -0.02797881]]
[[-0.1178786 -0.0956396 -0.0265621]]
[[-0.28522929 -0.09943397 -0.01433232]]
[[-0.00918885 -0.00201845 -0.05967022]]
[[-0.00651659  0.00345471 -0.05681021]]
[[-0.19661754 -0.02220205 -0.02243635]]
[[-0.28262961  0.16088809 -0.01354113]]
[[-0.12609199 -0.04634599  0.04703237]]
[[-0.20511105  0.02342759  0.0502736 ]]
[[-0.115216    0.06229972 -0.03005532]]
[[-0.07731607  0.11484621 -0.0311335 ]]
[[-0.03988529 -0.11294823 -0.02773191]]
[[-0.04622481 -0.19016813 -0.03069064]]
[[-0.00435982 -0.00780996 -0.05917908]]
[[-0.00178994 -0.00311338 -0.0547901 ]]
[[-0.18145979 -0.27990526 -0.01802743]]
[[-0.93524738 -1.22453104  0.0525865 ]]
[[-0.0845143  -0.12404895  0.0454395 ]]
[[-0.18848116 -0.23967449  0.04766086]]
[[-0.00144885 -0.00071166 -0.02911546]]
[[-0.00052999  0.00097298 -0.02760279]]
[[-0.00405554 -0.00119942 -0.0551348 ]]
[[-0.00167205  0.00289924 -0.05254987]]
[[-1.01404378 -0.11383779  0.06671282]]
[[-0.92436372  1.4339976   0.07263216]]
[[-0.2891959  -0.16376175  0.05898336]]
[[-1.01900105  0.11409918  0.13699664]]
[[-0.00932138 -0.00371311  0.06989765]]
[[-0.00630095  0.00143159  0.06884016]]
[[-0.00408202  0.00488254 -0.05534605]]
[[-0.00173925  0.00918141 -0.05420463]]
[[-0.18398945  0.23403999 -0.02517256]]
[[-0.04315381  0.19579358 -0.03179236]]
[[-0.29237007  0.10276875  0.05687996]]
[[-0.1866447   0.28932758  0.05118521]]
[[-0.03714178  0.09745966 -0.03444563]]
[[-0.01253405  0.08852691 -0.03243298]]
[[-0.00208008 -0.08066203 -0.02561172]]
[[ 0.01107637 -0.0940267  -0.02959649]]
[[ 0.00035138 -0.01407712 -0.05851036]]
[[ 0.00271211 -0.01047303 -0.05713569]]
[[-0.00020264 -0.12547848 -0.02853919]]
[[ 0.04357559 -0.19936337 -0.03536961]]
[[-0.01318671 -0.10051024  0.04069465]]
[[ 0.0009398  -0.1332111   0.03660219]]
[[ 0.00036238 -0.00298415 -0.02949628]]
[[ 0.00123899 -0.00166117 -0.02782097]]
[[ 0.00049271 -0.00701245 -0.05526272]]
[[ 0.00266315 -0.00356952 -0.05299275]]
[[ 0.00242281 -0.55359745 -0.02825597]]
[[ 0.92471725 -1.43513925 -0.14396591]]
[[-0.04538477 -0.2048148   0.04114866]]
[[-0.00238236 -0.55720364  0.03005968]]
[[-0.00329652 -0.01100369  0.06983374]]
[[-0.00042413 -0.00720599  0.06879   ]]
[[ 0.00026621 -0.00024389 -0.01732924]]
[[ 0.00063327  0.00032038 -0.01725779]]
[[ 0.00036323 -0.0004849  -0.02671474]]
[[ 0.00123947  0.00075514 -0.0265165 ]]
[[ 0.00049997 -0.00060667 -0.05214001]]
[[ 0.00267994  0.00243115 -0.05123927]]
[[ 0.00057734 -0.00059589 -0.03621254]]
[[ 0.9367174   1.2239564  -0.12429028]]
[[-0.92761803 -1.43749731  0.14392352]]
[[ -1.71456603e-03  -9.06700777e-05   3.35998992e-02]]
[[-0.00329598 -0.00300275  0.06714039]]
[[-0.00037414  0.00077683  0.06830727]]
[[-0.00128307 -0.00077625  0.03283665]]
[[-0.0003781   0.00039704  0.03302017]]
[[ 0.00034339  0.00194102 -0.02774833]]
[[ 0.00127465  0.00324747 -0.02903783]]
[[ 0.00049697  0.00533342 -0.05170675]]
[[ 0.00274737  0.00857784 -0.05224634]]
[[-0.00136761  0.5507399  -0.04167973]]
[[ 0.04568588  0.18517627 -0.03693181]]
[[-0.9392275   1.228468    0.12132276]]
[[ 0.00208279  0.56425515  0.03840691]]
[[-0.00332716  0.00501973  0.07036454]]
[[-0.00021261  0.00900992  0.07344196]]
[[ 0.00040766  0.01181295 -0.05396977]]
[[ 0.00288409  0.01490889 -0.05403965]]
[[-0.00023135  0.11925603 -0.03569787]]
[[ 0.01235747  0.08462821 -0.03340216]]
[[-0.04713391  0.20586917  0.03519837]]
[[ 0.00567119  0.14215247  0.03439103]]
[[-0.00108644  0.07486212 -0.03265977]]
[[ 0.00714924  0.06545005 -0.03049886]]
[[ 0.03668445 -0.10233675 -0.03120938]]
[[ 0.07653096 -0.11793135 -0.03722471]]
[[ 0.00513076 -0.00657774 -0.05585426]]
[[ 0.00739907 -0.00424754 -0.05531838]]
[[ 0.18405824 -0.23676001 -0.04393947]]
[[ 0.28153013 -0.16196057 -0.05591076]]
[[ 0.04930718 -0.19559312  0.03561522]]
[[ 0.18763949 -0.28515667  0.01998915]]
[[ 0.0021486  -0.00029162 -0.0273007 ]]
[[ 0.00308823  0.0005792  -0.0284471 ]]
[[ 0.00490682 -0.00011561 -0.05214591]]
[[ 0.00727346  0.00192214 -0.05295041]]
[[ 1.01416792  0.112616   -0.13788441]]
[[ 0.28340294  0.0976537  -0.055641  ]]
[[ 0.93792384 -1.22727394 -0.05355105]]
[[ 1.02206656 -0.1139028  -0.06898072]]
[[ 0.00256957 -0.00233018  0.06957333]]
[[ 0.0056905   0.00019761  0.07277273]]
[[ 0.00490335  0.00588283 -0.05216553]]
[[ 0.00757482  0.00823241 -0.05487239]]
[[ 0.1806689   0.27589184 -0.05185216]]
[[ 0.07625502  0.09638979 -0.03915558]]
[[ 0.92714256  1.44118617 -0.07626664]]
[[ 0.19907993  0.25022189  0.02184842]]
[[ 0.03516475  0.10438543 -0.03772671]]
[[ 0.03325947  0.06972192 -0.03637861]]
[[ 0.11348163 -0.06559063 -0.03901901]]
[[ 0.11304361 -0.04417897 -0.04018301]]
[[ 0.00982621  0.00032565 -0.05515683]]
[[ 0.01236285  0.00146356 -0.05638089]]
[[ 0.1931386   0.02009018 -0.04612722]]
[[ 0.11283724  0.01639998 -0.04029557]]
[[ 0.29716069 -0.09882951  0.01426588]]
[[ 0.21520953 -0.01621567  0.02158688]]
[[ 0.11149771  0.0879616  -0.04232657]]
[[ 0.07043543  0.0485037  -0.0400204 ]]
[[ 0.09407877  0.00894643 -0.03898776]]
[[ 0.0780885   0.00534541 -0.0389023 ]]
