[[-0.10109161 -0.0127195   0.03403352]]
[[-0.11850712  0.04365477  0.03497402]]
[[-0.12048571 -0.09373602  0.03913661]]
[[-0.28801637 -0.09731185  0.0518633 ]]
[[-0.10194765 -0.01308558 -0.03497102]]
[[-0.11955376  0.04628824 -0.03223683]]
[[-0.19905697 -0.02017765  0.04191194]]
[[-0.28515785  0.16297051  0.05234648]]
[[-0.01161292 -0.00141997  0.05947534]]
[[-0.00882385  0.00367609  0.05658358]]
[[-0.11725987  0.06409198  0.03490126]]
[[-0.07943666  0.11643071  0.03493412]]
[[-0.04266959 -0.11167474  0.03568084]]
[[-0.04914524 -0.18853124  0.03460153]]
[[-0.12146687 -0.09996213 -0.03294656]]
[[-0.29147766 -0.09998089 -0.01725702]]
[[-0.18446602 -0.27799976  0.0488451 ]]
[[-0.93832116 -1.22232769  0.12218786]]
[[-0.00666558 -0.00727098  0.05943997]]
[[-0.0039151  -0.00296054  0.05481709]]
[[-0.00844651 -0.001745   -0.06829108]]
[[-0.00554379  0.00440427 -0.06641509]]
[[-0.20149712 -0.02050992 -0.02571368]]
[[-0.288166    0.16723504 -0.01386096]]
[[-1.01697163 -0.11163612  0.13496196]]
[[-0.92730524  1.43636812  0.14317895]]
[[-0.00626825 -0.00056098  0.05509396]]
[[-0.00376239  0.00312865  0.05243424]]
[[-0.00294863 -0.00051018  0.02868986]]
[[-0.00200509  0.00103387  0.02732089]]
[[-0.11805433  0.06885417 -0.03183712]]
[[-0.07867658  0.1255337  -0.03105759]]
[[-0.18659775  0.23611582  0.04223995]]
[[-0.04575761  0.19775967  0.03549485]]
[[-0.00630233  0.00559306  0.05484666]]
[[-0.00390045  0.00942913  0.05383243]]
[[-0.03933382  0.09888899  0.03073352]]
[[-0.014722    0.08958542  0.03018669]]
[[-0.00434284 -0.0804175   0.03097328]]
[[ 0.00870811 -0.09354175  0.03118246]]
[[-0.03564552 -0.12683718 -0.03659139]]
[[-0.04492202 -0.20773068 -0.03802555]]
[[-0.00292122 -0.12444404  0.03419638]]
[[ 0.04079482 -0.19799682  0.0315124 ]]
[[-0.00191819 -0.0134879   0.05926525]]
[[ 0.00051568 -0.01029747  0.05745266]]
[[-0.00263256 -0.00934465 -0.07262289]]
[[ 0.0001574  -0.00426893 -0.07144087]]
[[-0.18668793 -0.28834644 -0.02183164]]
[[-0.94266912 -1.22686332  0.05168797]]
[[-0.00061716 -0.55180083  0.04059623]]
[[ 0.9216747  -1.43301067 -0.07118804]]
[[-0.00164787 -0.00637437  0.05560522]]
[[ 0.00057648 -0.00335248  0.05308557]]
[[-0.00111709 -0.00276509  0.02955596]]
[[-0.00022262 -0.00160317  0.02796316]]
[[-0.0001033  -0.00045613 -0.03293055]]
[[ 0.00080191  0.00101641 -0.03284059]]
[[-0.00278565 -0.00097706 -0.0671789 ]]
[[ 0.00012387  0.00390089 -0.0676043 ]]
[[-1.02184318 -0.11181497  0.06686188]]
[[-0.93098812  1.44321115  0.07484362]]
[[-0.0025497   0.0017119   0.03645806]]
[[ 0.93362836  1.22645618 -0.05013931]]
[[ -1.55643137e-03   3.88506926e-05   5.21328844e-02]]
[[ 0.00060435  0.00264457  0.05117695]]
[[-0.00110476 -0.00028121  0.02665124]]
[[-0.00021968  0.00083722  0.0266277 ]]
[[-0.00060383 -0.00013501  0.01729768]]
[[-0.00023226  0.00032966  0.01731778]]
[[-0.00264563  0.00698476 -0.0673186 ]]
[[ 0.00051345  0.0119043  -0.06944101]]
[[-0.18851977  0.24385455 -0.02381263]]
[[-0.04318277  0.21158365 -0.03056544]]
[[-0.00433282  0.55306123  0.02943608]]
[[ 0.04276935  0.18743756  0.03298962]]
[[-0.00158714  0.00597545  0.05133576]]
[[ 0.00060313  0.00877912  0.05207824]]
[[-0.00111351  0.00215513  0.02757424]]
[[-0.00017994  0.00330806  0.02910356]]
[[-0.03495778  0.11215926 -0.03449178]]
[[-0.00497136  0.10234444 -0.03373346]]
[[-0.00284423  0.1209684   0.02967164]]
[[ 0.00979239  0.08606722  0.03003969]]
[[-0.0017593   0.01245016  0.05318848]]
[[ 0.00068911  0.01506609  0.05369534]]
[[-0.00325294  0.07561834  0.02692697]]
[[ 0.00502879  0.06586226  0.02651314]]
[[ 0.03422308 -0.10158026  0.03476942]]
[[ 0.07408109 -0.11688918  0.03396244]]
[[ 0.00291287 -0.56898162 -0.03326131]]
[[ 0.92956984 -1.44318922 -0.14766972]]
[[ 0.18124532 -0.23512914  0.02746209]]
[[ 0.27877842 -0.16004886  0.01841404]]
[[ 0.00290579 -0.0058693   0.0563761 ]]
[[ 0.00511104 -0.00399484  0.055584  ]]
[[ 0.00314553 -0.00037736 -0.07153511]]
[[ 0.0063931   0.00333334 -0.07397073]]
[[-0.00451233  0.00241501 -0.03515525]]
[[ 0.93998631  1.23509665 -0.12356626]]
[[ 1.01112297  0.11490714 -0.06291078]]
[[ 0.28042598  0.10009892  0.01952799]]
[[ 0.00274819  0.00051645  0.05220741]]
[[ 0.00499644  0.00212162  0.05303749]]
[[  6.71320673e-04  -8.75033512e-05   2.76326379e-02]]
[[ 0.0016066   0.00063786  0.02891665]]
[[-0.00174954  0.56720345 -0.04016318]]
[[ 0.05844467  0.2052345  -0.03842828]]
[[ 0.17758133  0.27833855  0.02171602]]
[[ 0.07323414  0.0987941   0.03368975]]
[[ 0.00271976  0.00646692  0.05193616]]
[[ 0.00527068  0.00835973  0.0548912 ]]
[[ 0.03227804  0.10635881  0.03066438]]
[[ 0.03046814  0.07141509  0.03162801]]
[[ 0.11108679 -0.06413885  0.0356411 ]]
[[ 0.11078026 -0.04258191  0.0355409 ]]
[[ 1.02997297  0.11719233 -0.1413954 ]]
[[ 0.31142872  0.10820293 -0.06049526]]
[[ 0.19042949  0.02223193  0.02885161]]
[[ 0.11022984  0.0186179   0.03477301]]
[[ 0.00743522  0.00095369  0.05545242]]
[[ 0.00994081  0.00162554  0.05674321]]
[[ 0.10856734  0.09039496  0.03243125]]
[[ 0.06765953  0.05081878  0.03540854]]
[[ 0.09193758  0.01086524  0.03599379]]
[[ 0.07617218  0.00718657  0.03560903]]
