[[-0.10009467 -0.01283973 -0.02517731]]
[[-0.11734802  0.04381864 -0.02479515]]
[[-0.11918521 -0.09387972 -0.02632308]]
[[-0.28660243 -0.09717335 -0.01365678]]
[[-0.00945623 -0.00162107 -0.05939745]]
[[-0.00678024  0.00391289 -0.05645957]]
[[-0.19773364 -0.02029159 -0.02045087]]
[[-0.28375637  0.16308071 -0.01095221]]
[[-0.10320246 -0.01293667  0.0454221 ]]
[[-0.12065318  0.04612577  0.04397685]]
[[-0.11598884  0.06400944 -0.02625447]]
[[-0.07811944  0.11657909 -0.02675482]]
[[-0.04130531 -0.11181673 -0.02991976]]
[[-0.04771024 -0.18835753 -0.03282983]]
[[-0.00463817 -0.00741529 -0.05935138]]
[[-0.00206456 -0.00263984 -0.05488546]]
[[-0.18301007 -0.2780997  -0.0188463 ]]
[[-0.936835   -1.22216112  0.05209399]]
[[-0.12250556 -0.09988747  0.04707849]]
[[-0.29232585 -0.10026879  0.05659426]]
[[-0.00153883 -0.00058377 -0.02909047]]
[[-0.00061741  0.00112101 -0.02755897]]
[[-0.00433715 -0.00078736 -0.05502121]]
[[-0.00194354  0.00337348 -0.05236415]]
[[-1.0154955  -0.11175642  0.06782017]]
[[-0.92582841  1.43646245  0.07430279]]
[[-0.20244496 -0.02032806  0.04865353]]
[[-0.28898904  0.167036    0.05644433]]
[[-0.01099709 -0.00149855  0.06834128]]
[[-0.00800265  0.00414772  0.06662165]]
[[-0.00434709  0.00528772 -0.05493213]]
[[-0.0019989   0.00963654 -0.0537169 ]]
[[-0.18516953  0.23597283 -0.02204754]]
[[-0.04435117  0.19782704 -0.02818884]]
[[-0.11903868  0.06914158  0.04160298]]
[[-0.07960172  0.12539979  0.03999152]]
[[-0.0380149   0.09880401 -0.0297623 ]]
[[-0.01344925  0.08970236 -0.02767864]]
[[-0.00309808 -0.08050572 -0.02913622]]
[[ 0.01004266 -0.09331247 -0.03354814]]
[[ 0.00010386 -0.01374819 -0.05909163]]
[[ 0.00246804 -0.0100508  -0.05765698]]
[[-0.00152149 -0.12451094 -0.03177035]]
[[ 0.04223456 -0.19776777 -0.03876462]]
[[-0.03667476 -0.12665123  0.04152069]]
[[-0.04585872 -0.2079212   0.03793723]]
[[ 0.00027794 -0.00285105 -0.02957495]]
[[ 0.00115534 -0.00151033 -0.02787925]]
[[ 0.00022453 -0.00662086 -0.05557794]]
[[ 0.00239973 -0.00310626 -0.05323702]]
[[ 0.00085375 -0.5518787  -0.03037744]]
[[ 0.92313866 -1.43282032 -0.14590265]]
[[-0.18754246 -0.28815555  0.05239814]]
[[-0.94346061 -1.22707274  0.12234888]]
[[-0.00513523 -0.00911227  0.07305032]]
[[-0.00226274 -0.00465892  0.07181157]]
[[ 0.00022573 -0.0001848  -0.01733309]]
[[ 0.00059328  0.00038846 -0.01725483]]
[[ 0.00027697 -0.00035701 -0.02672458]]
[[ 0.00115426  0.00090211 -0.02650769]]
[[ 0.0002209  -0.00019056 -0.0521786 ]]
[[ 0.00240385  0.00291177 -0.05120621]]
[[-0.00106905  0.00156345 -0.03636345]]
[[ 0.93508166  1.22656364 -0.12393556]]
[[-1.0225999  -0.11162139  0.13670153]]
[[-0.93175934  1.44297179  0.14263641]]
[[-0.00520212 -0.00067593  0.06748802]]
[[-0.00225287  0.00364113  0.068095  ]]
[[-0.00159105 -0.00034936  0.03288997]]
[[-0.00068198  0.00089984  0.03300577]]
[[ 0.00025631  0.0020738  -0.02769036]]
[[ 0.00118874  0.00340133 -0.02895938]]
[[ 0.00022252  0.00574712 -0.05146247]]
[[ 0.00247342  0.00904426 -0.05192354]]
[[-0.00287815  0.55285758 -0.03954543]]
[[ 0.04418494  0.1874663  -0.03437238]]
[[-0.1893257   0.24405509  0.04431499]]
[[-0.04404876  0.21135402  0.03723292]]
[[-0.00504465  0.00738242  0.06743687]]
[[-0.00188728  0.01166748  0.06997283]]
[[ 0.00014535  0.01219852 -0.05342545]]
[[ 0.00262265  0.01531679 -0.05342531]]
[[-0.00147871  0.12079055 -0.03188745]]
[[ 0.01109884  0.08607147 -0.0295067 ]]
[[-0.03589245  0.11237691  0.03480219]]
[[-0.00594456  0.10215291  0.03468316]]
[[-0.00205015  0.07549561 -0.02810301]]
[[ 0.00615285  0.06589586 -0.0262483 ]]
[[ 0.03563397 -0.10159345 -0.03558879]]
[[ 0.07552129 -0.11661204 -0.04187133]]
[[ 0.00487899 -0.00619887 -0.05632744]]
[[ 0.007147   -0.00379965 -0.05572581]]
[[ 0.18270012 -0.23521807 -0.0474441 ]]
[[ 0.28022604 -0.15985208 -0.05923128]]
[[ 0.00198351 -0.56869119  0.0408254 ]]
[[ 0.92858526 -1.4433278  -0.07507194]]
[[ 0.00206142 -0.00016466 -0.02734464]]
[[ 0.00300039  0.00072527 -0.0284723 ]]
[[ 0.00463534  0.00029032 -0.05233531]]
[[ 0.00699784  0.00239334 -0.05306756]]
[[ 1.0125751   0.11473268 -0.13952636]]
[[ 0.28186224  0.1002161  -0.05674643]]
[[-0.00535426  0.00260317  0.03366513]]
[[ 0.93903114  1.2348474  -0.05467344]]
[[  7.13408044e-04  -2.40494909e-05   7.21151947e-02]]
[[ 0.00391864  0.00300227  0.07468153]]
[[ 0.00461997  0.00629874 -0.0520724 ]]
[[ 0.00729303  0.00869862 -0.05469608]]
[[ 0.17901793  0.27810391 -0.05105124]]
[[ 0.07464495  0.09881006 -0.03786757]]
[[-0.00261978  0.5673166   0.02763813]]
[[ 0.05744974  0.20492423  0.03181851]]
[[ 0.03365325  0.10609399 -0.0349457 ]]
[[ 0.03178598  0.0713633  -0.03340847]]
[[ 0.11253078 -0.06424802 -0.04370026]]
[[ 0.11219224 -0.04237036 -0.04451321]]
[[ 0.00956552  0.00071308 -0.05550585]]
[[ 0.01210392  0.00191158 -0.05665446]]
[[ 0.19186867  0.02204559 -0.04905332]]
[[ 0.11163332  0.01872983 -0.04258403]]
[[ 1.02888574  0.11737925 -0.06984683]]
[[ 0.31027133  0.10796158  0.01166745]]
[[ 0.10998251  0.09013875 -0.04290867]]
[[ 0.06901216  0.05084028 -0.04001623]]
[[ 0.09328692  0.0106657  -0.0427482 ]]
[[ 0.07738455  0.00731236 -0.04192326]]
