[[-0.09963779 -0.01102561 -0.02798267]]
[[-0.11652725  0.04567388 -0.02654277]]
[[-0.1186531  -0.09206423 -0.03081277]]
[[-0.28569965 -0.0951642  -0.01691955]]
[[-0.00919237 -0.00115101 -0.0597786 ]]
[[-0.00649972  0.00432507 -0.05660454]]
[[-0.19691216 -0.01815493 -0.02296643]]
[[-0.2825762   0.16512986 -0.01212019]]
[[-0.12963509  0.01406793  0.04719946]]
[[-0.12352358  0.09446521  0.04545256]]
[[-0.11488325  0.0661298  -0.02688492]]
[[-0.07679459  0.11829172 -0.02614214]]
[[-0.04057464 -0.11047788 -0.03544709]]
[[-0.04661185 -0.18665592 -0.03730455]]
[[-0.0043706  -0.00693224 -0.05990009]]
[[-0.00178736 -0.0022074  -0.05517841]]
[[-0.18204175 -0.27600009 -0.02287508]]
[[-0.9354851  -1.21998759  0.04958846]]
[[-0.30113721 -0.17441792  0.06380736]]
[[-1.02413498  0.11869601  0.13960151]]
[[-0.00144378 -0.00042855 -0.02913827]]
[[-0.00052669  0.00125154 -0.02755091]]
[[-0.00406498 -0.00030493 -0.05524909]]
[[-0.00166012  0.00379173 -0.05236128]]
[[-1.01426431 -0.10933069  0.06594742]]
[[-0.92431702  1.43860827  0.07409622]]
[[-0.29605417  0.10412068  0.0578767 ]]
[[-0.18664036  0.28662     0.05082936]]
[[-0.00956079  0.00122786  0.07074723]]
[[-0.00630745  0.00646563  0.06671636]]
[[-0.00406696  0.0057585  -0.05486753]]
[[-0.00172231  0.01002146 -0.05343742]]
[[-0.18377713  0.23824973 -0.02184   ]]
[[-0.04287558  0.19948657 -0.0265891 ]]
[[-0.08314318  0.10377856  0.04004457]]
[[-0.03827311  0.11388942  0.03844577]]
[[-0.03665928  0.10048824 -0.02806649]]
[[-0.012182    0.09058789 -0.02510899]]
[[-0.00216747 -0.07992461 -0.03438035]]
[[ 0.01131031 -0.09232089 -0.0382006 ]]
[[ 0.0003731  -0.01330035 -0.05977887]]
[[ 0.00275336 -0.00962728 -0.05810116]]
[[-0.00033934 -0.1229135  -0.03647667]]
[[ 0.04376803 -0.19591448 -0.04216078]]
[[-0.05052854 -0.22936015  0.04356318]]
[[-0.00137147 -0.57636282  0.03161876]]
[[ 0.00036961 -0.00268656 -0.02965873]]
[[ 0.00124497 -0.00137254 -0.02790511]]
[[ 0.00049974 -0.00613102 -0.0559531 ]]
[[ 0.00268956 -0.00267256 -0.05336904]]
[[ 0.00228423 -0.54950866 -0.03346875]]
[[ 0.92484642 -1.43055105 -0.14712181]]
[[-0.93159057 -1.44104729  0.14651954]]
[[-0.00165674  0.00658586  0.03488418]]
[[-0.00357709 -0.0062846   0.07727601]]
[[-0.00043281 -0.00204699  0.07341642]]
[[ 0.00026769 -0.00011393 -0.01733545]]
[[ 0.00063544  0.000449   -0.01723792]]
[[ 0.00036454 -0.00020554 -0.02673603]]
[[ 0.00124197  0.00103124 -0.02646576]]
[[ 0.00050093  0.00030108 -0.05225016]]
[[ 0.00268556  0.00332537 -0.05105296]]
[[ 0.00052445  0.00417359 -0.03711765]]
[[ 0.93676919  1.22866568 -0.12275018]]
[[-0.94059859  1.23421123  0.1224025 ]]
[[ 0.00106966  0.56285652  0.03891929]]
[[-0.0034741   0.00220679  0.06828189]]
[[-0.00041791  0.00593886  0.06627944]]
[[-0.0012854   0.00017155  0.03294329]]
[[-0.00036307  0.00133945  0.0328067 ]]
[[ 0.00034246  0.00222603 -0.02763362]]
[[ 0.00127742  0.00353399 -0.02884759]]
[[ 0.00049634  0.00621222 -0.05125642]]
[[ 0.00273659  0.00941517 -0.05150007]]
[[-0.00131158  0.55513522 -0.03814533]]
[[ 0.04564628  0.18894521 -0.03155394]]
[[-0.04770525  0.19527706  0.03505678]]
[[ 0.00157785  0.12962232  0.03498786]]
[[-0.00330728  0.00985997  0.06517304]]
[[-0.00019534  0.01334093  0.06571941]]
[[ 0.00040157  0.0126112  -0.05295282]]
[[ 0.00286738  0.01561708 -0.05275703]]
[[-0.00012742  0.12231025 -0.02921367]]
[[ 0.01223842  0.08672535 -0.02603572]]
[[-0.01262915  0.0944666   0.03459491]]
[[ 0.00346476  0.08213239  0.03477211]]
[[-0.00099189  0.07614718 -0.0249925 ]]
[[ 0.00698871  0.06583228 -0.02283777]]
[[ 0.03719571 -0.09972946 -0.03920667]]
[[ 0.0772934  -0.11463863 -0.04388909]]
[[ 0.00517131 -0.00570055 -0.05654238]]
[[ 0.00744556 -0.00337234 -0.0556992 ]]
[[ 0.1844402  -0.23266122 -0.04913867]]
[[ 0.2820079  -0.15759612 -0.05884324]]
[[ 0.94291289 -1.23107634 -0.05265697]]
[[ 1.0279688  -0.11130338 -0.06842615]]
[[  2.15033271e-03  -1.35311398e-05  -2.73212078e-02]]
[[ 0.003094    0.00085426 -0.02839359]]
[[ 0.00492046  0.00077704 -0.05225118]]
[[ 0.00727437  0.00278964 -0.05275117]]
[[ 1.01430897  0.11735563 -0.13873659]]
[[ 0.28343211  0.10215121 -0.05406115]]
[[ 0.9275179   1.44552943 -0.07553512]]
[[ 0.1921663   0.2447433   0.02284965]]
[[ 0.00259944  0.00287623  0.07081219]]
[[ 0.00572216  0.00519047  0.07078688]]
[[ 0.00488536  0.00675062 -0.05170934]]
[[ 0.00755221  0.00905493 -0.05410308]]
[[ 0.18053586  0.28020317 -0.0482446 ]]
[[ 0.07587824  0.10003804 -0.03378463]]
[[ 0.04678399  0.20827678  0.0295054 ]]
[[ 0.04511521  0.10708974  0.03355264]]
[[ 0.03484388  0.10734538 -0.03113987]]
[[ 0.0326846   0.07178276 -0.02892999]]
[[ 0.1142646  -0.0616694  -0.04382469]]
[[ 0.1137085  -0.04024174 -0.04267662]]
[[ 0.00984803  0.00118348 -0.0552565 ]]
[[ 0.01237132  0.00228926 -0.0561684 ]]
[[ 0.19340954  0.02448511 -0.04676511]]
[[ 0.11280499  0.02042684 -0.03870851]]
[[ 0.30022624  0.17004923  0.01145686]]
[[ 0.13307199  0.06764769  0.0286553 ]]
[[ 0.11118866  0.09194347 -0.03883149]]
[[ 0.06983922  0.05183673 -0.03493599]]
[[ 0.09437493  0.01278462 -0.03937773]]
[[ 0.0780216   0.00876635 -0.03739887]]
