[[-0.10045932 -0.01869409  0.03439985]]
[[-0.11857341  0.03675055  0.03819351]]
[[-0.11810682 -0.09933615  0.03336976]]
[[-0.28597983 -0.10484733  0.04790197]]
[[-0.07473838 -0.07597404 -0.03316508]]
[[-0.11178828 -0.10080593 -0.02898397]]
[[-0.19788576 -0.0274638   0.0418039 ]]
[[-0.28458536  0.15455068  0.05561353]]
[[-0.01128858 -0.00291449  0.05954259]]
[[-0.0085423   0.00203945  0.05709898]]
[[-0.11786759  0.05659699  0.04209103]]
[[-0.08045241  0.10913044  0.04638421]]
[[-0.03987618 -0.11478542  0.0250894 ]]
[[-0.04648873 -0.19379203  0.02425472]]
[[-0.0253834  -0.07607582 -0.03766447]]
[[-0.01932216 -0.09325826 -0.03635606]]
[[-0.18177844 -0.28420051  0.04138475]]
[[-0.93589002 -1.23058879  0.11645129]]
[[-0.00622668 -0.00873276  0.05829682]]
[[-0.00350101 -0.00461761  0.05408451]]
[[-0.00628413 -0.0114083  -0.06801354]]
[[-0.00318324 -0.00655155 -0.07172769]]
[[-0.05277179 -0.11949456 -0.03185315]]
[[-0.06289724 -0.21325971 -0.03087716]]
[[-1.01516658 -0.12004877  0.13393049]]
[[-0.92571291  1.42669825  0.1457403 ]]
[[-0.00588278 -0.00214585  0.05500047]]
[[-0.00342182  0.00139754  0.05276893]]
[[-0.00282509 -0.0010051   0.02865471]]
[[-0.00188638  0.00050237  0.02738341]]
[[-0.22748285 -0.30690479 -0.0111555 ]]
[[-0.97940663 -1.25344404  0.06387613]]
[[-0.18620027  0.22745127  0.04995537]]
[[-0.04527869  0.18929798  0.04750402]]
[[-0.00602814  0.00396288  0.05587689]]
[[-0.00364278  0.0077131   0.0553253 ]]
[[-0.04018073  0.09236005  0.04640754]]
[[-0.01510186  0.08453993  0.04866685]]
[[-0.00240101 -0.08056117  0.01881903]]
[[ 0.01050282 -0.09518605  0.01791233]]
[[-0.00168111 -0.06204562 -0.03907691]]
[[ 0.00710321 -0.0683655  -0.03969617]]
[[-0.00054879 -0.1274605   0.02206147]]
[[ 0.04301719 -0.20298345  0.01917535]]
[[-0.00147475 -0.0147074   0.05697804]]
[[ 0.00093505 -0.01176262  0.05546059]]
[[ 0.00025782 -0.01675088 -0.05920124]]
[[ 0.00328101 -0.01384715 -0.06077086]]
[[-0.00122643 -0.07897548 -0.03665406]]
[[ 0.01436074 -0.097444   -0.0370801 ]]
[[ 0.00201045 -0.55818236  0.0311044 ]]
[[ 0.92423658 -1.4413813  -0.0792286 ]]
[[-0.00119994 -0.00786815  0.05427704]]
[[ 0.00099577 -0.00502531  0.05212905]]
[[-0.00098489 -0.00327755  0.02921824]]
[[ -9.28198565e-05  -2.14273023e-03   2.77208776e-02]]
[[ 0.00038256 -0.00219368 -0.03271703]]
[[ 0.00130367 -0.00085621 -0.03316449]]
[[ 0.0004414  -0.01091644 -0.06395751]]
[[ 0.00381526 -0.00739234 -0.06924155]]
[[-0.00171077 -0.1407339  -0.03297444]]
[[ 0.05408066 -0.22806011 -0.03849479]]
[[ -5.87558507e-05  -7.28639926e-03   3.36151168e-02]]
[[ 0.93628964  1.21622706 -0.04959521]]
[[-0.0011372  -0.00160467  0.05185376]]
[[ 0.00101339  0.00085641  0.05130282]]
[[-0.00097574 -0.00078064  0.02657257]]
[[ -9.60358883e-05   3.00682028e-04   2.66422610e-02]]
[[-0.00054415 -0.00036633  0.01726477]]
[[ -1.75147259e-04   8.26659070e-05   1.73163770e-02]]
[[ 0.00037286 -0.00369489 -0.07811528]]
[[ 0.00422097  0.00134267 -0.08554015]]
[[-0.00126956 -0.59679515 -0.0259435 ]]
[[ 0.95728645 -1.47366182 -0.14617683]]
[[-0.00241872  0.5436701   0.03642103]]
[[ 0.04515738  0.17813286  0.04374257]]
[[-0.00122991  0.00429024  0.05216279]]
[[ 0.00097218  0.00700479  0.05337001]]
[[-0.00099334  0.00162727  0.02775164]]
[[ -6.85001150e-05   2.73365018e-03   2.93861761e-02]]
[[-0.00298759  0.00755283 -0.02769986]]
[[ 0.97085366  1.29597795 -0.1224589 ]]
[[-0.00173798  0.11396357  0.04540688]]
[[ 0.0115845   0.08024307  0.0479242 ]]
[[-0.00147009  0.01084709  0.05520074]]
[[ 0.00099394  0.01348954  0.05616711]]
[[-0.00284932  0.07251558  0.04679429]]
[[ 0.00618797  0.06420211  0.0462987 ]]
[[ 0.03590202 -0.10432946  0.02060083]]
[[ 0.07559258 -0.12135344  0.0193796 ]]
[[ 0.02125961 -0.07132691 -0.03830952]]
[[ 0.04096076 -0.08168681 -0.03991537]]
[[ 0.18347464 -0.24126361  0.01571723]]
[[ 0.28104354 -0.16785401  0.00804385]]
[[ 0.00333771 -0.00736776  0.05474676]]
[[ 0.00553624 -0.00565473  0.0542961 ]]
[[ 0.00682805 -0.00984233 -0.06415099]]
[[ 0.01047079 -0.00736416 -0.07083652]]
[[ 0.04821709 -0.11055359 -0.03612541]]
[[ 0.10256925 -0.13061826 -0.04195202]]
[[ 1.01398647  0.1060516  -0.06827997]]
[[ 0.28364602  0.09019157  0.01713528]]
[[ 0.00319455 -0.00112808  0.05167924]]
[[ 0.00546484  0.00033802  0.05290749]]
[[ 0.00080864 -0.00059245  0.02749838]]
[[  1.73786145e-03   9.46942366e-05   2.88762674e-02]]
[[ 0.21938296 -0.25826763 -0.04821561]]
[[ 0.34007702 -0.16552639 -0.06540626]]
[[ 0.18087252  0.26889608  0.02616267]]
[[ 0.0770817   0.08926318  0.04126682]]
[[ 0.00316894  0.00475581  0.05255267]]
[[ 0.0057248   0.00656068  0.05598507]]
[[ 0.03541266  0.0990708   0.04446885]]
[[ 0.03410676  0.06496898  0.04713679]]
[[ 0.11260491 -0.06973378  0.02177119]]
[[ 0.11235035 -0.04938097  0.0232296 ]]
[[ 0.06912969 -0.06372125 -0.03982569]]
[[ 0.09376118 -0.06045863 -0.04309134]]
[[ 0.19307503  0.01415861  0.02098353]]
[[ 0.11324032  0.00975462  0.02953483]]
[[ 0.00790006 -0.00065078  0.05459687]]
[[ 0.0104155  -0.00010382  0.05629421]]
[[ 0.11238869  0.08151462  0.0333517 ]]
[[ 0.07175906  0.04184124  0.03899331]]
[[ 0.0938145   0.00390319  0.02618894]]
[[ 0.07820612 -0.00022997  0.02832133]]
