[[-0.12789464  0.0139803   0.00734526]]
[[-0.13779     0.07903799  0.00767957]]
[[-0.19069131 -0.04147185  0.0117049 ]]
[[-0.33705301 -0.01694757  0.0233819 ]]
[[-0.01463323  0.00754257 -0.07585361]]
[[-0.01019736  0.01475352 -0.06843145]]
[[-0.22996685  0.02502686  0.01307611]]
[[-0.30270817  0.21304174  0.02270602]]
[[-0.01731235  0.00743523  0.07579127]]
[[-0.01269329  0.01420463  0.06884155]]
[[-0.12919139  0.09553592  0.0056387 ]]
[[-0.0850141   0.14680704  0.00538541]]
[[-0.36893774  0.00341125  0.03141455]]
[[-0.25542668  0.13409122  0.0207171 ]]
[[-0.00846621  0.00182142 -0.08975429]]
[[-0.00386995  0.00875427 -0.07799095]]
[[-0.27396976 -0.1591831   0.02025588]]
[[-0.97607473 -1.09844435  0.09046836]]
[[-0.01162174  0.00193354  0.08928669]]
[[-0.00666681  0.00833282  0.07796723]]
[[-0.00207632  0.00147999 -0.03719473]]
[[-0.00081124  0.00364329 -0.03451045]]
[[-0.00730765  0.00977222 -0.07207731]]
[[-0.00319581  0.01470801 -0.06443518]]
[[-1.04390619 -0.04169661  0.10261856]]
[[-0.93721597  1.49970195  0.10997373]]
[[-0.00991405  0.00990879  0.07189116]]
[[-0.00553844  0.01438476  0.06467885]]
[[-0.00388398  0.00154787  0.03667434]]
[[-0.00256097  0.00353425  0.03429246]]
[[-0.0064328   0.0156727  -0.06356279]]
[[-0.00289599  0.02030647 -0.05934453]]
[[-0.19473538  0.27728857  0.01059516]]
[[-0.04753499  0.23237603  0.00432216]]
[[-0.00873334  0.01587531  0.06344423]]
[[-0.00502539  0.02004168  0.05974753]]
[[-0.04124625  0.12315626  0.00093171]]
[[-0.01429631  0.10898397  0.00176209]]
[[-0.95460243 -1.5599911   0.11256552]]
[[ 0.01587126 -0.07348797 -0.00682537]]
[[ -8.67364164e-05  -8.35109787e-03  -1.05127942e-01]]
[[ 0.00439152 -0.00170625 -0.0963074 ]]
[[-0.96795494  1.15476258  0.09218503]]
[[  4.61545526e-02   4.14059375e-01   3.20112858e-05]]
[[-0.00388843 -0.00766305  0.10556128]]
[[ 0.00095796 -0.0017103   0.09689805]]
[[ 0.0004589  -0.00135783 -0.03943673]]
[[ 0.00167035  0.00032154 -0.03643962]]
[[-0.00015943  0.00350667 -0.08634204]]
[[ 0.00376807  0.0079857  -0.07646693]]
[[-0.05228165 -0.3262104   0.00633555]]
[[ 0.92600163 -1.28853971 -0.10801239]]
[[-0.00327369  0.00408339  0.08627463]]
[[ 0.00098929  0.00797829  0.07668371]]
[[-0.00140784 -0.00121732  0.03946147]]
[[-0.00013328  0.00025127  0.03669079]]
[[ 0.00032413  0.00054877 -0.02129547]]
[[ 0.00080716  0.00125004 -0.02098868]]
[[ 0.0003998   0.00177638 -0.03427668]]
[[ 0.0016107   0.0033236  -0.03320396]]
[[-0.00010517  0.01117499 -0.0693977 ]]
[[ 0.00335936  0.01414019 -0.06341462]]
[[-0.0122374   0.09351742 -0.00032295]]
[[ 0.93714217  1.29410397 -0.08683022]]
[[-0.00262177  0.0115941   0.06913844]]
[[ 0.00103162  0.01405022  0.06354552]]
[[-0.00137861  0.00189821  0.03420713]]
[[-0.00011723  0.00329205  0.03345092]]
[[-0.00069723  0.00061653  0.02127401]]
[[-0.00019862  0.0011922   0.02111627]]
[[ 0.00035185  0.00487653 -0.03400516]]
[[ 0.00163443  0.00650019 -0.03482907]]
[[  3.02353628e-05   1.66402368e-02  -6.00352257e-02]]
[[ 0.00321214  0.01954345 -0.05755659]]
[[-0.00577498  0.60121001 -0.0053588 ]]
[[ 0.04558682  0.22324292 -0.00062608]]
[[-0.00214728  0.01696969  0.05970048]]
[[ 0.0011212   0.01939855  0.05777277]]
[[-0.0013404   0.0050001   0.03386708]]
[[ -1.75730201e-05   6.43707432e-03   3.50718966e-02]]
[[  2.48489510e-06   2.23955048e-02  -5.70391770e-02]]
[[ 0.00332749  0.02490615 -0.05521606]]
[[-0.00192998  0.14723937 -0.00125904]]
[[ 0.01218345  0.10545584  0.00024295]]
[[-0.00201871  0.02271083  0.05663758]]
[[ 0.0013712   0.02473538  0.05548286]]
[[-0.00192093  0.09029548 -0.00063108]]
[[  7.05671441e-03   7.63683548e-02   6.33737901e-05]]
[[ 0.99729378  1.39216755 -0.12081934]]
[[ 0.29853103  0.15540018 -0.02342181]]
[[ 0.00827785  0.0039615  -0.08726316]]
[[ 0.01169239  0.00617329 -0.07913438]]
[[ 0.23904835  0.00329241 -0.01734404]]
[[ 0.3261041  -0.04688255 -0.02333432]]
[[ 0.00515148  0.00498782  0.08782194]]
[[ 0.00884768  0.00650202  0.07964321]]
[[ 0.00287238  0.00200981 -0.03498791]]
[[ 0.00416068  0.00303398 -0.03554048]]
[[ 0.00703691  0.01164325 -0.06964752]]
[[ 0.01021858  0.01278324 -0.06542277]]
[[ 1.0270027   0.2091245  -0.10340236]]
[[ 0.29725003  0.15937344 -0.01957529]]
[[ 0.00445926  0.01235624  0.06944112]]
[[ 0.0077669   0.01291522  0.0654998 ]]
[[ 0.00109855  0.00218461  0.03541388]]
[[ 0.00243238  0.00302102  0.03620103]]
[[ 0.00631551  0.01728338 -0.06083892]]
[[ 0.00989692  0.01875125 -0.0607184 ]]
[[ 0.18435044  0.32695856 -0.0157555 ]]
[[ 0.08067314  0.13173379 -0.0027189 ]]
[[ 0.00407359  0.01777423  0.06036294]]
[[ 0.00769354  0.01869266  0.06068564]]
[[ 0.0361186   0.13274841 -0.00286702]]
[[ 0.03505994  0.08970724 -0.00152401]]
[[ 0.21065318  0.0717856  -0.01429317]]
[[ 0.16903659  0.02164592 -0.00941264]]
[[ 0.01460533  0.01132467 -0.07281226]]
[[ 0.01761498  0.01101406 -0.06901708]]
[[ 0.22387027  0.09683748 -0.01366951]]
[[ 0.1341528   0.06182095 -0.00601849]]
[[ 0.01194841  0.01230576  0.07271415]]
[[ 0.01516479  0.01128031  0.06898728]]
[[ 0.12203987  0.13285964 -0.00711537]]
[[ 0.07901269  0.07808751 -0.00380592]]
[[ 0.12831544  0.05965282 -0.00773142]]
[[ 0.10067976  0.03504326 -0.00622922]]
