[[-0.20306725  0.06496776  0.05537325]]
[[-0.48982713  0.04911535  0.10711016]]
[[-0.1704957   0.00117039  0.00207537]]
[[-0.27383378  0.20882875  0.09265739]]
[[-0.15502245  0.03389686  0.09745851]]
[[ 0.25963172  0.21858851 -0.02491802]]
[[-0.48210386 -0.20639607  0.04004871]]
[[-0.12155559 -0.04041113 -0.04413421]]
[[-0.87563003 -0.15197504  0.12565075]]
[[-0.10165572  0.02328765  0.09838098]]
[[-0.0230781  -0.00396839 -0.03727224]]
[[-0.28002561 -0.00511256  0.03574384]]
[[-0.52114078  0.09453108  0.11887534]]
[[-0.21087949  0.05322701  0.08899664]]
[[-0.04038627  0.01366217  0.07135306]]
[[ 0.02281404  0.04394993 -0.02902133]]
[[ 0.45382805  0.27107019 -0.06339257]]
[[ 0.03511487  0.07881617  0.02335027]]
[[ 0.09142703  0.1513489   0.03087611]]
[[-0.2926996  -0.39262063 -0.02650885]]
[[-0.04094861 -0.09779167 -0.08759101]]
[[-0.74614643 -0.55648947  0.01322869]]
[[-0.03525514 -0.033446    0.07608134]]
[[-0.00105294 -0.00791236 -0.04968377]]
[[-0.20421862 -0.11548572 -0.03150359]]
[[-1.3298738  -0.5491877   0.13845947]]
[[-0.14471267 -0.04721505  0.06094477]]
[[-0.00549962  0.01048725  0.05518754]]
[[-0.0123859  -0.00499733 -0.02915726]]
[[-0.02277103 -0.00148    -0.02268472]]
[[-0.42354597 -0.08247627  0.04799246]]
[[-0.95118571 -0.2469419   0.15553049]]
[[-0.31442476 -0.0112006   0.107932  ]]
[[-0.02491502  0.00979324  0.04081632]]
[[-0.01041584  0.00610008  0.04338205]]
[[-0.01132941  0.00203723 -0.03066064]]
[[ 0.0378706   0.00343121 -0.04221567]]
[[ 0.47806679  0.11824486 -0.11557784]]
[[ 0.07746877  0.04288854 -0.00355873]]
[[-0.01844734  0.01721573  0.04950645]]
[[-0.06311191  0.00789406 -0.00108168]]
[[ 0.18601392  0.10438414 -0.0092541 ]]
[[-0.08663438  0.02345367  0.05516139]]
[[-0.05331514  0.04455921  0.02467713]]
[[-0.07757056 -0.38122328 -0.06025274]]
[[ 0.01313301 -0.11031558 -0.09577779]]
[[-0.33776142 -0.6222112  -0.05615169]]
[[ 0.00371567 -0.05256465  0.04878327]]
[[ 0.00337523 -0.01818922 -0.05671991]]
[[-0.03353886 -0.14699411 -0.0692573 ]]
[[-0.86563509 -0.90998333 -0.03552624]]
[[-0.0155006  -0.090794    0.02957313]]
[[ 0.00054793  0.00079294  0.04375257]]
[[-0.00470901 -0.01068233 -0.03216433]]
[[ 0.00265895 -0.00375271 -0.03606398]]
[[-0.26115125 -0.20091503 -0.03332872]]
[[-1.73816067 -1.11655962  0.11029031]]
[[-0.17773755 -0.12619723  0.05933376]]
[[ 0.00787102  0.00323514  0.03214682]]
[[-0.00076467  0.00530934  0.03193188]]
[[-0.00394786 -0.00426922 -0.02367812]]
[[-0.01378621 -0.00635917 -0.01879588]]
[[-0.01405407  0.00086534 -0.02756519]]
[[-0.57134487 -0.21920351  0.05932899]]
[[-0.86360556 -0.46575665  0.07647229]]
[[-0.4260186  -0.13490119  0.12560156]]
[[-0.01210442  0.00811772  0.04436988]]
[[ 0.00279725  0.0051138   0.02160671]]
[[-0.00252848  0.0042688   0.02826592]]
[[-0.0027968  -0.00288322 -0.02764846]]
[[-0.01307568  0.00406409 -0.02384956]]
[[ 0.03166302 -0.10358949 -0.09129597]]
[[ 0.52527768  0.23981625 -0.06107501]]
[[ 0.09580536 -0.04835383 -0.03262488]]
[[-0.01165286  0.01103497  0.03648908]]
[[-0.0018388   0.00880426  0.0362859 ]]
[[-0.00398959  0.00774032 -0.03035408]]
[[-0.11060836 -0.07626011 -0.02214029]]
[[ 0.33089917  0.18724377 -0.04275771]]
[[-0.12461286 -0.05669883  0.03414466]]
[[-0.01451406  0.01992671  0.05303866]]
[[-0.0567206  -0.02953599 -0.03202253]]
[[-0.02163495  0.05816388 -0.00171174]]
[[-0.08617858 -0.01492911  0.04531959]]
[[-0.08801406  0.02792062  0.00661996]]
[[-0.01482493 -0.26486799 -0.05356244]]
[[ 0.00763097 -0.13541247 -0.0976705 ]]
[[-0.00766072 -0.3763412  -0.07038237]]
[[-0.00104676 -0.07363006  0.02631317]]
[[ 0.00144277 -0.0508729  -0.07178828]]
[[ 0.04116393 -0.15829134 -0.08300309]]
[[-0.21218449 -0.60877768 -0.08767481]]
[[ 0.02803359 -0.1109473  -0.00267332]]
[[-0.00293324 -0.01609811  0.0349578 ]]
[[-0.00059881 -0.02371052 -0.04501737]]
[[ 0.00226321 -0.03271278 -0.0431331 ]]
[[ 0.01735045 -0.24127787 -0.10842182]]
[[-0.72863349 -0.98189977 -0.09978561]]
[[ 0.0259318  -0.18376952 -0.01883554]]
[[ 0.00413612 -0.01315854  0.02131989]]
[[-0.00202233 -0.000448    0.0314469 ]]
[[-0.00013231 -0.01124077 -0.02986069]]
[[-0.00639155 -0.01419538 -0.02356415]]
[[ 0.00503678 -0.01904809 -0.04419958]]
[[-0.27204553 -0.39436378 -0.08961512]]
[[-1.22410977 -0.87557806  0.06144022]]
[[-0.18272556 -0.3099844  -0.00559976]]
[[ 0.01256794 -0.00167697  0.02918238]]
[[ 0.0039309   0.00293866  0.0197311 ]]
[[-0.00084439  0.00449047  0.0254675 ]]
[[ 0.00103855 -0.00479877 -0.0235235 ]]
[[-0.00489588 -0.00602692 -0.01442022]]
[[-0.01006472 -0.00971246 -0.02309749]]
[[-0.00456265 -0.00822629 -0.03866345]]
[[-0.08178932 -0.05186487 -0.0378101 ]]
[[ -1.98610205e-14  -1.27927651e-14   1.18105927e-15]]
[[ 0.08178932  0.05186487  0.0378101 ]]
[[ 0.00456265  0.00822629  0.03866345]]
[[ 0.01006472  0.00971246  0.02309749]]
[[ 0.00489588  0.00602692  0.01442022]]
[[-0.00103855  0.00479877  0.0235235 ]]
[[ 0.00084439 -0.00449047 -0.0254675 ]]
[[-0.0039309  -0.00293866 -0.0197311 ]]
[[-0.01256794  0.00167697 -0.02918238]]
[[ 0.18272556  0.3099844   0.00559976]]
[[ 1.22410977  0.87557806 -0.06144022]]
[[ 0.27204553  0.39436378  0.08961512]]
[[-0.00503678  0.01904809  0.04419958]]
[[ 0.00639155  0.01419538  0.02356415]]
[[ 0.00013231  0.01124077  0.02986069]]
[[ 0.00202233  0.000448   -0.0314469 ]]
[[-0.00413612  0.01315854 -0.02131989]]
[[-0.0259318   0.18376952  0.01883554]]
[[ 0.72863349  0.98189977  0.09978561]]
[[-0.01735045  0.24127787  0.10842182]]
[[-0.00226321  0.03271278  0.0431331 ]]
[[ 0.00059881  0.02371052  0.04501737]]
[[ 0.00293324  0.01609811 -0.0349578 ]]
[[-0.02803359  0.1109473   0.00267332]]
[[ 0.21218449  0.60877768  0.08767481]]
[[-0.04116393  0.15829134  0.08300309]]
[[-0.00144277  0.0508729   0.07178828]]
[[ 0.00104676  0.07363006 -0.02631317]]
[[ 0.00766072  0.3763412   0.07038237]]
[[-0.00763097  0.13541247  0.0976705 ]]
[[ 0.01482493  0.26486799  0.05356244]]
[[ 0.08801406 -0.02792062 -0.00661996]]
[[ 0.08617858  0.01492911 -0.04531959]]
[[ 0.02163495 -0.05816388  0.00171174]]
[[ 0.0567206   0.02953599  0.03202253]]
[[ 0.01451406 -0.01992671 -0.05303866]]
[[ 0.12461286  0.05669883 -0.03414466]]
[[-0.33089917 -0.18724377  0.04275771]]
[[ 0.11060836  0.07626011  0.02214029]]
[[ 0.00398959 -0.00774032  0.03035408]]
[[ 0.0018388  -0.00880426 -0.0362859 ]]
[[ 0.01165286 -0.01103497 -0.03648908]]
[[-0.09580536  0.04835383  0.03262488]]
[[-0.52527768 -0.23981625  0.06107501]]
[[-0.03166302  0.10358949  0.09129597]]
[[ 0.01307568 -0.00406409  0.02384956]]
[[ 0.0027968   0.00288322  0.02764846]]
[[ 0.00252848 -0.0042688  -0.02826592]]
[[-0.00279725 -0.0051138  -0.02160671]]
[[ 0.01210442 -0.00811772 -0.04436988]]
[[ 0.4260186   0.13490119 -0.12560156]]
[[ 0.86360556  0.46575665 -0.07647229]]
[[ 0.57134487  0.21920351 -0.05932899]]
[[ 0.01405407 -0.00086534  0.02756519]]
[[ 0.01378621  0.00635917  0.01879588]]
[[ 0.00394786  0.00426922  0.02367812]]
[[ 0.00076467 -0.00530934 -0.03193188]]
[[-0.00787102 -0.00323514 -0.03214682]]
[[ 0.17773755  0.12619723 -0.05933376]]
[[ 1.73816067  1.11655962 -0.11029031]]
[[ 0.26115125  0.20091503  0.03332872]]
[[-0.00265895  0.00375271  0.03606398]]
[[ 0.00470901  0.01068233  0.03216433]]
[[-0.00054793 -0.00079294 -0.04375257]]
[[ 0.0155006   0.090794   -0.02957313]]
[[ 0.86563509  0.90998333  0.03552624]]
[[ 0.03353886  0.14699411  0.0692573 ]]
[[-0.00337523  0.01818922  0.05671991]]
[[-0.00371567  0.05256465 -0.04878327]]
[[ 0.33776142  0.6222112   0.05615169]]
[[-0.01313301  0.11031558  0.09577779]]
[[ 0.07757056  0.38122328  0.06025274]]
[[ 0.05331514 -0.04455921 -0.02467713]]
[[ 0.08663438 -0.02345367 -0.05516139]]
[[-0.18601392 -0.10438414  0.0092541 ]]
[[ 0.06311191 -0.00789406  0.00108168]]
[[ 0.01844734 -0.01721573 -0.04950645]]
[[-0.07746877 -0.04288854  0.00355873]]
[[-0.47806679 -0.11824486  0.11557784]]
[[-0.0378706  -0.00343121  0.04221567]]
[[ 0.01132941 -0.00203723  0.03066064]]
[[ 0.01041584 -0.00610008 -0.04338205]]
[[ 0.02491502 -0.00979324 -0.04081632]]
[[ 0.31442476  0.0112006  -0.107932  ]]
[[ 0.95118571  0.2469419  -0.15553049]]
[[ 0.42354597  0.08247627 -0.04799246]]
[[ 0.02277103  0.00148     0.02268472]]
[[ 0.0123859   0.00499733  0.02915726]]
[[ 0.00549962 -0.01048725 -0.05518754]]
[[ 0.14471267  0.04721505 -0.06094477]]
[[ 1.3298738   0.5491877  -0.13845947]]
[[ 0.20421862  0.11548572  0.03150359]]
[[ 0.00105294  0.00791236  0.04968377]]
[[ 0.03525514  0.033446   -0.07608134]]
[[ 0.74614643  0.55648947 -0.01322869]]
[[ 0.04094861  0.09779167  0.08759101]]
[[ 0.2926996   0.39262063  0.02650885]]
[[-0.09142703 -0.1513489  -0.03087611]]
[[-0.03511487 -0.07881617 -0.02335027]]
[[-0.45382805 -0.27107019  0.06339257]]
[[-0.02281404 -0.04394993  0.02902133]]
[[ 0.04038627 -0.01366217 -0.07135306]]
[[ 0.21087949 -0.05322701 -0.08899664]]
[[ 0.52114078 -0.09453108 -0.11887534]]
[[ 0.28002561  0.00511256 -0.03574384]]
[[ 0.0230781   0.00396839  0.03727224]]
[[ 0.10165572 -0.02328765 -0.09838098]]
[[ 0.87563003  0.15197504 -0.12565075]]
[[ 0.12155559  0.04041113  0.04413421]]
[[ 0.48210386  0.20639607 -0.04004871]]
[[-0.25963172 -0.21858851  0.02491802]]
[[ 0.15502245 -0.03389686 -0.09745851]]
[[ 0.27383378 -0.20882875 -0.09265739]]
[[ 0.1704957  -0.00117039 -0.00207537]]
[[ 0.48982713 -0.04911535 -0.10711016]]
[[ 0.20306725 -0.06496776 -0.05537325]]
