[[ -1.12518382e-04   2.10517466e-21   2.10025111e-21]]
[[ -1.60635526e-04  -4.07605068e-05   4.17923474e-21]]
[[ -1.60635526e-04   4.18408637e-21  -4.07605068e-05]]
[[ -1.76706171e-04   4.17560828e-21   4.17726264e-21]]
[[ -1.60635526e-04   8.05467147e-22   4.07605068e-05]]
[[ -1.60635526e-04   4.07605068e-05   7.90784976e-22]]
[[ -1.78234101e-04  -1.20182993e-04  -7.97195318e-23]]
[[ -2.29812325e-04  -7.88553117e-05  -7.88553117e-05]]
[[ -2.67956679e-04  -9.29986800e-05   6.69685516e-21]]
[[ -2.29812325e-04  -7.88553117e-05   7.88553117e-05]]
[[ -1.78234101e-04  -6.47230466e-23  -1.20182993e-04]]
[[ -2.67956679e-04   6.72332500e-21  -9.29986800e-05]]
[[ -3.21037697e-04   3.36828002e-21   3.32857534e-21]]
[[ -2.67956679e-04   3.35504506e-21   9.29986800e-05]]
[[ -1.78234101e-04   5.41023149e-20   1.20182993e-04]]
[[ -2.29812325e-04   7.88553117e-05  -7.88553117e-05]]
[[ -2.67956679e-04   9.29986800e-05   3.33476906e-21]]
[[ -2.29812325e-04   7.88553117e-05   7.88553117e-05]]
[[ -1.78234101e-04   1.20182993e-04   5.00545103e-21]]
[[ -1.20182993e-04  -1.78234101e-04  -8.45816413e-23]]
[[-0.00020382 -0.00020382 -0.00010359]]
[[ -2.44349102e-04  -2.44349102e-04   4.99243070e-21]]
[[-0.00020382 -0.00020382  0.00010359]]
[[-0.00020382 -0.00010359 -0.00020382]]
[[-0.00036625 -0.00019508 -0.00019508]]
[[ -4.94655565e-04  -2.79266141e-04   6.70976393e-21]]
[[-0.00036625 -0.00019508  0.00019508]]
[[-0.00020382 -0.00010359  0.00020382]]
[[ -1.20182993e-04  -6.19134396e-23  -1.78234101e-04]]
[[ -2.44349102e-04   1.17757449e-20  -2.44349102e-04]]
[[ -4.94655565e-04   6.69019231e-21  -2.79266141e-04]]
[[ -8.30073056e-04   0.00000000e+00   1.25104628e-22]]
[[ -4.94655565e-04   1.01546042e-20   2.79266141e-04]]
[[ -2.44349102e-04   1.04542410e-19   2.44349102e-04]]
[[ -1.20182993e-04   5.46127930e-20   1.78234101e-04]]
[[-0.00020382  0.00010359 -0.00020382]]
[[-0.00036625  0.00019508 -0.00019508]]
[[ -4.94655565e-04   2.79266141e-04   1.00882319e-20]]
[[-0.00036625  0.00019508  0.00019508]]
[[-0.00020382  0.00010359  0.00020382]]
[[-0.00020382  0.00020382 -0.00010359]]
[[ -2.44349102e-04   2.44349102e-04   5.00009432e-21]]
[[-0.00020382  0.00020382  0.00010359]]
[[ -1.20182993e-04   1.78234101e-04   4.99756697e-21]]
[[ -4.07605068e-05  -1.60635526e-04   3.32278453e-21]]
[[ -7.88553117e-05  -2.29812325e-04  -7.88553117e-05]]
[[ -9.29986800e-05  -2.67956679e-04   8.39092130e-21]]
[[ -7.88553117e-05  -2.29812325e-04   7.88553117e-05]]
[[-0.00010359 -0.00020382 -0.00020382]]
[[-0.00019508 -0.00036625 -0.00019508]]
[[ -2.79266141e-04  -4.94655565e-04   2.02361500e-20]]
[[-0.00019508 -0.00036625  0.00019508]]
[[-0.00010359 -0.00020382  0.00020382]]
[[ -7.88553117e-05  -7.88553117e-05  -2.29812325e-04]]
[[-0.00019508 -0.00019508 -0.00036625]]
[[-0.00046806 -0.00046806 -0.00046806]]
[[ -8.01941524e-04  -8.01941524e-04  -5.38924809e-20]]
[[-0.00046806 -0.00046806  0.00046806]]
[[-0.00019508 -0.00019508  0.00036625]]
[[ -7.88553117e-05  -7.88553117e-05   2.29812325e-04]]
[[ -4.07605068e-05   3.32935050e-21  -1.60635526e-04]]
[[ -9.29986800e-05   5.00754537e-21  -2.67956679e-04]]
[[ -2.79266141e-04  -6.78260336e-21  -4.94655565e-04]]
[[ -8.01941524e-04   1.38370798e-20  -8.01941524e-04]]
[[ -1.06468666e-03  -5.33093186e-20  -5.31513271e-20]]
[[ -8.01941524e-04   1.40620729e-20   8.01941524e-04]]
[[ -2.79266141e-04   2.12961940e-19   4.94655565e-04]]
[[ -9.29986800e-05   8.07588700e-20   2.67956679e-04]]
[[ -4.07605068e-05   3.29215630e-20   1.60635526e-04]]
[[ -7.88553117e-05   7.88553117e-05  -2.29812325e-04]]
[[-0.00019508  0.00019508 -0.00036625]]
[[-0.00046806  0.00046806 -0.00046806]]
[[ -8.01941524e-04   8.01941524e-04  -5.38924810e-20]]
[[-0.00046806  0.00046806  0.00046806]]
[[-0.00019508  0.00019508  0.00036625]]
[[ -7.88553117e-05   7.88553117e-05   2.29812325e-04]]
[[-0.00010359  0.00020382 -0.00020382]]
[[-0.00019508  0.00036625 -0.00019508]]
[[ -2.79266141e-04   4.94655565e-04   2.03883513e-20]]
[[-0.00019508  0.00036625  0.00019508]]
[[-0.00010359  0.00020382  0.00020382]]
[[ -7.88553117e-05   2.29812325e-04  -7.88553117e-05]]
[[ -9.29986800e-05   2.67956679e-04   3.28225318e-21]]
[[ -7.88553117e-05   2.29812325e-04   7.88553117e-05]]
[[ -4.07605068e-05   1.60635526e-04   7.59830047e-22]]
[[  2.58253817e-21  -1.12518382e-04   2.51876499e-21]]
[[  3.34438983e-21  -1.60635526e-04  -4.07605068e-05]]
[[  4.24132962e-21  -1.76706171e-04   4.16237339e-21]]
[[  1.62926719e-21  -1.60635526e-04   4.07605068e-05]]
[[  5.01364701e-21  -1.78234101e-04  -1.20182993e-04]]
[[  8.45233235e-21  -2.67956679e-04  -9.29986800e-05]]
[[  6.74262681e-21  -3.21037697e-04   6.71670758e-21]]
[[  3.44748900e-21  -2.67956679e-04   9.29986800e-05]]
[[  4.89282028e-20  -1.78234101e-04   1.20182993e-04]]
[[  5.06091566e-21  -1.20182993e-04  -1.78234101e-04]]
[[  4.99432406e-21  -2.44349102e-04  -2.44349102e-04]]
[[  2.02342954e-20  -4.94655565e-04  -2.79266141e-04]]
[[  1.36049480e-20  -8.30073056e-04   1.35525293e-20]]
[[  6.99783613e-21  -4.94655565e-04   2.79266141e-04]]
[[  1.03227636e-19  -2.44349102e-04   2.44349102e-04]]
[[  4.89134107e-20  -1.20182993e-04   1.78234101e-04]]
[[  3.34439925e-21  -4.07605068e-05  -1.60635526e-04]]
[[  5.03766280e-21  -9.29986800e-05  -2.67956679e-04]]
[[ -6.66880166e-21  -2.79266141e-04  -4.94655565e-04]]
[[  1.35370297e-20  -8.01941524e-04  -8.01941524e-04]]
[[ -5.39309514e-20  -1.06468666e-03  -5.32572070e-20]]
[[  1.40458719e-20  -8.01941524e-04   8.01941524e-04]]
[[  2.13332340e-19  -2.79266141e-04   4.94655565e-04]]
[[  8.11140965e-20  -9.29986800e-05   2.67956679e-04]]
[[  3.29584511e-20  -4.07605068e-05   1.60635526e-04]]
[[  2.49096114e-21   2.51931793e-21  -1.12518382e-04]]
[[  4.21611758e-21   4.19578057e-21  -1.76706171e-04]]
[[  1.01843844e-20   1.01106714e-20  -3.21037697e-04]]
[[  2.71668174e-20   2.71844685e-20  -8.30073056e-04]]
[[ -5.29107597e-20  -5.31275997e-20  -1.06468666e-03]]
[[ -5.94740307e-19  -5.94733043e-19  -5.94511354e-19]]
[[ -8.02867982e-20  -8.02645576e-20   1.06468666e-03]]
[[  4.54038415e-19   4.53847200e-19   8.30073056e-04]]
[[  9.80771630e-20   9.74021840e-20   3.21037697e-04]]
[[  3.72201636e-20   3.72134331e-20   1.76706171e-04]]
[[  1.94418267e-20   1.96114532e-20   1.12518382e-04]]
[[  1.65697090e-21   4.07605068e-05  -1.60635526e-04]]
[[  8.50442296e-21   9.29986800e-05  -2.67956679e-04]]
[[  2.04259100e-20   2.79266141e-04  -4.94655565e-04]]
[[ -5.38467664e-20   8.01941524e-04  -8.01941524e-04]]
[[ -8.07728716e-20   1.06468666e-03  -8.03622662e-20]]
[[  1.40112401e-20   8.01941524e-04   8.01941524e-04]]
[[  2.26988702e-19   2.79266141e-04   4.94655565e-04]]
[[  7.77429523e-20   9.29986800e-05   2.67956679e-04]]
[[  3.29306794e-20   4.07605068e-05   1.60635526e-04]]
[[  4.90202077e-20   1.20182993e-04  -1.78234101e-04]]
[[  1.08301955e-19   2.44349102e-04  -2.44349102e-04]]
[[  2.26937724e-19   4.94655565e-04  -2.79266141e-04]]
[[  4.54057035e-19   8.30073056e-04   2.72109280e-20]]
[[  2.13476234e-19   4.94655565e-04   2.79266141e-04]]
[[  1.96353846e-19   2.44349102e-04   2.44349102e-04]]
[[  9.80758704e-20   1.20182993e-04   1.78234101e-04]]
[[  4.89712378e-20   1.78234101e-04  -1.20182993e-04]]
[[  7.77826974e-20   2.67956679e-04  -9.29986800e-05]]
[[  9.80699788e-20   3.21037697e-04   6.74979152e-21]]
[[  8.11710075e-20   2.67956679e-04   9.29986800e-05]]
[[  9.80343736e-20   1.78234101e-04   1.20182993e-04]]
[[  3.29364368e-20   1.60635526e-04  -4.07605068e-05]]
[[  3.71849627e-20   1.76706171e-04   4.15740986e-21]]
[[  3.29379285e-20   1.60635526e-04   4.07605068e-05]]
[[  1.94508492e-20   1.12518382e-04   2.51312021e-21]]
[[  4.07605068e-05  -1.60635526e-04   1.62853129e-21]]
[[  7.88553117e-05  -2.29812325e-04  -7.88553117e-05]]
[[  9.29986800e-05  -2.67956679e-04   3.31864916e-21]]
[[  7.88553117e-05  -2.29812325e-04   7.88553117e-05]]
[[ 0.00010359 -0.00020382 -0.00020382]]
[[ 0.00019508 -0.00036625 -0.00019508]]
[[  2.79266141e-04  -4.94655565e-04   6.73656012e-21]]
[[ 0.00019508 -0.00036625  0.00019508]]
[[ 0.00010359 -0.00020382  0.00020382]]
[[  7.88553117e-05  -7.88553117e-05  -2.29812325e-04]]
[[ 0.00019508 -0.00019508 -0.00036625]]
[[ 0.00046806 -0.00046806 -0.00046806]]
[[  8.01941524e-04  -8.01941524e-04  -5.38660113e-20]]
[[ 0.00046806 -0.00046806  0.00046806]]
[[ 0.00019508 -0.00019508  0.00036625]]
[[  7.88553117e-05  -7.88553117e-05   2.29812325e-04]]
[[  4.07605068e-05   1.63144371e-21  -1.60635526e-04]]
[[  9.29986800e-05   8.40885782e-21  -2.67956679e-04]]
[[  2.79266141e-04   2.03775978e-20  -4.94655565e-04]]
[[  8.01941524e-04  -5.36557961e-20  -8.01941524e-04]]
[[  1.06468666e-03  -8.04681447e-20  -8.01505073e-20]]
[[  8.01941524e-04   1.40025160e-20   8.01941524e-04]]
[[  2.79266141e-04   2.27283522e-19   4.94655565e-04]]
[[  9.29986800e-05   7.70353436e-20   2.67956679e-04]]
[[  4.07605068e-05   3.25321943e-20   1.60635526e-04]]
[[  7.88553117e-05   7.88553117e-05  -2.29812325e-04]]
[[ 0.00019508  0.00019508 -0.00036625]]
[[ 0.00046806  0.00046806 -0.00046806]]
[[  8.01941524e-04   8.01941524e-04   1.40289858e-20]]
[[ 0.00046806  0.00046806  0.00046806]]
[[ 0.00019508  0.00019508  0.00036625]]
[[  7.88553117e-05   7.88553117e-05   2.29812325e-04]]
[[ 0.00010359  0.00020382 -0.00020382]]
[[ 0.00019508  0.00036625 -0.00019508]]
[[  2.79266141e-04   4.94655565e-04   3.45430687e-21]]
[[ 0.00019508  0.00036625  0.00019508]]
[[ 0.00010359  0.00020382  0.00020382]]
[[  7.88553117e-05   2.29812325e-04  -7.88553117e-05]]
[[  9.29986800e-05   2.67956679e-04   8.42400886e-21]]
[[  7.88553117e-05   2.29812325e-04   7.88553117e-05]]
[[  4.07605068e-05   1.60635526e-04   4.16439106e-21]]
[[  1.20182993e-04  -1.78234101e-04   5.02947728e-21]]
[[ 0.00020382 -0.00020382 -0.00010359]]
[[  2.44349102e-04  -2.44349102e-04   1.17825177e-20]]
[[ 0.00020382 -0.00020382  0.00010359]]
[[ 0.00020382 -0.00010359 -0.00020382]]
[[ 0.00036625 -0.00019508 -0.00019508]]
[[  4.94655565e-04  -2.79266141e-04   3.37303635e-21]]
[[ 0.00036625 -0.00019508  0.00019508]]
[[ 0.00020382 -0.00010359  0.00020382]]
[[  1.20182993e-04   4.99731360e-21  -1.78234101e-04]]
[[  2.44349102e-04   5.01293832e-21  -2.44349102e-04]]
[[  4.94655565e-04   3.38392509e-21  -2.79266141e-04]]
[[  8.30073056e-04   2.72638780e-20   2.72544139e-20]]
[[  4.94655565e-04   2.03742536e-20   2.79266141e-04]]
[[  2.44349102e-04   1.08089364e-19   2.44349102e-04]]
[[  1.20182993e-04   4.83194061e-20   1.78234101e-04]]
[[ 0.00020382  0.00010359 -0.00020382]]
[[ 0.00036625  0.00019508 -0.00019508]]
[[  4.94655565e-04   2.79266141e-04   2.03070842e-20]]
[[ 0.00036625  0.00019508  0.00019508]]
[[ 0.00020382  0.00010359  0.00020382]]
[[ 0.00020382  0.00020382 -0.00010359]]
[[  2.44349102e-04   2.44349102e-04   5.01696764e-21]]
[[ 0.00020382  0.00020382  0.00010359]]
[[  1.20182993e-04   1.78234101e-04   4.98630987e-21]]
[[  1.78234101e-04  -1.20182993e-04  -8.12704992e-23]]
[[  2.29812325e-04  -7.88553117e-05  -7.88553117e-05]]
[[  2.67956679e-04  -9.29986800e-05   8.37768662e-21]]
[[  2.29812325e-04  -7.88553117e-05   7.88553117e-05]]
[[  1.78234101e-04  -1.00888273e-22  -1.20182993e-04]]
[[  2.67956679e-04   8.40802761e-21  -9.29986800e-05]]
[[  3.21037697e-04   6.76043568e-21   6.80604331e-21]]
[[  2.67956679e-04   3.37645188e-21   9.29986800e-05]]
[[  1.78234101e-04   4.87297800e-20   1.20182993e-04]]
[[  2.29812325e-04   7.88553117e-05  -7.88553117e-05]]
[[  2.67956679e-04   9.29986800e-05   3.31534049e-21]]
[[  2.29812325e-04   7.88553117e-05   7.88553117e-05]]
[[  1.78234101e-04   1.20182993e-04   4.98335305e-21]]
[[  1.60635526e-04  -4.07605068e-05   4.17300603e-21]]
[[  1.60635526e-04   4.19136451e-21  -4.07605068e-05]]
[[  1.76706171e-04   4.16071916e-21   4.18241165e-21]]
[[  1.60635526e-04   7.79913743e-22   4.07605068e-05]]
[[  1.60635526e-04   4.07605068e-05   7.55907999e-22]]
[[  1.12518382e-04   2.52476214e-21   2.52038099e-21]]
