[[ 0.33313344 -0.00317343 -0.08107798]]
[[ 0.38542848  0.08780386 -0.06006464]]
[[ 0.20931062  0.00745456 -0.00301193]]
[[ 0.45871978  0.0408634  -0.08455136]]
[[ 0.21551393 -0.01710115 -0.11592641]]
[[ 0.0744742  -0.04191976 -0.00949925]]
[[ 0.29948133  0.25469389 -0.00495068]]
[[ 0.18454066  0.07937299  0.03426604]]
[[ 0.60278589  0.31255735 -0.05210977]]
[[ 0.18206526  0.04345137 -0.08595695]]
[[ 0.08619915  0.01213457  0.0370215 ]]
[[ 0.31649945  0.04711622 -0.03100591]]
[[ 0.45816192  0.14997112 -0.05655042]]
[[ 0.29329531  0.01964611 -0.09411243]]
[[ 0.09203908 -0.01051399 -0.09584302]]
[[ 0.03212074 -0.02062294  0.03292215]]
[[ 0.11188763 -0.03924145 -0.02293177]]
[[ 0.03470897 -0.04413521 -0.04917067]]
[[ 0.03333142 -0.06428052 -0.01552754]]
[[ 0.1274162   0.31496246  0.03960578]]
[[ 0.07268958  0.17664484  0.08131865]]
[[ 0.40471981  0.46309608  0.02074246]]
[[ 0.07485083  0.13973936 -0.03720759]]
[[ 0.03739903  0.04678828  0.06158741]]
[[ 0.29643917  0.24185785  0.0292544 ]]
[[ 0.58496752  0.42094003 -0.0272648 ]]
[[ 0.2787927   0.2101928  -0.04767599]]
[[ 0.03262999  0.01530996 -0.06261308]]
[[ 0.00905544  0.00756653  0.04348596]]
[[ 0.13649563  0.03929351  0.012068  ]]
[[ 0.27388364  0.11523314  0.00370777]]
[[ 0.26716881  0.15758539 -0.0119768 ]]
[[ 0.2390603   0.08393409 -0.06698691]]
[[ 0.11554521  0.01585155 -0.06766981]]
[[ 0.00828616 -0.00930687 -0.05815906]]
[[ 0.00193488  0.00341274  0.05364513]]
[[ 0.03280071 -0.04163875  0.01746579]]
[[-0.00122973 -0.09597151 -0.02033361]]
[[ 0.01908197 -0.06294975 -0.04518374]]
[[ 0.00277988 -0.02077412 -0.05684482]]
[[ 0.01456629 -0.04221487  0.02697343]]
[[-0.02111017 -0.17183746 -0.03200687]]
[[ 0.02268458 -0.06251274 -0.05534612]]
[[ 0.00033001 -0.11480568 -0.01538072]]
[[ 0.03792736  0.28456146  0.05983691]]
[[ 0.01714426  0.20700383  0.10613981]]
[[ 0.10938939  0.38339123  0.06146759]]
[[ 0.02248204  0.16078105 -0.00835423]]
[[ 0.00939234  0.10418218  0.09436924]]
[[ 0.06542828  0.26771053  0.08563441]]
[[ 0.24234351  0.3817713   0.0352082 ]]
[[ 0.06066492  0.23505064  0.01629569]]
[[ 0.01217984  0.05731585 -0.04167693]]
[[ 0.00054125  0.02514935  0.05927814]]
[[ 0.05142384  0.1255801   0.0639037 ]]
[[ 0.16496901  0.22496824  0.05213577]]
[[ 0.29305196  0.22681007 -0.01737406]]
[[ 0.14458055  0.18838654 -0.02529144]]
[[ 0.03443177  0.09002754 -0.0195163 ]]
[[ 0.00131804 -0.00632945 -0.0471977 ]]
[[-0.0016901   0.00830276  0.04013505]]
[[ 0.00891777  0.01217654  0.02957916]]
[[ 0.01427663  0.01950175  0.04646226]]
[[ 0.02017385  0.01965314  0.0358646 ]]
[[ -1.60691466e-15   5.23704153e-16   5.70578478e-16]]
[[-0.02017385 -0.01965314 -0.0358646 ]]
[[-0.01427663 -0.01950175 -0.04646226]]
[[-0.00891777 -0.01217654 -0.02957916]]
[[ 0.0016901  -0.00830276 -0.04013505]]
[[-0.00131804  0.00632945  0.0471977 ]]
[[-0.03443177 -0.09002754  0.0195163 ]]
[[-0.14458055 -0.18838654  0.02529144]]
[[-0.29305196 -0.22681007  0.01737406]]
[[-0.16496901 -0.22496824 -0.05213577]]
[[-0.05142384 -0.1255801  -0.0639037 ]]
[[-0.00054125 -0.02514935 -0.05927814]]
[[-0.01217984 -0.05731585  0.04167693]]
[[-0.06066492 -0.23505064 -0.01629569]]
[[-0.24234351 -0.3817713  -0.0352082 ]]
[[-0.06542828 -0.26771053 -0.08563441]]
[[-0.00939234 -0.10418218 -0.09436924]]
[[-0.02248204 -0.16078105  0.00835423]]
[[-0.10938939 -0.38339123 -0.06146759]]
[[-0.01714426 -0.20700383 -0.10613981]]
[[-0.03792736 -0.28456146 -0.05983691]]
[[-0.00033001  0.11480568  0.01538072]]
[[-0.02268458  0.06251274  0.05534612]]
[[ 0.02111017  0.17183746  0.03200687]]
[[-0.01456629  0.04221487 -0.02697343]]
[[-0.00277988  0.02077412  0.05684482]]
[[-0.01908197  0.06294975  0.04518374]]
[[ 0.00122973  0.09597151  0.02033361]]
[[-0.03280071  0.04163875 -0.01746579]]
[[-0.00193488 -0.00341274 -0.05364513]]
[[-0.00828616  0.00930687  0.05815906]]
[[-0.11554521 -0.01585155  0.06766981]]
[[-0.2390603  -0.08393409  0.06698691]]
[[-0.26716881 -0.15758539  0.0119768 ]]
[[-0.27388364 -0.11523314 -0.00370777]]
[[-0.13649563 -0.03929351 -0.012068  ]]
[[-0.00905544 -0.00756653 -0.04348596]]
[[-0.03262999 -0.01530996  0.06261308]]
[[-0.2787927  -0.2101928   0.04767599]]
[[-0.58496752 -0.42094003  0.0272648 ]]
[[-0.29643917 -0.24185785 -0.0292544 ]]
[[-0.03739903 -0.04678828 -0.06158741]]
[[-0.07485083 -0.13973936  0.03720759]]
[[-0.40471981 -0.46309608 -0.02074246]]
[[-0.07268958 -0.17664484 -0.08131865]]
[[-0.1274162  -0.31496246 -0.03960578]]
[[-0.03333142  0.06428052  0.01552754]]
[[-0.03470897  0.04413521  0.04917067]]
[[-0.11188763  0.03924145  0.02293177]]
[[-0.03212074  0.02062294 -0.03292215]]
[[-0.09203908  0.01051399  0.09584302]]
[[-0.29329531 -0.01964611  0.09411243]]
[[-0.45816192 -0.14997112  0.05655042]]
[[-0.31649945 -0.04711622  0.03100591]]
[[-0.08619915 -0.01213457 -0.0370215 ]]
[[-0.18206526 -0.04345137  0.08595695]]
[[-0.60278589 -0.31255735  0.05210977]]
[[-0.18454066 -0.07937299 -0.03426604]]
[[-0.29948133 -0.25469389  0.00495068]]
[[-0.0744742   0.04191976  0.00949925]]
[[-0.21551393  0.01710115  0.11592641]]
[[-0.45871978 -0.0408634   0.08455136]]
[[-0.20931062 -0.00745456  0.00301193]]
[[-0.38542848 -0.08780386  0.06006464]]
[[-0.33313344  0.00317343  0.08107798]]
