[[ 0.66514753 -0.04349526 -0.1370492 ]]
[[ 0.76149249  0.15349894 -0.07998261]]
[[ 0.04915791 -0.00127268  0.05810051]]
[[ 1.23494787 -0.10701794 -0.28213784]]
[[ 0.07876338 -0.05265446 -0.14056689]]
[[-0.55921239 -0.33510336  0.1065336 ]]
[[ 0.52270082  0.5345344   0.02955635]]
[[-0.01035228  0.00527627  0.10191552]]
[[ 1.36231403  0.6705736  -0.0616345 ]]
[[-0.00295655 -0.05519505 -0.13415399]]
[[ 0.02190177  0.00705932  0.04627915]]
[[ 0.05696324 -0.01128106  0.02660368]]
[[ 2.15637335  0.33293976 -0.40129013]]
[[ 0.04225253 -0.06862689 -0.09244047]]
[[ 0.02282717 -0.01181652 -0.0764689 ]]
[[ 0.04020964 -0.01689072  0.03105469]]
[[-0.92499544 -0.2321151   0.22105016]]
[[ 0.03698999 -0.06717832 -0.06051124]]
[[ 0.13522644 -0.09192454 -0.11666352]]
[[ 0.1803334   0.56628215  0.06488148]]
[[-0.03044842  0.03529211  0.12334724]]
[[ 0.66136783  0.94438822  0.04500093]]
[[-0.02248726 -0.01429412 -0.09019415]]
[[ 0.00719447  0.01677445  0.0544291 ]]
[[-0.01594715  0.00070871  0.0709897 ]]
[[ 1.87845078  1.27704068 -0.0908538 ]]
[[-0.04172097 -0.02646741 -0.07241018]]
[[ 0.00110329 -0.00794673 -0.05422795]]
[[ 0.00667394  0.00641011  0.03615954]]
[[ 0.02240168  0.00804452  0.03064582]]
[[ 0.05456338 -0.00914062  0.0337029 ]]
[[ 3.2353032   1.23055851 -0.54888881]]
[[ 0.01510001 -0.05045884 -0.11088681]]
[[-0.00112117 -0.00869197 -0.03865923]]
[[ 0.0046165 -0.0067362 -0.0448374]]
[[ 0.0056723   0.00179579  0.0428664 ]]
[[ 0.05383028 -0.01196361  0.02929579]]
[[-1.04725387  0.39462339  0.53249415]]
[[ 0.03544329 -0.04774328 -0.06535034]]
[[ 0.00561602 -0.01709016 -0.06321454]]
[[ 0.02355069 -0.02306596  0.03608162]]
[[ 0.25569258  0.34467084  0.044379  ]]
[[ 0.06059405 -0.04715172 -0.08184653]]
[[ 0.22908736  0.18618814  0.04700451]]
[[ 0.03474299  0.48805657  0.09732884]]
[[-0.01172103  0.11433028  0.13536127]]
[[ 0.06184698  0.86320361  0.17022483]]
[[-0.0028743   0.03367878 -0.05264047]]
[[ 0.00058943  0.04395899  0.07792691]]
[[-0.03821233  0.08137541  0.09715688]]
[[ 0.44476324  1.5711713   0.30666825]]
[[-0.03187963  0.0239535  -0.0283628 ]]
[[ 0.00320999  0.00601569 -0.04854439]]
[[ 0.00025988  0.01812074  0.04700089]]
[[ 0.00937958  0.02484322  0.04142777]]
[[-0.01782204  0.06038377  0.09701402]]
[[ 2.10898783  2.58980692  0.25503021]]
[[-0.05958132 -0.00661386 -0.05268538]]
[[-0.00674706 -0.00083483 -0.0315668 ]]
[[ 0.00134235 -0.00597647 -0.03898305]]
[[-0.00150801  0.00705231  0.03459886]]
[[ 0.00753203  0.00909242  0.02250409]]
[[ 0.01484512  0.01418124  0.03931463]]
[[ 0.0381857   0.03946224  0.08853504]]
[[  1.03399596e-14   7.47095160e-15  -7.36230295e-16]]
[[-0.0381857  -0.03946224 -0.08853504]]
[[-0.01484512 -0.01418124 -0.03931463]]
[[-0.00753203 -0.00909242 -0.02250409]]
[[ 0.00150801 -0.00705231 -0.03459886]]
[[-0.00134235  0.00597647  0.03898305]]
[[ 0.00674706  0.00083483  0.0315668 ]]
[[ 0.05958132  0.00661386  0.05268538]]
[[-2.10898783 -2.58980692 -0.25503021]]
[[ 0.01782204 -0.06038377 -0.09701402]]
[[-0.00937958 -0.02484322 -0.04142777]]
[[-0.00025988 -0.01812074 -0.04700089]]
[[-0.00320999 -0.00601569  0.04854439]]
[[ 0.03187963 -0.0239535   0.0283628 ]]
[[-0.44476324 -1.5711713  -0.30666825]]
[[ 0.03821233 -0.08137541 -0.09715688]]
[[-0.00058943 -0.04395899 -0.07792691]]
[[ 0.0028743  -0.03367878  0.05264047]]
[[-0.06184698 -0.86320361 -0.17022483]]
[[ 0.01172103 -0.11433028 -0.13536127]]
[[-0.03474299 -0.48805657 -0.09732884]]
[[-0.22908736 -0.18618814 -0.04700451]]
[[-0.06059405  0.04715172  0.08184653]]
[[-0.25569258 -0.34467084 -0.044379  ]]
[[-0.02355069  0.02306596 -0.03608162]]
[[-0.00561602  0.01709016  0.06321454]]
[[-0.03544329  0.04774328  0.06535034]]
[[ 1.04725387 -0.39462339 -0.53249415]]
[[-0.05383028  0.01196361 -0.02929579]]
[[-0.0056723  -0.00179579 -0.0428664 ]]
[[-0.0046165  0.0067362  0.0448374]]
[[ 0.00112117  0.00869197  0.03865923]]
[[-0.01510001  0.05045884  0.11088681]]
[[-3.2353032  -1.23055851  0.54888881]]
[[-0.05456338  0.00914062 -0.0337029 ]]
[[-0.02240168 -0.00804452 -0.03064582]]
[[-0.00667394 -0.00641011 -0.03615954]]
[[-0.00110329  0.00794673  0.05422795]]
[[ 0.04172097  0.02646741  0.07241018]]
[[-1.87845078 -1.27704068  0.0908538 ]]
[[ 0.01594715 -0.00070871 -0.0709897 ]]
[[-0.00719447 -0.01677445 -0.0544291 ]]
[[ 0.02248726  0.01429412  0.09019415]]
[[-0.66136783 -0.94438822 -0.04500093]]
[[ 0.03044842 -0.03529211 -0.12334724]]
[[-0.1803334  -0.56628215 -0.06488148]]
[[-0.13522644  0.09192454  0.11666352]]
[[-0.03698999  0.06717832  0.06051124]]
[[ 0.92499544  0.2321151  -0.22105016]]
[[-0.04020964  0.01689072 -0.03105469]]
[[-0.02282717  0.01181652  0.0764689 ]]
[[-0.04225253  0.06862689  0.09244047]]
[[-2.15637335 -0.33293976  0.40129013]]
[[-0.05696324  0.01128106 -0.02660368]]
[[-0.02190177 -0.00705932 -0.04627915]]
[[ 0.00295655  0.05519505  0.13415399]]
[[-1.36231403 -0.6705736   0.0616345 ]]
[[ 0.01035228 -0.00527627 -0.10191552]]
[[-0.52270082 -0.5345344  -0.02955635]]
[[ 0.55921239  0.33510336 -0.1065336 ]]
[[-0.07876338  0.05265446  0.14056689]]
[[-1.23494787  0.10701794  0.28213784]]
[[-0.04915791  0.00127268 -0.05810051]]
[[-0.76149249 -0.15349894  0.07998261]]
[[-0.66514753  0.04349526  0.1370492 ]]
