[[-0.00236704  0.00057152 -0.00117523]]
[[-0.00129005  0.00059535 -0.00106868]]
[[-0.00180208  0.00017723 -0.00077884]]
[[-0.0022298   0.00137159 -0.0027464 ]]
[[ -9.80149767e-05   2.90653256e-03  -2.94151776e-03]]
[[ 0.00237289  0.00558307 -0.00038283]]
[[  8.38006525e-04   3.39545010e-03  -4.37947225e-06]]
[[ 0.00175887  0.00476913  0.00168372]]
[[-0.00033294  0.00243487 -0.00022337]]
[[-0.00067302  0.00142992 -0.00088286]]
[[-0.00094324  0.00156286 -0.00115321]]
[[-0.00287716  0.00010448 -0.00023504]]
[[-0.00133006  0.00030782 -0.00064313]]
[[-0.00171928  0.00020923 -0.00019876]]
[[-0.00314964  0.00323047 -0.00537358]]
[[ 0.00605487  0.00730058 -0.00021004]]
[[ 0.00279211  0.0053789   0.00367324]]
[[-0.00094577  0.00095782 -0.00053707]]
[[ 0.00033662  0.00300922  0.00100013]]
[[-0.0005208   0.00166005 -0.00017715]]
[[-0.00039601  0.00234622  0.00021555]]
[[ 0.00118031  0.00396779  0.00158421]]
[[-0.00074375  0.00126749 -0.00021582]]
[[ -5.23523586e-04   1.58903568e-03   8.23415077e-05]]
[[ 0.00020381  0.00239602  0.00116278]]
[[ 0.00251947  0.00509202  0.00289769]]
[[-0.00038508  0.00197862  0.00032733]]
[[ -7.08925738e-04   1.25103439e-03  -6.60188649e-05]]
[[ 0.00066423  0.00257379  0.00134999]]
[[-0.00055909  0.00133158  0.00011877]]
[[ 0.00017546  0.00187351  0.00081249]]
[[ 0.00108983  0.00280212  0.00269694]]
[[-0.00032548  0.00155784  0.00040201]]
[[ -7.09308583e-04   1.06951331e-03  -6.79178881e-05]]
[[ 0.00078254  0.00175291  0.00096305]]
[[-0.00072847  0.00104167  0.00028788]]
[[-0.00077339  0.00106567  0.00106525]]
[[  7.80353027e-05   2.89933459e-03   8.01343350e-04]]
[[ 0.00037553  0.00269692  0.00062079]]
[[ 0.00070724  0.00395489  0.00090929]]
[[ -6.88347662e-05   3.29096551e-03   3.60352751e-04]]
[[ 0.00106077  0.00431643  0.00094649]]
[[-0.00338736 -0.00115511 -0.00123006]]
[[-0.00248612 -0.00220625 -0.00111481]]
[[ -2.49156494e-03  -1.26170246e-03  -8.66005159e-05]]
[[-0.00123068 -0.00199556 -0.0001385 ]]
[[ -1.50015504e-03  -7.33295033e-04   3.53898371e-05]]
[[-0.00152028  0.00071616  0.00162907]]
[[-0.00036555  0.00289791  0.00028389]]
[[ 0.000425    0.00348147  0.00056481]]
[[ 0.00078448  0.00374555  0.00074935]]
[[-0.00158387 -0.00193836 -0.00119637]]
[[ 0.00014569 -0.00198664 -0.00042176]]
[[-0.00375738 -0.00033782  0.00042668]]
[[ 0.0003004   0.00328522  0.00020153]]
[[-0.00270319 -0.00180308 -0.00184777]]
[[-0.00285114 -0.00074238 -0.00148673]]
[[ 0.00051185  0.00420659  0.00038012]]
[[-0.00178312 -0.00131383 -0.00100838]]
[[-0.00247537 -0.00154395 -0.00167542]]
[[-0.00104978  0.00286975 -0.00043799]]
[[ 0.00070271  0.00378348  0.00049222]]
[[-0.0033803  -0.00071825 -0.00154944]]
[[-0.00105973 -0.00109602 -0.00081493]]
[[-0.00083439  0.00363577 -0.00024234]]
[[-0.00168113 -0.00136371 -0.00157726]]
[[-0.00167299  0.0027923  -0.00092355]]
[[ 0.00016338  0.00326761  0.00023211]]
[[-0.00222257  0.0001402  -0.00124099]]
[[ 0.00062155 -0.00048369 -0.00174865]]
[[-0.0004404   0.00286493 -0.00082697]]
[[-0.00142733  0.00029206 -0.00091801]]
[[-0.00237306 -0.00268154 -0.0010244 ]]
[[-0.00139693 -0.00229074 -0.00108856]]
[[-0.0019698  -0.00279192 -0.00061014]]
[[-0.00180187 -0.00218484 -0.00242905]]
[[ 0.00059051 -0.00090532 -0.00269375]]
[[ 0.00355244  0.00200476 -0.00018682]]
[[ 0.00203526 -0.00066116 -0.00034561]]
[[ 0.00329142  0.00141588  0.00119408]]
[[  1.05443519e-06  -1.17909885e-03  -9.14800762e-04]]
[[-0.00070711 -0.00180855 -0.00126762]]
[[-0.00079626 -0.0018211  -0.00129618]]
[[-0.00294105 -0.00260104 -0.00014124]]
[[-0.00141923 -0.00228245 -0.00085399]]
[[-0.00178196 -0.00235979  0.0003503 ]]
[[-0.00246661  0.00022355 -0.00562568]]
[[  7.07806004e-03   4.69858782e-03   8.91571861e-05]]
[[ 0.00403048  0.0032426   0.0034867 ]]
[[-0.00106481 -0.0019173  -0.0010063 ]]
[[  1.64558552e-03  -8.42458804e-04   2.26501683e-05]]
[[-0.00050972 -0.00163494 -0.00110118]]
[[  4.98365457e-05  -1.15857382e-03  -8.22728104e-04]]
[[ 0.00281759  0.00085161  0.00060453]]
[[-0.00087101 -0.00170817 -0.00106302]]
[[-0.00037814 -0.00152215 -0.00111314]]
[[ 0.00156547 -0.001057   -0.00026823]]
[[ 0.00394772  0.00323401  0.00219974]]
[[ 0.00011636 -0.00124732 -0.00099129]]
[[-0.00075484 -0.0015697  -0.00113473]]
[[  2.28566103e-03  -2.05121424e-05  -6.52273220e-05]]
[[-0.00032915 -0.00140053 -0.00122782]]
[[ 0.00121736 -0.0008495  -0.00089998]]
[[ 0.00233952  0.00149863  0.00165309]]
[[ 0.00010659 -0.00113942 -0.00130233]]
[[-0.00069235 -0.00143865 -0.00119575]]
[[ 0.00200156 -0.00023874 -0.00022259]]
[[-0.00019534 -0.00104289 -0.00149138]]
[[-0.00070157 -0.00367027  0.00094364]]
[[ -1.31470878e-03  -1.65107973e-03  -5.48778469e-06]]
[[-0.00094981 -0.00084713 -0.00064375]]
[[-0.00252582  0.00332756 -0.0002372 ]]
[[-0.00242286  0.00037663 -0.00108925]]
[[-0.00268226  0.00382656 -0.00078802]]
[[-0.00408864 -0.00538032 -0.00236451]]
[[-0.00227812 -0.00710071 -0.00174532]]
[[-0.00294984 -0.00579222 -0.00021369]]
[[-0.00078005 -0.00626417  0.00059809]]
[[-0.0005034  -0.00547323  0.00141467]]
[[-0.00143698 -0.00370938  0.00128381]]
[[-0.00438031 -0.00132513 -0.00383592]]
[[-0.00395998  0.00732879 -0.00070082]]
[[-0.00424364  0.00728251 -0.00080843]]
[[-0.00072436 -0.00666305 -0.00123317]]
[[ -4.45787129e-04  -5.82405347e-03  -1.49770051e-05]]
[[-0.00080615 -0.00508754  0.00186913]]
[[-0.00226786  0.0008746  -0.0019933 ]]
[[-0.0023672  -0.00676274 -0.00323045]]
[[-0.00363513 -0.00482495 -0.00318751]]
[[-0.00350075  0.00442047 -0.00190779]]
[[-0.00065747 -0.00627196 -0.00219052]]
[[-0.00219628 -0.00626313 -0.00357153]]
[[-0.0034406   0.00082736 -0.00283784]]
[[-0.00433382  0.00816625 -0.00101909]]
[[-0.00404939 -0.00429961 -0.00353986]]
[[-0.00056889 -0.00573192 -0.0024229 ]]
[[-0.00459946  0.00385013 -0.00242739]]
[[-0.00180083 -0.00525137 -0.00351245]]
[[-0.00328583  0.00071833 -0.00298939]]
[[-0.00582421  0.00675983 -0.00056409]]
[[-0.00260068 -0.00308471 -0.00410874]]
[[-0.00019311 -0.00500824 -0.0023126 ]]
[[-0.00128022  0.00143667 -0.00343875]]
[[-0.00053174 -0.00289976 -0.00441347]]
[[-0.00158015  0.00174497 -0.00263549]]
[[-0.00021094  0.00074544 -0.00384708]]
[[-0.00032994  0.0011056  -0.00386902]]
[[-0.00146104  0.00216604 -0.00533458]]
[[ 0.00117963  0.00342203 -0.00531787]]
[[ 0.00375132  0.00607468 -0.00218559]]
[[ 0.00213655  0.00353988 -0.00153846]]
[[ 0.00306454  0.00478584  0.00059673]]
[[ 0.00095362  0.00259738 -0.00168639]]
[[ 0.00045597  0.00162108 -0.00271374]]
[[ 0.00031272  0.00196236 -0.00342309]]
[[-0.0021612   0.00219185  0.00165267]]
[[-0.0004401   0.00010329 -0.0027718 ]]
[[ 0.00015313  0.00041901 -0.00291055]]
[[-0.00249072  0.00441829 -0.00819191]]
[[ 0.00750453  0.00762717 -0.00160632]]
[[ 0.00416649  0.00514311  0.00283734]]
[[  7.25804885e-05   1.02242401e-03  -1.96420463e-03]]
[[  1.60322752e-03   2.87297751e-03   9.03958763e-05]]
[[ 0.00063279  0.00175789 -0.00128534]]
[[ 0.00089271  0.00235053 -0.00064235]]
[[ 0.00240917  0.00368465  0.00096377]]
[[ 0.00034233  0.00133092 -0.00104202]]
[[ 0.00062523  0.00161008 -0.00050264]]
[[ 0.00139848  0.00209784  0.00073052]]
[[ 0.00380036  0.00451557  0.00240278]]
[[  8.15563282e-04   1.86564641e-03  -7.37069200e-05]]
[[ 0.00040209  0.00128222 -0.0004698 ]]
[[ 0.0017695   0.00212365  0.00109422]]
[[  5.21846611e-04   1.26798518e-03  -5.63764614e-05]]
[[ 0.0012213   0.00151138  0.00072166]]
[[ 0.00227814  0.00206857  0.00246649]]
[[ 0.00068762  0.00135919  0.00034807]]
[[ 0.0003601   0.0010601  -0.00016298]]
[[ 0.00188446  0.00124437  0.00097071]]
[[ 0.00025855  0.00076127  0.00035644]]
[[ 0.00188172  0.00160948  0.0005584 ]]
[[  1.73938397e-03   2.03154157e-03  -3.32570483e-05]]
[[ 0.00255973  0.00088832 -0.00064016]]
[[ 0.00176561  0.00174888 -0.00046636]]
[[ 0.00241014  0.00019558 -0.0006994 ]]
[[ 0.00188684  0.00131573 -0.00029143]]
[[ 0.00116718 -0.00127078 -0.00169055]]
[[ 0.00063679 -0.00113944 -0.00198754]]
[[ 0.00161877 -0.00067912 -0.00189489]]
[[ 0.00089821 -0.00037807 -0.00205894]]
[[ 0.00137049  0.0008286  -0.00175786]]
[[ 0.00168888  0.00120798  0.0020069 ]]
[[ 0.00076612  0.00198243 -0.000258  ]]
[[ 0.00062187  0.00194904 -0.00037325]]
[[ 0.00071456  0.00168325 -0.00030265]]
[[ -5.22769497e-05  -7.34860936e-04  -1.80430025e-03]]
[[  2.75019312e-04  -1.91004530e-05  -2.47078456e-03]]
[[-0.00060672  0.00219097 -0.00141983]]
[[  2.57606476e-03   5.60015665e-05  -7.66312475e-04]]
[[ 0.00022548 -0.00132235 -0.00163114]]
[[ 0.00092935 -0.00154878 -0.00138545]]
[[ 0.00164449  0.0009384  -0.00075369]]
[[-0.0003503  -0.00076718 -0.00141444]]
[[ -5.31326292e-05  -1.15685323e-03  -1.28500001e-03]]
[[ 0.00162939 -0.00011758 -0.00107893]]
[[ 0.00072539  0.00128169 -0.00055163]]
[[ 0.00028176 -0.00116402 -0.0009206 ]]
[[-0.0005519  -0.00069058 -0.00098125]]
[[ 0.00066303  0.00041528 -0.00078113]]
[[ -1.41549381e-05  -6.94790872e-04  -4.25245659e-04]]
[[ 0.00059889  0.00012033 -0.00060547]]
[[ 0.00035681  0.00061642 -0.0005947 ]]
[[ 0.00041578 -0.00030531 -0.00026038]]
[[-0.00034222 -0.00052644 -0.00028816]]
[[ 0.00037506  0.00039099 -0.00052702]]
[[ 0.00036777 -0.00013916 -0.000321  ]]
[[-0.00069455  0.00083654 -0.00295822]]
[[ 0.0007223  -0.00223385 -0.00433696]]
[[ 0.00055598 -0.00149688 -0.00316911]]
[[-0.00120181  0.00313504 -0.00608761]]
[[ 0.00219947  0.00401894 -0.00545756]]
[[ 0.00422395  0.00780523 -0.00139554]]
[[ 0.00297434  0.00450252 -0.0004121 ]]
[[ 0.00274058  0.00746378  0.00231249]]
[[ 0.0029363   0.00128492 -0.00051875]]
[[ 0.0020265  -0.00154221 -0.00259853]]
[[ 0.00259738  0.00032431 -0.00304417]]
[[-0.00223342  0.00056415  0.00189846]]
[[-0.0001725  -0.00353449 -0.00346972]]
[[ -3.84913905e-05  -2.14188810e-03  -1.40762749e-03]]
[[-0.0031976   0.00631842 -0.00979864]]
[[ 0.00624078  0.01060892 -0.00132414]]
[[ 0.00240188  0.0091176   0.00410674]]
[[ 0.00086742 -0.00279985 -0.00225375]]
[[ 0.00088997  0.00465019  0.00198036]]
[[ 0.0013827  -0.0012426  -0.00070722]]
[[ 0.00168547  0.00156106  0.00110712]]
[[ 0.00072874  0.00701556  0.00316561]]
[[ 0.00073936 -0.00264679 -0.00109221]]
[[ 0.00075783 -0.00101074  0.00023926]]
[[-0.00043422  0.00436311  0.00241366]]
[[ 0.00134918  0.0090278   0.00427354]]
[[ 0.00058018  0.00150049  0.00111672]]
[[ 0.00026434 -0.00259723 -0.00051624]]
[[ -9.88232040e-05   5.50606172e-03   2.86271111e-03]]
[[-0.00011593 -0.00034746  0.00042742]]
[[-0.00081679  0.00346053  0.00193796]]
[[-0.00021239  0.00665924  0.00436529]]
[[-0.00047857  0.00181842  0.00120288]]
[[-0.00049136 -0.00175072  0.00050952]]
[[-0.00074902  0.00373082  0.00155046]]
[[-0.00147087  0.00151864  0.00070737]]
[[ 0.00146604  0.00098457  0.00037245]]
[[-0.00097113  0.00257991 -0.00076408]]
[[ 0.00163682  0.00140279 -0.00109854]]
[[-0.00220199  0.00611279 -0.00039429]]
[[ 0.00108863  0.00201799 -0.00011148]]
[[-0.00200021  0.00594111  0.000151  ]]
[[ 0.00259573 -0.00122892  0.00028051]]
[[ 0.00329286 -0.00397118 -0.00040013]]
[[ 0.00292367 -0.00210362 -0.00049711]]
[[ 0.00425968 -0.00520765 -0.00145641]]
[[ 0.00320151 -0.00099092 -0.00146751]]
[[ 0.00026605  0.00052664  0.00202314]]
[[-0.0064969   0.00276473 -0.00427434]]
[[-0.00660152  0.01030425 -0.001088  ]]
[[-0.00653787  0.00967826 -0.00055064]]
[[ 0.00204169 -0.00684801 -0.00154031]]
[[ 0.00398074 -0.00900418 -0.00258305]]
[[  2.54200118e-03   4.06737666e-05  -7.01485625e-04]]
[[  1.25878840e-03   2.93493228e-03  -3.40025642e-05]]
[[ 0.00301076 -0.00263027  0.00051992]]
[[  2.45321800e-03   6.45268923e-05   6.83122715e-04]]
[[-0.00224289  0.00632303 -0.00021011]]
[[ 0.00215494 -0.00610114  0.00070482]]
[[ 0.00262262 -0.00109345  0.00039746]]
[[-0.00017123  0.00319516 -0.00031908]]
[[-0.00613331  0.01004696 -0.00030826]]
[[ 0.0009203   0.00083964  0.00081601]]
[[ 0.00371121 -0.00372785  0.00063315]]
[[ -4.22567124e-03   5.98603288e-03  -5.21809793e-05]]
[[ 0.00141681 -0.00109337  0.00186746]]
[[-0.00322184  0.00363776  0.0006108 ]]
[[ -7.51674050e-03   8.85474367e-03  -6.89576553e-05]]
[[-0.00157823  0.00176077  0.00324262]]
[[ 0.00342853 -0.00294664  0.00110152]]
[[-0.004945    0.00394521 -0.000732  ]]
[[-0.00665591 -0.00116132  0.00098598]]
[[ -1.88637027e-03   3.31269586e-05  -1.11587262e-03]]
[[-0.00083641  0.00013021 -0.00037789]]
[[-0.00134142 -0.0003694  -0.00030895]]
[[-0.00162318  0.00094156 -0.00222655]]
[[ 0.00038718  0.00228378 -0.00199809]]
[[ 0.00281693  0.00501057  0.00094177]]
[[ 0.00104365  0.00260995  0.00165922]]
[[ 0.00191307  0.00403473  0.00374004]]
[[-0.00010988  0.00175174  0.00139493]]
[[-0.00041398  0.00083559  0.00031601]]
[[-0.00047282  0.00103943 -0.00014136]]
[[-0.00263188 -0.00033788 -0.00050097]]
[[ -8.49515708e-04  -1.00359118e-04   3.95824466e-06]]
[[-0.00122831 -0.00041794  0.0001576 ]]
[[-0.00237006  0.002816   -0.00496039]]
[[ 0.00669937  0.00668199  0.00093268]]
[[ 0.00316227  0.00457736  0.00542081]]
[[-0.00063849  0.00044084  0.0004317 ]]
[[ 0.00012977  0.00194711  0.00353191]]
[[-0.00061296  0.00078824  0.00157554]]
[[-0.00059949  0.00129714  0.00256637]]
[[ 0.00086862  0.00294987  0.0047971 ]]
[[-0.00075975  0.00049534  0.00110878]]
[[ -1.31235364e-03  -1.27388364e-05   2.63509373e-03]]
[[-0.00077696  0.00064324  0.00517258]]
[[ 0.00246736  0.00418321  0.00558975]]
[[ -1.46010147e-03   8.58862792e-05   3.65466958e-03]]
[[-0.00135183 -0.00013045  0.0015905 ]]
[[ -5.69107938e-05   1.47064423e-03   7.15351483e-03]]
[[-0.00293519 -0.00223794  0.00351263]]
[[-0.00172504 -0.00234821  0.00834967]]
[[ 0.00098803  0.00249299  0.00703105]]
[[-0.00278097 -0.00285442  0.00498077]]
[[-0.00270131 -0.0017714   0.00122395]]
[[ 0.00225414 -0.00228749  0.01076471]]
[[-0.00441498 -0.00436362  0.00331262]]
[[ 0.00101848 -0.00021074  0.00231025]]
[[ 0.00077778  0.00099496  0.00236053]]
[[  1.61675214e-03  -7.63215644e-05   2.16835482e-03]]
[[ 0.00073459  0.00120093  0.00240126]]
[[ 0.00130338 -0.00030203  0.00252301]]
[[ 0.00061603  0.00134041  0.00311545]]
[[ -5.29322809e-05  -1.94846476e-03   1.97282433e-03]]
[[-0.0004325  -0.00202645  0.00139409]]
[[ 0.00054756 -0.00180487  0.00148999]]
[[ -8.09767271e-05  -1.91527643e-03   1.20339594e-03]]
[[ 0.00039619 -0.00160237  0.00154902]]
[[ 0.00012251  0.00035816  0.00208077]]
[[-0.00018692  0.00131079  0.00167165]]
[[-0.0002655   0.00162341  0.00181553]]
[[-0.0003763   0.00200852  0.00222472]]
[[-0.00103142 -0.0015071   0.00112776]]
[[-0.00078444 -0.00149382  0.00072485]]
[[-0.0003293  -0.00156108  0.00118927]]
[[  1.23445922e-03   7.83025513e-05   3.11991598e-03]]
[[-0.00100707 -0.00189571  0.00220032]]
[[-0.00054017 -0.00180107  0.0029991 ]]
[[  6.80625849e-05   1.76686615e-03   3.39853335e-03]]
[[-0.00145463 -0.00132238  0.0019461 ]]
[[-0.00154014 -0.00140631  0.00351925]]
[[ -6.58698027e-05   1.03755176e-03   3.57299380e-03]]
[[-0.00065352  0.00255388  0.00239865]]
[[-0.00161519 -0.00061521  0.00486568]]
[[-0.00190375 -0.00105586  0.00337509]]
[[-0.00151016  0.00278207  0.00361075]]
[[-0.00172526 -0.00020989  0.00606317]]
[[-0.00236604  0.00384032  0.00291985]]
[[-0.00164465  0.00335827  0.00223471]]
[[-0.00220084  0.0023763   0.00663424]]
[[-0.00198463 -0.00056874  0.00537773]]
[[-0.00330786  0.00429769 -0.00039207]]
[[-0.00564493  0.00023609  0.00348173]]
[[-0.00344173  0.00237673 -0.005197  ]]
[[-0.00643555  0.00052971 -0.00586012]]
[[-0.00458082  0.00260175 -0.00696547]]
[[-0.00232598  0.00286753 -0.00545662]]
[[-0.00067558  0.00270529 -0.00529591]]
[[ 0.00230538  0.00541563 -0.0014176 ]]
[[ 0.0001421   0.00248358 -0.00054011]]
[[ 0.00131033  0.00441013  0.00207663]]
[[-0.0022263   0.00215518 -0.00117908]]
[[-0.00334645  0.00205907 -0.00254398]]
[[-0.00288927  0.00183385 -0.0033771 ]]
[[-0.00381638  0.00290365 -0.0037143 ]]
[[-0.01038839  0.00093522 -0.0045414 ]]
[[-0.0053198   0.00446729 -0.0072431 ]]
[[-0.00261122  0.00452778 -0.00683718]]
[[ 0.00655309  0.00721494 -0.00085859]]
[[ 0.00312386  0.00507441  0.00403642]]
[[-0.00340259  0.00223266 -0.00310216]]
[[-0.00083283  0.00221344  0.00151285]]
[[-0.00420113  0.00047955 -0.00104424]]
[[-0.00270994  0.00148161  0.00054672]]
[[ 0.0001431   0.00424097  0.00243585]]
[[ -5.42026043e-03   8.37952325e-05  -2.55666828e-03]]
[[ -3.88478415e-03   5.19098454e-05  -2.08858835e-04]]
[[-0.00135111  0.00237428  0.00145938]]
[[ 0.0025949   0.00538412  0.0036584 ]]
[[-0.00294253  0.00102591  0.00062322]]
[[ -4.17964908e-03  -6.41961036e-05  -2.52008851e-03]]
[[ -3.66472196e-05   3.39693900e-03   1.68675786e-03]]
[[-0.00305282 -0.00025702  0.00066003]]
[[-0.00038923  0.00246385  0.0007231 ]]
[[ 0.00134439  0.00354305  0.00310188]]
[[-0.00116471  0.00139378  0.00123935]]
[[-0.00606456 -0.00143613  0.00261204]]
[[ 0.0008398   0.0024724   0.00076016]]
[[-0.00078061  0.00167478  0.00078824]]
[[ 0.0014744   0.00090031  0.0005597 ]]
[[ 0.00123253  0.00176821  0.0006034 ]]
[[ 0.00228967  0.00030448  0.00034313]]
[[ 0.00136132  0.00151401  0.00065978]]
[[  2.11008492e-03   7.19089179e-05   6.48794107e-04]]
[[ 0.0014716   0.00159222  0.00099408]]
[[ 0.00127918 -0.00180621  0.00039363]]
[[ 0.00148427 -0.00325722 -0.00035299]]
[[ 0.00166627 -0.0017663  -0.00064202]]
[[ 0.00190666 -0.00301951 -0.00148691]]
[[ 0.00150611 -0.00019255 -0.00151412]]
[[ 0.00052499  0.00139367  0.000686  ]]
[[  8.85561185e-05   1.90537767e-03   4.73531914e-04]]
[[ 0.00021406  0.00181097  0.00043306]]
[[ 0.00031731  0.00197914  0.00051234]]
[[  9.12081132e-05  -5.27295135e-03  -1.29265659e-03]]
[[  2.68265270e-05  -5.78051330e-03  -3.28566142e-03]]
[[ 0.00079796  0.0007631  -0.00157141]]
[[ 0.00225181  0.00081461  0.00052075]]
[[ 0.00142493 -0.00245328  0.00083826]]
[[ 0.00132445 -0.00067986  0.0009328 ]]
[[ 0.00127878  0.00180572  0.00017521]]
[[ 0.0005489 -0.005239   0.0009531]]
[[ 0.00116915 -0.00039019  0.00050371]]
[[ 0.00131876  0.00120746 -0.00036534]]
[[  3.43539103e-04   2.05508216e-03   5.02209296e-05]]
[[ 0.00049624  0.00047416  0.00030817]]
[[ 0.00136171 -0.00228147  0.0008163 ]]
[[ 0.00037455  0.00155405 -0.00049091]]
[[ 0.00022288  0.00126089  0.00024003]]
[[ 0.00033002  0.00153058 -0.00063569]]
[[  3.54768406e-05   1.59706834e-03  -3.59425008e-04]]
[[ 0.00027339  0.00153168 -0.00015863]]
[[-0.00011952  0.00033754  0.00168441]]
[[ 0.00028385  0.00143683 -0.00091008]]
[[ 0.00034927  0.00208577 -0.00056438]]
[[ 0.00162363  0.00028498 -0.00475143]]
[[-0.00203963 -0.00288223 -0.00531424]]
[[ 0.00104109 -0.00110916 -0.00563866]]
[[ 0.00091423  0.00274076 -0.00540825]]
[[ 0.00232607  0.00348104 -0.0048497 ]]
[[ 0.00424143  0.00673938 -0.00138707]]
[[ 0.00278479  0.00398627 -0.00057946]]
[[ 0.00296105  0.00562984  0.00172454]]
[[ 0.00163092  0.00131518 -0.00126254]]
[[ 0.00031821 -0.0005474  -0.00286016]]
[[ 0.00103787  0.00019632 -0.00271979]]
[[ 0.00162246 -0.00038393 -0.00313538]]
[[-0.00682623 -0.00188706 -0.00419479]]
[[ 0.00138014  0.00015438 -0.00587821]]
[[-0.0003161   0.00439004 -0.00727435]]
[[ 0.007662    0.00809254 -0.00103273]]
[[ 0.00389827  0.00575273  0.00366301]]
[[-0.00059368 -0.00026114 -0.00346325]]
[[ 0.00163698  0.00352552  0.00172854]]
[[-0.00040505 -0.00156441 -0.00144996]]
[[ 0.00148496  0.00097972  0.00100571]]
[[ 0.00196565  0.00445892  0.0031242 ]]
[[-0.00266462 -0.00188026 -0.00275977]]
[[ 0.00040501 -0.00185781  0.00037768]]
[[ 0.00118779  0.00220976  0.00372778]]
[[ 0.00334288  0.00511739  0.00400951]]
[[ 0.00127632  0.00011264  0.00243101]]
[[-0.0011976  -0.00192479 -0.00204781]]
[[ 0.00183952  0.00254172  0.00569234]]
[[-0.00037005 -0.00329531  0.00253184]]
[[ 0.00170602 -0.00123711  0.00726387]]
[[ 0.00275321  0.00292216  0.00564614]]
[[ 0.00122983 -0.00223561  0.00477589]]
[[-0.00380742 -0.00398026  0.00266926]]
[[ 0.00746282 -0.00248042  0.0100447 ]]
[[ 0.00107738 -0.00466745  0.00355229]]
[[ 0.0037618   0.00174353  0.00217557]]
[[ 0.00285381  0.00357672  0.00190703]]
[[ 0.0044433   0.00214467  0.00152443]]
[[ 0.00295064  0.00399048  0.00147244]]
[[ 0.00445068  0.00200098  0.00113009]]
[[ 0.00320268  0.00383092  0.00129405]]
[[ 0.00380539 -0.00065791  0.00018755]]
[[  3.16279451e-03  -1.40047564e-03   9.44959994e-05]]
[[ 0.00395162 -0.00059313  0.0007024 ]]
[[ 0.00316904 -0.00143414  0.00069943]]
[[ 0.00344432 -0.00063848  0.00143641]]
[[ 0.00268462  0.00222501  0.00232791]]
[[ 0.00123766  0.00396143  0.00118611]]
[[ 0.00104176  0.0044139   0.00102228]]
[[ 0.00121167  0.00446221  0.00097023]]
[[  2.31001982e-03  -1.47487292e-03  -4.46660870e-05]]
[[ 0.00230874 -0.00153516  0.00031247]]
[[ 0.00269898 -0.00083002  0.00140807]]
[[ 0.00482541  0.00200006  0.00071949]]
[[ 0.0028276  -0.00132989 -0.0003035 ]]
[[ 0.00369538 -0.00079741 -0.00011817]]
[[ 0.00338037  0.00357118  0.00043016]]
[[ 0.00209962 -0.00126371 -0.00032119]]
[[ 0.0026017  -0.00106484 -0.00055704]]
[[ 0.00438658  0.00203404 -0.00032593]]
[[ 0.00161326  0.00423695  0.00051902]]
[[ 0.00323445 -0.00030039 -0.00034105]]
[[ 0.00192964 -0.00104414 -0.00037576]]
[[ 0.00271251  0.00299786 -0.00073439]]
[[ 0.00271519 -0.00020478 -0.00045902]]
[[ 0.00303081  0.00242207 -0.00138614]]
[[ 0.00171392  0.0035237  -0.00031709]]
[[ 0.00312511  0.0009131  -0.0007558 ]]
[[ 0.0021926  -0.00058678 -0.00017278]]
[[ 0.00222788  0.00296868 -0.00206453]]
[[ 0.00289103  0.00080295 -0.0012457 ]]
