[[-0.00294726  0.00047975 -0.00082488]]
[[-0.00187212  0.00037845 -0.00089212]]
[[ -2.34535822e-03  -1.05624746e-06  -5.15461595e-04]]
[[-0.00290465  0.00133035 -0.00245199]]
[[-0.00085484  0.00286616 -0.00271557]]
[[ 0.00157553  0.00562576 -0.00023764]]
[[ -5.29817973e-07   3.43367864e-03   3.28717601e-05]]
[[ 0.00090989  0.00490083  0.00161554]]
[[-0.00112338  0.00233568 -0.00026929]]
[[-0.00137098  0.00121273 -0.00084719]]
[[-0.00164047  0.00142085 -0.00101601]]
[[-0.00337861  0.00013151  0.00015588]]
[[ -1.86193068e-03   5.86621195e-05  -5.75674632e-04]]
[[ -2.21452581e-03   1.46786722e-06   9.15260410e-05]]
[[-0.00387917  0.00334091 -0.0051106 ]]
[[  5.19400264e-03   7.50844180e-03  -7.34189367e-05]]
[[ 0.00187319  0.00568345  0.00362652]]
[[-0.00158476  0.00068739 -0.00057591]]
[[-0.00051386  0.00311748  0.0008103 ]]
[[-0.00126664  0.00145079 -0.00033912]]
[[ -1.20813528e-03   2.29044242e-03  -2.05364454e-05]]
[[ 0.00035957  0.00417933  0.0012999 ]]
[[-0.00143469  0.00099188 -0.00041388]]
[[-0.00124044  0.00144426 -0.00026215]]
[[-0.00056858  0.0025562   0.00075353]]
[[ 0.001637    0.00547879  0.00265945]]
[[ -1.10584134e-03   1.96827152e-03  -7.84929888e-05]]
[[-0.00138014  0.00101766 -0.00040067]]
[[ -2.82050283e-05   2.82376265e-03   8.80143732e-04]]
[[-0.00116695  0.00125104 -0.00035045]]
[[-0.00041771  0.00205871  0.00025234]]
[[ 0.00033203  0.00321657  0.00230155]]
[[-0.00087706  0.00157226 -0.00015449]]
[[-0.00129299  0.00088597 -0.00048205]]
[[ 0.00023298  0.00209849  0.00043758]]
[[-0.00120315  0.00106599 -0.0003237 ]]
[[-0.00159105  0.00185476  0.00169119]]
[[-0.00068203  0.00375136  0.00131422]]
[[-0.00062775  0.00376749  0.00105605]]
[[-0.00015229  0.0050399   0.00121978]]
[[-0.00111916  0.00458184  0.00051378]]
[[ 0.00022705  0.00553707  0.00097211]]
[[-0.00486539  0.00028194 -0.00105482]]
[[-0.00430736 -0.00042824 -0.00072188]]
[[-0.00391105 -0.00010827  0.00055378]]
[[-0.00278284 -0.00073722  0.00059054]]
[[ -2.66046814e-03   6.07852139e-05   9.09375412e-04]]
[[-0.00214537  0.00126192  0.00234568]]
[[-0.00094809  0.00375212  0.00064541]]
[[-0.00023042  0.0045195   0.00080873]]
[[ 0.00013376  0.00488491  0.00081995]]
[[ -4.20174105e-03   9.03401399e-05  -9.03320947e-04]]
[[-0.00185572 -0.00069293  0.00019481]]
[[-0.00490105  0.00019579  0.00124586]]
[[ -6.49640335e-04   4.66933699e-03   2.80492351e-05]]
[[-0.00455646  0.0002227  -0.00187317]]
[[-0.00424593  0.00085287 -0.00179356]]
[[ -1.78916912e-04   5.47296160e-03   9.70987751e-05]]
[[-0.00431103  0.00115121 -0.00103319]]
[[-0.00414687  0.00057333 -0.00216787]]
[[-0.00178367  0.00418252 -0.00087763]]
[[ 0.00014099  0.00494878  0.0003643 ]]
[[-0.00447396  0.00085702 -0.00231345]]
[[-0.00346959  0.0013057  -0.00134488]]
[[-0.00129793  0.00477619 -0.00074104]]
[[-0.00281405  0.00042818 -0.00246491]]
[[-0.00212563  0.00394329 -0.00159254]]
[[ -2.38096383e-04   4.30946316e-03  -3.97926876e-05]]
[[-0.0029074   0.00147408 -0.00220033]]
[[-0.00095596  0.00138882 -0.00285529]]
[[-0.00067226  0.00381201 -0.00159083]]
[[-0.00218836  0.0013561  -0.00195251]]
[[-0.00192191 -0.00381685 -0.00048946]]
[[-0.00120309 -0.00326555 -0.00090801]]
[[-0.00176573 -0.00373131 -0.00030407]]
[[-0.00088729 -0.00366518 -0.00191263]]
[[ 0.00155197 -0.00254394 -0.00236659]]
[[  5.03993397e-03   2.74120179e-04   8.04151794e-05]]
[[ 0.00337963 -0.00253004 -0.00033854]]
[[ 0.00519617 -0.00046435  0.00116534]]
[[ 0.00064757 -0.00257373 -0.00107495]]
[[-0.00036464 -0.00298079 -0.00130416]]
[[-0.0003596  -0.00307572 -0.00119852]]
[[-0.00233282 -0.0035397   0.00047288]]
[[-0.00129519 -0.00311627 -0.00081268]]
[[-0.00165421 -0.00312656  0.00072152]]
[[-0.00063381 -0.00141514 -0.00506169]]
[[ 0.00974181  0.00278299  0.00060646]]
[[ 0.0074189   0.00107474  0.00381428]]
[[-0.00086835 -0.00291275 -0.00109619]]
[[ 0.00325735 -0.00270892 -0.00028967]]
[[ -5.32923700e-05  -2.83162792e-03  -1.37146904e-03]]
[[ 0.00085424 -0.002523   -0.00115825]]
[[ 0.00496649 -0.00087934  0.00028272]]
[[-0.00059682 -0.00274416 -0.0013114 ]]
[[ 0.00022261 -0.002625   -0.00153122]]
[[ 0.0032704  -0.00262322 -0.00080903]]
[[ 0.00773319  0.00122039  0.00222045]]
[[ 0.00100339 -0.00242648 -0.00145762]]
[[-0.00038209 -0.00252717 -0.00148489]]
[[ 0.00442262 -0.00136483 -0.00051286]]
[[ 0.00033956 -0.00228466 -0.00171152]]
[[ 0.00279119 -0.00196048 -0.00151703]]
[[ 0.00595599 -0.00010099  0.00152676]]
[[ 0.00097587 -0.00204328 -0.00188083]]
[[-0.00025949 -0.0022244  -0.00157134]]
[[ 0.00412059 -0.00128566 -0.00069798]]
[[ 0.00058277 -0.0017497  -0.00210042]]
[[ 0.00242899 -0.00430347  0.00108209]]
[[ 0.00266021 -0.00323969  0.0001791 ]]
[[ 0.00362448 -0.00173539 -0.00029843]]
[[  2.53425204e-03   1.26422012e-03   3.80623032e-06]]
[[ 0.00282909 -0.00037523 -0.00051314]]
[[ 0.00287356  0.001882   -0.00040653]]
[[ -9.04004791e-06  -4.70792186e-03  -1.66050056e-03]]
[[ 0.00075449 -0.00595928 -0.0012924 ]]
[[  1.00898910e-03  -5.17641018e-03  -8.46536866e-05]]
[[ 0.00163622 -0.00562411  0.00034591]]
[[ 0.00196348 -0.00541683  0.00116525]]
[[ 0.00147781 -0.00440468  0.00139545]]
[[  5.90500707e-05  -3.33200723e-03  -3.09071181e-03]]
[[ 0.0016481   0.00476622 -0.00016226]]
[[ 0.00185369  0.0045917  -0.00038355]]
[[ 0.00121206 -0.00550141 -0.0009298 ]]
[[  1.22946171e-03  -5.15935530e-03  -8.61217076e-05]]
[[ 0.00090389 -0.00482166  0.00172868]]
[[ 0.00313629  0.00039322 -0.00122391]]
[[ 0.00061299 -0.0054569  -0.00256544]]
[[ 0.00042892 -0.00393523 -0.00224586]]
[[ 0.00189924  0.00270418 -0.00117154]]
[[ 0.00124093 -0.00495444 -0.00167184]]
[[ 0.00054388 -0.00483122 -0.00259029]]
[[ 0.00127671  0.0004784  -0.00193228]]
[[ 0.00162332  0.00577903 -0.00051232]]
[[-0.00051882 -0.00347149 -0.00237291]]
[[ 0.00112429 -0.00433969 -0.00170103]]
[[ -9.08373539e-05   2.48436413e-03  -1.64672733e-03]]
[[ 0.00044912 -0.0039838  -0.00248192]]
[[ 0.00045763  0.00035288 -0.00200484]]
[[ -8.88752755e-04   4.93249422e-03  -2.58645807e-05]]
[[ 0.00024159 -0.00229082 -0.00286137]]
[[ 0.00122144 -0.00374421 -0.00150375]]
[[ 0.00222799  0.00084297 -0.0023364 ]]
[[ 0.00136919 -0.0019072  -0.00316425]]
[[ 0.00063118  0.0018291  -0.00310559]]
[[ 0.00098479  0.00074099 -0.00439044]]
[[ 0.00177789  0.00132804 -0.00473919]]
[[ 0.00019206  0.00247374 -0.00541215]]
[[ 0.00221114  0.00349683 -0.00530235]]
[[ 0.0044974   0.00619228 -0.00203155]]
[[ 0.00263994  0.00357047 -0.00139524]]
[[ 0.00343863  0.0048358   0.00076663]]
[[ 0.00144525  0.00266834 -0.00164495]]
[[ 0.00106896  0.00169718 -0.00278787]]
[[ 0.00129619  0.00210235 -0.00359349]]
[[ 0.00131651  0.00194624  0.00118695]]
[[  6.09424295e-04   1.79966596e-05  -3.18480089e-03]]
[[  3.23011623e-03   2.64175190e-05  -4.18826310e-03]]
[[-0.00085118  0.00450082 -0.00786353]]
[[ 0.00830613  0.00764282 -0.00130562]]
[[ 0.00457018  0.00514754  0.00305939]]
[[ 0.00066439  0.00107817 -0.00206043]]
[[ 0.00187945  0.00288759  0.00023593]]
[[ 0.00097161  0.00181775 -0.00122892]]
[[ 0.0011702   0.00238759 -0.00056351]]
[[ 0.00261748  0.00369961  0.00109324]]
[[ 0.00068569  0.00138808 -0.00101699]]
[[ 0.00082736  0.00164513 -0.00042779]]
[[ 0.0015625   0.00210414  0.0008424 ]]
[[ 0.00402383  0.00450955  0.00255142]]
[[  9.82054914e-04   1.88521853e-03  -2.30897938e-06]]
[[ 0.00061527  0.00131946 -0.00041962]]
[[ 0.00189765  0.00213057  0.00119187]]
[[  6.51521783e-04   1.28952708e-03   6.14802199e-06]]
[[ 0.0013245   0.00151483  0.00080525]]
[[ 0.00241882  0.00206334  0.00257141]]
[[ 0.00079333  0.00137215  0.00041172]]
[[ 0.00050263  0.00108391 -0.00011591]]
[[ 0.00197532  0.00123011  0.00103457]]
[[ 0.00035025  0.00076092  0.00041839]]
[[ 0.00285257  0.00055459  0.00124713]]
[[ 0.0023164   0.00131697  0.00055725]]
[[ 0.00296948  0.00041391 -0.00010872]]
[[  2.05302703e-03   1.39283047e-03  -8.82709209e-05]]
[[  2.61337993e-03  -3.27609784e-05  -3.68607939e-04]]
[[  2.04439770e-03   1.12552827e-03  -4.68970045e-05]]
[[ 0.00133006 -0.00153491 -0.00121334]]
[[ 0.00081957 -0.00144121 -0.0013405 ]]
[[ 0.00192869 -0.00125991 -0.00097771]]
[[ 0.00130795 -0.00111838 -0.00072412]]
[[ 0.00220037 -0.00079551  0.00029152]]
[[ 0.00292151  0.00035669  0.00250416]]
[[  1.37585861e-03   1.40922785e-03   5.99126923e-06]]
[[ 0.00094788  0.00164325 -0.00015404]]
[[ 0.00090382  0.00151244 -0.00014296]]
[[ 0.00012466 -0.00098712 -0.00115979]]
[[ 0.00061587 -0.00069746 -0.00098616]]
[[ 0.00123357 -0.00017858  0.00149708]]
[[  2.69228632e-03  -6.62304670e-05  -5.55042820e-04]]
[[ 0.00033109 -0.0014679  -0.00128237]]
[[ 0.0010332  -0.00168485 -0.00111612]]
[[ 0.00173953  0.00082441 -0.00059227]]
[[-0.00023989 -0.00088603 -0.00108127]]
[[  1.72664655e-05  -1.24187593e-03  -1.08087726e-03]]
[[ 0.00170477 -0.00018911 -0.0009405 ]]
[[ 0.00084318  0.00117697 -0.00043963]]
[[ 0.00035119 -0.00124306 -0.00075481]]
[[-0.00047539 -0.00076094 -0.00078523]]
[[ 0.00072629  0.00034404 -0.00067445]]
[[  3.58065757e-05  -7.51228504e-04  -2.94370607e-04]]
[[  6.49519138e-04   6.85686758e-05  -5.06458050e-04]]
[[ 0.00043666  0.00054888 -0.00051701]]
[[ 0.00046206 -0.00035571 -0.00014834]]
[[-0.00028542 -0.00057287 -0.00016436]]
[[ 0.00042556  0.00034106 -0.00043697]]
[[ 0.00040533 -0.00016088 -0.00022551]]
[[ 0.00034689  0.00108277 -0.00358735]]
[[ 0.00180131 -0.00178156 -0.00470911]]
[[ 0.0015558  -0.00109806 -0.003708  ]]
[[ -2.61249864e-05   3.25530567e-03  -6.64650655e-03]]
[[ 0.0034912   0.00414803 -0.0059256 ]]
[[ 0.00555771  0.00779256 -0.00171763]]
[[ 0.00435714  0.00450139 -0.000536  ]]
[[ 0.00413065  0.00731909  0.00239545]]
[[ 0.0042717   0.00153125 -0.00048899]]
[[ 0.0032659  -0.00108595 -0.0027093 ]]
[[ 0.00381925  0.00064635 -0.00335707]]
[[-0.00124727  0.00067     0.00121169]]
[[ 0.00090092 -0.00305728 -0.00362821]]
[[ 0.00089275 -0.00168346 -0.00199179]]
[[-0.00195822  0.00615324 -0.01025835]]
[[ 0.00768594  0.01033264 -0.00161829]]
[[ 0.00393451  0.00870663  0.00416381]]
[[ 0.00211048 -0.00229335 -0.00221015]]
[[ 0.00226836  0.004528    0.00227912]]
[[ 0.00267277 -0.00080584 -0.00044506]]
[[ 0.00303136  0.0017228   0.00149527]]
[[ 0.0020696   0.00674499  0.00364858]]
[[ 0.00205335 -0.00213893 -0.00074309]]
[[ 0.0019806  -0.00069502  0.00085027]]
[[ 0.00083754  0.00414658  0.00311785]]
[[ 0.00283942  0.00849195  0.00468839]]
[[ 0.00178582  0.0015705   0.00183817]]
[[ 0.00152806 -0.0021705   0.00010241]]
[[ 0.00107666  0.00516401  0.00368706]]
[[ 0.0009607  -0.00015086  0.00128141]]
[[ 0.00023396  0.00319227  0.00290488]]
[[ 0.00112804  0.00606814  0.00507694]]
[[ 0.00052316  0.00182569  0.00218189]]
[[ 0.00061937 -0.00140926  0.00129325]]
[[ 0.00028005  0.00316527  0.00242399]]
[[-0.00050787  0.00149144  0.00176569]]
[[ 0.00430693  0.00122855  0.00125908]]
[[  1.41752298e-03   3.30681747e-03   2.87728326e-05]]
[[ 0.00515052  0.00158203 -0.00022415]]
[[ 0.00065504  0.0069017   0.00035862]]
[[ 0.00505148  0.00213683  0.00059393]]
[[ 0.00105559  0.00655719  0.00067934]]
[[ 0.00767235 -0.002256    0.00080982]]
[[  8.50593004e-03  -6.02108772e-03   4.75562805e-05]]
[[  7.45858108e-03  -2.92039805e-03   2.89180343e-05]]
[[ 0.00864193 -0.00678745 -0.00102804]]
[[ 0.00680619 -0.00164843 -0.00092515]]
[[ 0.00231445  0.00116692  0.00287615]]
[[-0.00486261  0.003621   -0.00360298]]
[[-0.0046821   0.01123048 -0.0004674 ]]
[[ -4.42915483e-03   1.04992949e-02  -8.83960956e-05]]
[[ 0.00803045 -0.00948774 -0.0011568 ]]
[[ 0.00888472 -0.01091401 -0.00226941]]
[[  6.04560968e-03  -6.72619830e-04  -7.41547037e-05]]
[[ 0.00521496  0.00286238  0.0005094 ]]
[[ 0.00837248 -0.00490838  0.000816  ]]
[[ 0.00741233 -0.00119002  0.00118623]]
[[ 0.00076673  0.00673411  0.00013277]]
[[ 0.00816138 -0.00911699  0.00103729]]
[[ 0.00752707 -0.0034704   0.00071014]]
[[ 0.00345642  0.0030485  -0.00018431]]
[[ -4.01782737e-03   1.06851749e-02  -2.37923351e-05]]
[[ 0.00515676 -0.00046239  0.00129799]]
[[ 0.00932911 -0.0066031   0.0011689 ]]
[[-0.00187344  0.00606176 -0.0001648 ]]
[[ 0.00519713 -0.00298927  0.00228807]]
[[-0.00087409  0.00324339  0.00052939]]
[[ -5.75000118e-03   9.09964487e-03  -8.71676021e-05]]
[[ 0.00134726  0.00075354  0.00367033]]
[[ 0.0077209  -0.00516422  0.00204409]]
[[-0.00328319  0.00387347 -0.00068856]]
[[-0.00377478 -0.00204739  0.00148617]]
[[ -1.87763129e-03   9.12923903e-06  -9.72255196e-04]]
[[ -8.44527744e-04   8.30539966e-05  -2.17522869e-04]]
[[-0.00134056 -0.00040305 -0.0001637 ]]
[[-0.00160752  0.00092436 -0.002063  ]]
[[ 0.00038777  0.00224375 -0.0017939 ]]
[[ 0.0028332   0.00499608  0.00120383]]
[[ 0.00102784  0.002557    0.00197862]]
[[ 0.00192394  0.00403768  0.00416024]]
[[-0.00013467  0.00168631  0.00172613]]
[[-0.00044362  0.00075751  0.00055398]]
[[ -4.77058710e-04   9.94745009e-04   6.96865054e-05]]
[[-0.00261281 -0.00034831 -0.00036676]]
[[-0.00085157 -0.00014992  0.00013434]]
[[-0.00123376 -0.00046862  0.00027314]]
[[-0.00233424  0.00281425 -0.0048226 ]]
[[ 0.00674576  0.00669102  0.00114549]]
[[ 0.00321903  0.00461278  0.0057584 ]]
[[-0.00065988  0.00036006  0.00062207]]
[[  6.97817049e-05   1.87353368e-03   4.05732242e-03]]
[[-0.00068776  0.00066189  0.00194437]]
[[-0.0006802   0.00118262  0.0031038 ]]
[[ 0.00083141  0.00296278  0.00551604]]
[[-0.00082264  0.00036514  0.00139834]]
[[-0.00151744 -0.00026144  0.00326697]]
[[-0.00098894  0.00052608  0.00610282]]
[[ 0.00251068  0.00426538  0.00616543]]
[[-0.00173047 -0.00012035  0.00457535]]
[[-0.00153485 -0.00037175  0.00205455]]
[[-0.00026762  0.00163624  0.00853001]]
[[-0.00357182 -0.00278198  0.00459692]]
[[-0.00253069 -0.00246869  0.01010283]]
[[ 0.00097803  0.00281394  0.00804399]]
[[-0.00367038 -0.00305054  0.00668738]]
[[-0.00323619 -0.00226837  0.00188648]]
[[ 0.00082751 -0.00195395  0.01276342]]
[[-0.00611275 -0.00447576  0.00511624]]
[[ 0.00107157 -0.00022892  0.00245517]]
[[ 0.00082684  0.00099057  0.00252859]]
[[  1.69291966e-03  -9.77686632e-05   2.38279088e-03]]
[[ 0.00079833  0.00121356  0.00265972]]
[[ 0.00141421 -0.00032154  0.00286301]]
[[ 0.00070418  0.001392    0.00354023]]
[[  8.32275340e-05  -1.99239547e-03   2.31550683e-03]]
[[-0.00030865 -0.00210729  0.00165058]]
[[ 0.00063733 -0.00183704  0.00170258]]
[[  8.38530414e-07  -1.96713437e-03   1.36518338e-03]]
[[ 0.00045818 -0.00163216  0.00169295]]
[[ 0.00016474  0.00036515  0.00220534]]
[[-0.00013214  0.00132427  0.00181578]]
[[-0.00019679  0.00166164  0.00203227]]
[[-0.00028466  0.00210297  0.00255942]]
[[-0.00086177 -0.00158665  0.00133362]]
[[-0.00067426 -0.00154567  0.00085424]]
[[-0.00026122 -0.00160019  0.00131518]]
[[  1.40092073e-03   9.10695936e-05   3.69322683e-03]]
[[-0.0007969  -0.00201585  0.00262832]]
[[-0.00031312 -0.00184078  0.00360252]]
[[ 0.00019251  0.00193425  0.0041201 ]]
[[-0.00116129 -0.00144732  0.00229683]]
[[-0.00113613 -0.00159425  0.00431789]]
[[ 0.00019891  0.00124202  0.00457702]]
[[-0.00052793  0.00278861  0.00292319]]
[[-0.00117817 -0.0005402   0.00608891]]
[[-0.00132394 -0.00127466  0.00403414]]
[[-0.00134402  0.00334712  0.00482982]]
[[-0.0006457  -0.00043011  0.00784289]]
[[-0.00184872  0.00471745  0.00455898]]
[[-0.00149304  0.00396801  0.00299998]]
[[-0.00080555  0.0031991   0.00915806]]
[[-0.00044897 -0.001005    0.00672343]]
[[-0.00266945  0.00545453  0.00119492]]
[[-0.00219183  0.00101522  0.00638781]]
[[-0.00297785  0.00367362 -0.00433757]]
[[-0.00656889  0.00263296 -0.00483769]]
[[-0.0045266   0.00418776 -0.00591399]]
[[-0.00171493  0.0040807  -0.00483104]]
[[ -6.01388041e-05   4.24106687e-03  -4.64694819e-03]]
[[ 0.00305617  0.0067865  -0.00088396]]
[[  8.50538979e-04   4.12434179e-03  -5.88290475e-05]]
[[ 0.00215285  0.00578479  0.00243882]]
[[-0.00193769  0.00439357 -0.0006377 ]]
[[-0.00336646  0.00454068 -0.00179293]]
[[-0.00272982  0.00384714 -0.00249489]]
[[-0.00349575  0.003741   -0.00282552]]
[[-0.01140243  0.00326879 -0.00363736]]
[[-0.00564647  0.00587359 -0.00637466]]
[[-0.0018698   0.00554908 -0.00631882]]
[[ 0.00740506  0.00834148 -0.00036621]]
[[ 0.00402694  0.0061938   0.00441303]]
[[-0.00445688  0.00498147 -0.00252044]]
[[ -6.04257187e-05   3.76949951e-03   1.79131529e-03]]
[[-0.00402034  0.00304937 -0.00067321]]
[[-0.0022468   0.0036271   0.00062796]]
[[ 0.00098769  0.00546745  0.00253623]]
[[-0.00616762  0.00293193 -0.00244197]]
[[-0.00354254  0.00227539 -0.00029535]]
[[-0.00054923  0.00368691  0.00146451]]
[[ 0.00346209  0.00634895  0.0038558 ]]
[[-0.0023581   0.00285747  0.00031058]]
[[-0.0045461   0.00236821 -0.00279641]]
[[ 0.00075755  0.00433524  0.00158538]]
[[-0.00247433  0.00155364  0.0002299 ]]
[[ 0.0003784   0.00339655  0.00052216]]
[[ 0.00212251  0.00426439  0.00318503]]
[[-0.0004689   0.00263387  0.00072364]]
[[-0.00604694  0.00056346  0.00215591]]
[[ 0.00157504  0.00311904  0.00043669]]
[[-0.00029555  0.00256348  0.00023684]]
[[ 0.00205327  0.00108658  0.00069721]]
[[ 0.00173702  0.00198043  0.00069928]]
[[ 0.0029596   0.00046539  0.00043273]]
[[ 0.00191848  0.00169423  0.00070522]]
[[ 0.00281362  0.00017903  0.00068317]]
[[ 0.00204305  0.00170834  0.000991  ]]
[[ 0.0022653  -0.00176156  0.0004238 ]]
[[ 0.00260887 -0.00333516 -0.0002822 ]]
[[ 0.00260629 -0.00165724 -0.00056354]]
[[ 0.00293686 -0.00301363 -0.00136171]]
[[  2.30479371e-03  -5.33661045e-05  -1.38620716e-03]]
[[ 0.00101825  0.00160842  0.000839  ]]
[[ 0.00048667  0.00211776  0.00057548]]
[[ 0.0006479   0.00199357  0.00049514]]
[[ 0.00077004  0.00210662  0.00053615]]
[[ 0.00177432 -0.00544949 -0.00110816]]
[[ 0.00157147 -0.00584265 -0.00307241]]
[[ 0.00171217  0.00092581 -0.0013609 ]]
[[ 0.00293537  0.00085305  0.00051082]]
[[ 0.00257423 -0.00265517  0.00085604]]
[[ 0.00227416 -0.00072688  0.00093592]]
[[ 0.00181306  0.00184302  0.00013835]]
[[ 0.00223845 -0.00557114  0.00110934]]
[[ 0.00221146 -0.0007064   0.00049294]]
[[ 0.00192967  0.00116649 -0.00040123]]
[[  7.79549547e-04   2.10905555e-03   4.61408915e-05]]
[[ 0.00130873  0.00032968  0.00030378]]
[[ 0.00285147 -0.00272419  0.00093482]]
[[ 0.00082857  0.00151412 -0.00053727]]
[[ 0.00104577  0.00088877  0.00024153]]
[[ 0.00079893  0.0014186  -0.00066045]]
[[ 0.00042001  0.00157893 -0.00037473]]
[[ 0.00088094  0.00132562 -0.00014032]]
[[ 0.0010241  -0.00015381  0.00178143]]
[[ 0.00065666  0.00138929 -0.00089194]]
[[ 0.00097723  0.00185883 -0.0005472 ]]
[[ 0.00265546  0.00027843 -0.00376595]]
[[-0.00074903 -0.00319114 -0.00446846]]
[[ 0.00214316 -0.0013798  -0.00464793]]
[[ 0.00201677  0.00288773 -0.00458858]]
[[ 0.00361572  0.00351643 -0.0041406 ]]
[[ 0.00547695  0.00698634 -0.00081032]]
[[ 0.00420463  0.00410122 -0.00018   ]]
[[ 0.00422492  0.00598289  0.00196801]]
[[ 0.00315456  0.00114971 -0.00093493]]
[[ 0.00180697 -0.0008097  -0.0023551 ]]
[[  2.43691052e-03  -4.10538693e-05  -2.01078408e-03]]
[[ 0.00253376 -0.00042535 -0.00206413]]
[[-0.00531549 -0.00241231 -0.00344335]]
[[ 0.0024184  -0.00036051 -0.00495616]]
[[ 0.00070816  0.00470306 -0.00652944]]
[[ 0.00875328  0.00848683 -0.00047405]]
[[ 0.00498934  0.00622533  0.0039541 ]]
[[ 0.00109704 -0.00075609 -0.00300626]]
[[ 0.00302985  0.00371106  0.00178429]]
[[ 0.00113981 -0.00171931 -0.00131994]]
[[ 0.00300796  0.00091595  0.00092299]]
[[ 0.00316884  0.00482709  0.00301405]]
[[-0.00092436 -0.00226621 -0.0026418 ]]
[[ 0.00187794 -0.00190477  0.000104  ]]
[[ 0.00244446  0.00245711  0.00344757]]
[[ 0.00436231  0.00558946  0.00401072]]
[[ 0.00267661  0.00016816  0.00198571]]
[[ 0.00042726 -0.00219037 -0.00228787]]
[[ 0.00287697  0.00290547  0.00533534]]
[[ 0.00088087 -0.00322965  0.00195392]]
[[ 0.00271007 -0.00096868  0.00677725]]
[[ 0.00363864  0.0033634   0.00545868]]
[[ 0.00229598 -0.00212271  0.00409248]]
[[-0.00243546 -0.00411731  0.00213877]]
[[ 0.00846396 -0.00215535  0.00957177]]
[[ 0.0019839  -0.00479423  0.00280329]]
[[ 0.00285612  0.00052963  0.00066361]]
[[ 0.00233208  0.00181363  0.00060514]]
[[ 0.00318943  0.00066865  0.00019933]]
[[ 0.00214834  0.00189277  0.00036968]]
[[ 0.00285424  0.00032567  0.00023122]]
[[ 0.00218766  0.00173355  0.00068448]]
[[ 0.00166267 -0.00133443 -0.00056007]]
[[ 0.00116233 -0.00140067 -0.00080394]]
[[ 0.00221231 -0.00116844 -0.00054246]]
[[ 0.00160655 -0.00137464 -0.0005367 ]]
[[  2.17232163e-03  -9.86415103e-04  -4.57203329e-05]]
[[ 0.00233356  0.00099144  0.00074274]]
[[ 0.00131028  0.00212558  0.00023837]]
[[ 0.00097447  0.00229583  0.00021174]]
[[ 0.00096188  0.00231099  0.00046014]]
[[ 0.00053426 -0.00099458 -0.0006445 ]]
[[ 0.00085898 -0.00107331 -0.00056676]]
[[  1.53418159e-03  -7.65758357e-04  -2.87777524e-05]]
[[ 0.00311274  0.00040131  0.00032004]]
[[ 0.00076497 -0.00137947 -0.00058284]]
[[ 0.00157368 -0.00143775 -0.00029148]]
[[ 0.00219713  0.00160252  0.00033707]]
[[ 0.0002876  -0.00085575 -0.00048651]]
[[ 0.0007577  -0.00114056 -0.00030646]]
[[  2.69040974e-03   5.70221422e-04  -2.03067984e-05]]
[[ 0.00119789  0.00220233  0.0003817 ]]
[[  1.41528874e-03  -8.89825664e-04   4.88963803e-05]]
[[ 0.00032611 -0.00075848 -0.00017029]]
[[ 0.00183643  0.00147792 -0.00012326]]
[[ 0.00128578 -0.0004632   0.00018504]]
[[ 0.00211509  0.00138273 -0.00058339]]
[[  1.37130917e-03   1.98417821e-03   3.61978203e-06]]
[[  1.96186787e-03   3.11698593e-04   7.52604649e-06]]
[[ 0.00091203 -0.00050643  0.0002611 ]]
[[ 0.00168747  0.00193237 -0.00122259]]
[[ 0.00190613  0.00052178 -0.00042611]]
