[[-0.00225047  0.00055833 -0.00123501]]
[[-0.00117016  0.00059936 -0.00110441]]
[[-0.00168732  0.00017854 -0.00082819]]
[[-0.00210232  0.00135111 -0.00279572]]
[[  4.11571825e-05   2.88293895e-03  -2.98162746e-03]]
[[ 0.00251455  0.00554879 -0.00041085]]
[[  9.87427346e-04   3.35725097e-03  -1.75939206e-05]]
[[ 0.001907    0.00471864  0.00168562]]
[[-0.00018587  0.00241373 -0.00022736]]
[[-0.00053842  0.00142896 -0.00089777]]
[[-0.00080845  0.00155276 -0.00118344]]
[[ -2.76519751e-03   7.23901907e-05  -3.01845404e-04]]
[[-0.00120914  0.00031503 -0.00066131]]
[[-0.00160336  0.00021642 -0.00025066]]
[[-0.00301007  0.00318534 -0.00541597]]
[[ 0.00621048  0.00724045 -0.00023393]]
[[ 0.00295539  0.00530148  0.00367561]]
[[-0.00080995  0.00096208 -0.00053923]]
[[ 0.00048861  0.00295722  0.00101929]]
[[-0.00037961  0.00165353 -0.00016319]]
[[-0.00024432  0.0023147   0.00024117]]
[[ 0.00132716  0.00390084  0.00161848]]
[[-0.00059973  0.00126734 -0.00019353]]
[[-0.00038409  0.00157022  0.00012646]]
[[ 0.00034814  0.00233205  0.00121673]]
[[ 0.00268027  0.00499701  0.00292852]]
[[-0.00024329  0.00193727  0.00038244]]
[[ -5.64918571e-04   1.24184709e-03  -1.99504143e-05]]
[[ 0.00079697  0.00249488  0.00141484]]
[[-0.00043095  0.00130018  0.00018817]]
[[ 0.00029657  0.00180116  0.00089549]]
[[ 0.00123667  0.00269501  0.00275297]]
[[-0.00020638  0.00151135  0.00048623]]
[[ -5.74303224e-04   1.05174118e-03  -3.63001508e-06]]
[[ 0.00090468  0.001652    0.00104757]]
[[-0.00060878  0.00099233  0.00038482]]
[[-0.00060399  0.00091612  0.00097264]]
[[ 0.00024078  0.00272686  0.00072482]]
[[ 0.00057398  0.00250752  0.00055959]]
[[ 0.00088583  0.00374584  0.00086329]]
[[ 0.00013709  0.00306563  0.00034077]]
[[ 0.00123694  0.00408144  0.00094213]]
[[-0.00312031 -0.00138233 -0.0012584 ]]
[[-0.00218815 -0.00245816 -0.0011698 ]]
[[-0.0022388  -0.00144601 -0.00017221]]
[[-0.00096413 -0.00219195 -0.00024185]]
[[ -1.28866330e-03  -8.69370152e-04  -8.76689664e-05]]
[[-0.00137718  0.00059968  0.00151641]]
[[-0.00023012  0.00271466  0.00022682]]
[[ 0.0005709   0.00326779  0.00052756]]
[[ 0.00092971  0.00351     0.0007391 ]]
[[-0.00118632 -0.00218411 -0.00123578]]
[[ 0.00048736 -0.00217631 -0.00051059]]
[[-0.00356029 -0.00042612  0.00032505]]
[[ 0.00049329  0.00303497  0.00022936]]
[[-0.0023857  -0.00210286 -0.00184541]]
[[-0.00258919 -0.00100599 -0.00144987]]
[[ 0.00066922  0.00395163  0.00042222]]
[[-0.00135461 -0.00160582 -0.00098216]]
[[-0.00217321 -0.00187622 -0.00160931]]
[[-0.00088454  0.0026114  -0.00036994]]
[[ 0.00083494  0.00353143  0.00051322]]
[[-0.00315142 -0.00099953 -0.00145124]]
[[-0.00064896 -0.00141824 -0.00072045]]
[[-0.00070956  0.00338203 -0.00016415]]
[[-0.00143247 -0.00169888 -0.00145063]]
[[-0.0015495   0.00253715 -0.00081031]]
[[ 0.00027069  0.00301882  0.00027753]]
[[-0.00205148 -0.00013238 -0.00109403]]
[[ 0.0009739  -0.0008082  -0.00160075]]
[[-0.0003609   0.00263938 -0.00068785]]
[[ -1.24941331e-03   7.38516779e-05  -7.67811192e-04]]
[[-0.00202343 -0.00238178 -0.00126049]]
[[-0.00110802 -0.00199123 -0.00118343]]
[[-0.00168619 -0.00251009 -0.00075021]]
[[-0.00130446 -0.00177548 -0.00260002]]
[[ 0.00109128 -0.00051259 -0.00284894]]
[[ 0.00420618  0.00250895 -0.00020382]]
[[ 0.0026341  -0.00022543 -0.00033826]]
[[ 0.00406595  0.00200346  0.00140609]]
[[ 0.00043045 -0.00076573 -0.00084455]]
[[-0.00035016 -0.00144007 -0.00127659]]
[[-0.00042868 -0.00146674 -0.00135157]]
[[-0.00265433 -0.00242275 -0.00038891]]
[[-0.00117877 -0.00200389 -0.00087604]]
[[-0.0015421  -0.00211692  0.00017246]]
[[-0.00181396  0.00060269 -0.00578989]]
[[  7.97457419e-03   5.16839586e-03   8.46193503e-05]]
[[ 0.00511352  0.00377593  0.00372264]]
[[-0.00076925 -0.00157252 -0.00096847]]
[[ 0.00227392 -0.00039347  0.0002446 ]]
[[-0.00011506 -0.00122126 -0.00098111]]
[[ 0.00050609 -0.00071846 -0.00062872]]
[[ 0.00359309  0.00142648  0.0009884 ]]
[[-0.00053737 -0.00131661 -0.0009274 ]]
[[  1.75515965e-05  -1.11771597e-03  -8.80545933e-04]]
[[ 0.00216472 -0.00063769  0.00013107]]
[[ 0.00506683  0.00374657  0.00264197]]
[[ 0.00055157 -0.00083147 -0.00068276]]
[[-0.0004172  -0.00118143 -0.00091579]]
[[ 0.00298657  0.00048974  0.00048927]]
[[  1.90992090e-05  -1.04572966e-03  -9.11662493e-04]]
[[ 0.00170773 -0.00050821 -0.00037607]]
[[ 0.0033779   0.00194394  0.00227285]]
[[ 0.00047452 -0.00078374 -0.00086307]]
[[-0.00038549 -0.00108747 -0.00092875]]
[[  2.53387901e-03  -1.90621319e-05   2.63662828e-04]]
[[  5.58706770e-05  -8.16661482e-04  -1.03074310e-03]]
[[ 0.00063658 -0.00324084  0.00023105]]
[[ 0.00029016 -0.00172634 -0.00058932]]
[[ 0.00118733 -0.00057173 -0.0009366 ]]
[[-0.00049283  0.00293874 -0.00042464]]
[[ -1.31757960e-05   7.08006949e-04  -7.86670462e-04]]
[[-0.00039739  0.00339946 -0.00046401]]
[[-0.00223531 -0.00386549 -0.00180624]]
[[-0.00102322 -0.00515471 -0.00148235]]
[[-0.00092485 -0.00428427 -0.00041332]]
[[  1.87111646e-04  -4.79152107e-03  -6.38807857e-06]]
[[ 0.00053198 -0.00451499  0.00062921]]
[[-0.00037009 -0.00360058  0.00046388]]
[[-0.00306452 -0.00179556 -0.00421367]]
[[-0.00236651  0.00655837 -0.00090166]]
[[-0.00244514  0.00633191 -0.00067564]]
[[-0.00033516 -0.004769   -0.00105942]]
[[ -7.54391697e-05  -4.40211446e-03  -3.21000762e-04]]
[[-0.00021498 -0.00414574  0.00104537]]
[[ 0.00019815  0.00126273 -0.00113581]]
[[-0.00134337 -0.00478736 -0.00255411]]
[[-0.00190081 -0.00323718 -0.0021955 ]]
[[-0.00127366  0.00391529 -0.00094725]]
[[-0.00042279 -0.00435105 -0.0016859 ]]
[[-0.00139518 -0.0043455  -0.00243145]]
[[-0.0015026   0.00108861 -0.0015513 ]]
[[-0.00258379  0.00710365 -0.00049424]]
[[-0.0027199  -0.00299017 -0.00218553]]
[[-0.00049979 -0.00389534 -0.00164594]]
[[-0.00289758  0.00329795 -0.00123105]]
[[-0.00127826 -0.00370827 -0.00224831]]
[[-0.00183773  0.0007183  -0.00151754]]
[[-0.00444539  0.00575105  0.00018888]]
[[-0.00160021 -0.00202603 -0.00260416]]
[[-0.00024624 -0.00347963 -0.00142902]]
[[ -7.31811273e-05   9.69726738e-04  -2.01306046e-03]]
[[-0.00020131 -0.0018676  -0.00287659]]
[[-0.00135915  0.00124919 -0.0018475 ]]
[[-0.00010151  0.00057672 -0.0032129 ]]
[[-0.00012243  0.00077683 -0.00315351]]
[[-0.00149166  0.00153181 -0.00473945]]
[[ 0.00111152  0.00303677 -0.00476104]]
[[ 0.00354748  0.0056622  -0.00182689]]
[[ 0.00198058  0.00329308 -0.00123704]]
[[ 0.00285679  0.00452205  0.00074383]]
[[ 0.000833    0.00239299 -0.00138242]]
[[ 0.00040082  0.00145333 -0.00229956]]
[[ 0.00029288  0.00169268 -0.00290438]]
[[-0.00173225  0.001553    0.00242215]]
[[ -2.98201251e-04   3.32677264e-05  -2.30207578e-03]]
[[  5.17939776e-04   7.13033430e-05  -2.18694991e-03]]
[[-0.00256834  0.00369575 -0.00775718]]
[[ 0.00725882  0.00718362 -0.00137377]]
[[ 0.00392927  0.00487775  0.00290144]]
[[  5.73878864e-05   9.09576220e-04  -1.64169827e-03]]
[[ 0.00145775  0.00271381  0.00021919]]
[[ 0.00053191  0.00162411 -0.00105517]]
[[ 0.00076389  0.00219849 -0.00048381]]
[[ 0.00225293  0.00352092  0.00101896]]
[[ 0.00027005  0.00122424 -0.0008594 ]]
[[ 0.00052542  0.00150227 -0.00038594]]
[[ 0.00128526  0.00199215  0.00077501]]
[[ 0.00362738  0.00435771  0.00240241]]
[[  7.09892845e-04   1.75707501e-03   1.51733995e-06]]
[[ 0.00031985  0.0011904  -0.00037468]]
[[ 0.00165998  0.00202019  0.00110239]]
[[  4.39371666e-04   1.18602289e-03  -4.88345771e-06]]
[[ 0.001138    0.00143802  0.00073172]]
[[ 0.00215762  0.00197002  0.00244194]]
[[ 0.00061062  0.00128536  0.00037699]]
[[ 0.00028636  0.00098601 -0.00011696]]
[[ 0.00180401  0.00118268  0.00097985]]
[[ 0.00020227  0.00071897  0.00037782]]
[[ 0.00137862  0.00059451  0.00072602]]
[[  1.27782045e-03   1.44384059e-03   6.94185960e-05]]
[[ 0.00211371  0.00049795 -0.00063238]]
[[ 0.00146549  0.0015187  -0.00050918]]
[[  2.14691943e-03   4.03106080e-05  -7.77167424e-04]]
[[ 0.00170952  0.00121779 -0.00037094]]
[[ 0.00087268 -0.00147232 -0.00172493]]
[[ 0.00023476 -0.00141688 -0.0019348 ]]
[[ 0.00106426 -0.00122314 -0.00168595]]
[[ 0.00019027 -0.00115344 -0.00147136]]
[[ 0.0007105  -0.00080034 -0.0005346 ]]
[[ 0.00105593  0.00020624  0.00205799]]
[[ 0.00036034  0.00154618 -0.00034269]]
[[ 0.00034343  0.00176297 -0.00046541]]
[[ 0.00053887  0.00159702 -0.00038994]]
[[-0.00051683 -0.00104383 -0.0017623 ]]
[[-0.00059341 -0.00086534 -0.00179114]]
[[-0.00077221 -0.00035294  0.00052147]]
[[  2.42761110e-03  -1.71595399e-05  -8.49196868e-04]]
[[  1.43807025e-05  -1.44243850e-03  -1.69591138e-03]]
[[ 0.00077038 -0.00163527 -0.00146028]]
[[ 0.00153949  0.00088995 -0.00082715]]
[[-0.00058466 -0.00090644 -0.00148382]]
[[-0.00016813 -0.00122012 -0.00135656]]
[[ 0.00154071 -0.00015853 -0.0011477 ]]
[[ 0.00061683  0.00123661 -0.000623  ]]
[[ 0.00018884 -0.00120925 -0.00098791]]
[[-0.00067993 -0.00076671 -0.00105148]]
[[ 0.00059849  0.0003882  -0.00083866]]
[[ -8.16312971e-05  -7.32405771e-04  -4.83127621e-04]]
[[  5.45472572e-04   9.79993473e-05  -6.59447695e-04]]
[[ 0.00028677  0.00059021 -0.00064843]]
[[ 0.00035955 -0.00033284 -0.00031356]]
[[-0.00041976 -0.00057351 -0.0003437 ]]
[[ 0.00032391  0.00037524 -0.00057561]]
[[ 0.00031702 -0.0001683  -0.00037122]]
[[-0.00023967  0.00073436 -0.00324865]]
[[ 0.00120816 -0.00221398 -0.00449315]]
[[ 0.00100494 -0.00150369 -0.00339685]]
[[-0.00070519  0.00293005 -0.00633902]]
[[ 0.00279698  0.00382006 -0.00563233]]
[[ 0.00480559  0.00747732 -0.00153507]]
[[ 0.00362157  0.00420222 -0.00044214]]
[[ 0.00332632  0.00701054  0.00231364]]
[[ 0.00359106  0.00113785 -0.000495  ]]
[[ 0.00260293 -0.00155574 -0.00263609]]
[[ 0.00318091  0.00024848 -0.00316542]]
[[-0.001844    0.00040682  0.00156784]]
[[ 0.00028199 -0.00347743 -0.00354484]]
[[ 0.00038245 -0.00209886 -0.00164274]]
[[-0.00270616  0.00597639 -0.01003331]]
[[ 0.00681124  0.01012593 -0.00146522]]
[[ 0.00296709  0.008506    0.00408096]]
[[ 0.00140665 -0.0027549  -0.00224072]]
[[ 0.00152861  0.00426817  0.00210555]]
[[ 0.00198675 -0.00129092 -0.00059245]]
[[ 0.00234461  0.00135191  0.00128122]]
[[ 0.0012691   0.00648049  0.00332382]]
[[ 0.0013108  -0.00262497 -0.00095619]]
[[ 0.00132555 -0.00112866  0.0004987 ]]
[[ 0.00011552  0.00393281  0.00269185]]
[[ 0.00184839  0.0083366   0.00437167]]
[[ 0.0011415   0.00124518  0.00141568]]
[[ 0.00080856 -0.0026241  -0.0002741 ]]
[[ 0.00031357  0.00495095  0.00313769]]
[[ 0.00034605 -0.0005181   0.00077998]]
[[-0.00044371  0.0030298   0.00231834]]
[[ 0.00015931  0.00596123  0.00455046]]
[[ -9.00423031e-05   1.56048327e-03   1.59234016e-03]]
[[ -3.42814909e-05  -1.81705714e-03   8.13493567e-04]]
[[-0.00045526  0.00319894  0.00191534]]
[[-0.00111481  0.00132024  0.00113434]]
[[  1.95216316e-03  -6.57690918e-06  -4.98266737e-05]]
[[-0.00060384  0.00156857 -0.00109531]]
[[  2.16842640e-03   9.69675292e-05  -1.40765504e-03]]
[[-0.00184303  0.004878   -0.00062512]]
[[ 0.00158438  0.00049107 -0.00026399]]
[[ -1.72513665e-03   4.58949673e-03   7.02604457e-05]]
[[ 0.0035712  -0.00298792  0.00012091]]
[[ 0.00468824 -0.00607302 -0.00071179]]
[[ 0.00390962 -0.00356726 -0.00100509]]
[[ 0.00546409 -0.00678937 -0.00200878]]
[[ 0.00405331 -0.00207629 -0.00210553]]
[[ 0.00057981 -0.0001325   0.00151665]]
[[-0.00631337  0.00182894 -0.00450443]]
[[-0.00644796  0.00921136 -0.00128592]]
[[-0.00644869  0.00851447 -0.00068516]]
[[ 0.00426209 -0.00923287 -0.00179559]]
[[ 0.00568129 -0.01065145 -0.00305536]]
[[ 0.003484   -0.00084877 -0.00128116]]
[[  1.63709206e-03   1.34495397e-03  -1.05973513e-05]]
[[ 0.00437357 -0.00498431  0.00047915]]
[[ 0.00331609 -0.00183173  0.00083872]]
[[-0.00210142  0.00496181 -0.00013504]]
[[ 0.00423348 -0.00895074  0.0006311 ]]
[[ 0.00380682 -0.00354134  0.00065798]]
[[  4.82728270e-05   1.73031716e-03  -1.68889812e-04]]
[[-0.00613055  0.00888953 -0.00036637]]
[[ 0.00151871 -0.00099278  0.00127815]]
[[ 0.00568622 -0.0065394   0.00091338]]
[[-0.00422761  0.00480916  0.00012663]]
[[ 0.00214555 -0.00319261  0.00241683]]
[[-0.0031734   0.00242473  0.00089482]]
[[ -7.60328176e-03   7.86138299e-03  -7.02950288e-05]]
[[-0.00128986  0.00024313  0.00383503]]
[[ 0.00463425 -0.0052443   0.00185707]]
[[-0.00511828  0.00300906 -0.0003772 ]]
[[-0.0062723  -0.00247212  0.00160767]]
[[ -1.86795477e-03   2.98448208e-05  -1.18346260e-03]]
[[-0.00080866  0.00013382 -0.00044706]]
[[-0.0013195  -0.00036779 -0.00037509]]
[[-0.00160392  0.00093424 -0.00229805]]
[[ 0.00041767  0.00228134 -0.00208131]]
[[ 0.00284605  0.00499747  0.00084434]]
[[ 0.00109044  0.00260381  0.00155081]]
[[ 0.00195883  0.0040107   0.00361444]]
[[ -5.98264931e-05   1.74986161e-03   1.28656396e-03]]
[[-0.00037118  0.00084283  0.00022871]]
[[-0.00044042  0.00103916 -0.00022498]]
[[-0.00261854 -0.00034717 -0.00056664]]
[[ -8.21999915e-04  -9.72989035e-05  -5.13346781e-05]]
[[-0.00120377 -0.000408    0.0001031 ]]
[[-0.00235595  0.00279955 -0.00502183]]
[[ 0.00672148  0.00665738  0.00085071]]
[[ 0.00320015  0.00453969  0.00531481]]
[[-0.00059613  0.00044747  0.00036231]]
[[ 0.00020243  0.00193533  0.00339245]]
[[-0.0005489   0.00079783  0.00146633]]
[[-0.00052112  0.00129646  0.00243134]]
[[ 0.00094773  0.00291816  0.00463976]]
[[-0.00069582  0.00050391  0.00102376]]
[[ -1.21175656e-03   3.87358742e-06   2.49863611e-03]]
[[-0.00066005  0.00062562  0.00500246]]
[[ 0.00253803  0.0041303   0.00545474]]
[[ -1.33644985e-03   8.59051844e-05   3.49498176e-03]]
[[-0.00125174 -0.00011721  0.0014887 ]]
[[  7.09111506e-05   1.41550086e-03   6.96065708e-03]]
[[-0.00277504 -0.00221168  0.00336058]]
[[-0.00154244 -0.00237225  0.00814957]]
[[ 0.00110503  0.00240592  0.00687019]]
[[-0.00260144 -0.00286723  0.00479585]]
[[-0.00254704 -0.00174979  0.0011189 ]]
[[ 0.00249717 -0.00234222  0.01057041]]
[[-0.00418798 -0.00439928  0.00313337]]
[[ 0.00103176 -0.00023437  0.00223069]]
[[ 0.00079797  0.00095846  0.00227347]]
[[ 0.00164039 -0.00011174  0.00206265]]
[[ 0.00077093  0.00114345  0.00228219]]
[[ 0.0013464  -0.00035814  0.00237781]]
[[ 0.00067797  0.00125092  0.00294961]]
[[  3.29187151e-06  -1.99369384e-03   1.79362233e-03]]
[[-0.00039394 -0.00205321  0.00124922]]
[[ 0.00057704 -0.00183376  0.00136366]]
[[ -6.06691903e-05  -1.93295263e-03   1.10164876e-03]]
[[ 0.00041117 -0.00161832  0.00145697]]
[[ 0.00013362  0.00033119  0.00200775]]
[[-0.00017333  0.00126478  0.00160336]]
[[-0.00024007  0.00155495  0.00172454]]
[[-0.00033199  0.0019042   0.00210463]]
[[-0.00099764 -0.00153436  0.00099324]]
[[-0.00077003 -0.00151187  0.00063372]]
[[-0.00032593 -0.00156295  0.00111167]]
[[  1.31420328e-03  -1.76734021e-05   2.92106142e-03]]
[[-0.0009312  -0.00194844  0.00199032]]
[[-0.00043072 -0.00188401  0.00274177]]
[[ 0.00017269  0.00161943  0.00317525]]
[[-0.00137827 -0.00137112  0.00174044]]
[[-0.00138715 -0.00151683  0.00321665]]
[[  8.06875601e-05   8.60237163e-04   3.31216107e-03]]
[[-0.00057818  0.00238743  0.00224558]]
[[-0.00140611 -0.00077722  0.00450044]]
[[-0.00173366 -0.00115254  0.00306266]]
[[-0.00133387  0.00253048  0.00333188]]
[[-0.00142537 -0.00044254  0.00565661]]
[[-0.00212939  0.00353657  0.00262611]]
[[-0.00152131  0.00308956  0.00205813]]
[[-0.00183449  0.00207417  0.00616157]]
[[-0.0016073  -0.00078312  0.00493881]]
[[-0.00309857  0.00400789 -0.00061857]]
[[-0.00508393 -0.00011389  0.00296866]]
[[-0.00339308  0.0020583  -0.0053375 ]]
[[-0.00628567  0.0002142  -0.00598218]]
[[-0.00446232  0.00231089 -0.00710999]]
[[-0.00233901  0.00249177 -0.00557674]]
[[-0.00064366  0.00231712 -0.00538585]]
[[ 0.00225954  0.00498261 -0.00151553]]
[[ 0.00013895  0.00205276 -0.00059327]]
[[ 0.00121069  0.00393896  0.00200296]]
[[-0.00212024  0.00172772 -0.00123111]]
[[-0.00320906  0.00167942 -0.00261363]]
[[-0.00276077  0.00146342 -0.00348389]]
[[-0.00376124  0.00263423 -0.00388031]]
[[-0.010156    0.00062382 -0.00464025]]
[[-0.00514759  0.00423092 -0.00735116]]
[[-0.00269855  0.00414763 -0.0069553 ]]
[[ 0.00642437  0.00678856 -0.00096725]]
[[ 0.00293969  0.00462408  0.0039447 ]]
[[-0.00316892  0.00185784 -0.00315412]]
[[-0.00087711  0.00176616  0.00148868]]
[[ -4.10079841e-03   5.80594341e-05  -1.06106558e-03]]
[[-0.00264919  0.00102607  0.00056267]]
[[  7.99721378e-06   3.77619067e-03   2.41076727e-03]]
[[-0.00522081 -0.00033336 -0.00255861]]
[[-0.00383928 -0.00037897 -0.00015793]]
[[-0.00144475  0.00194503  0.00147582]]
[[ 0.00237474  0.00495295  0.00359584]]
[[-0.00294785  0.00058292  0.00069222]]
[[-0.00403554 -0.00048712 -0.00247076]]
[[-0.0002051   0.00297691  0.00168642]]
[[-0.00306857 -0.00067361  0.00075547]]
[[-0.00052818  0.00207919  0.00077193]]
[[ 0.00110182  0.00315999  0.00304871]]
[[-0.00123142  0.00100991  0.00132599]]
[[-0.00599016 -0.00184115  0.00269581]]
[[ 0.00065948  0.0021346   0.00084096]]
[[-0.00078575  0.00137337  0.00088492]]
[[ 0.00130084  0.00060115  0.00051494]]
[[ 0.00104984  0.00150962  0.00058818]]
[[  2.04279665e-03  -5.67629214e-06   3.18114333e-04]]
[[ 0.0011244   0.00127025  0.00065693]]
[[ 0.00180298 -0.00021421  0.00063142]]
[[ 0.00119246  0.00138279  0.00099234]]
[[ 0.00085733 -0.00224656  0.00036533]]
[[ 0.00113356 -0.00387325 -0.00042464]]
[[ 0.00132706 -0.00221548 -0.00069322]]
[[ 0.00166018 -0.00361851 -0.00158274]]
[[ 0.00128393 -0.0005983  -0.00159125]]
[[ 0.0003622   0.00117237  0.000623  ]]
[[ -6.85950456e-05   1.69143748e-03   4.47752311e-04]]
[[  1.75840329e-05   1.61710767e-03   4.14913917e-04]]
[[  8.81257929e-05   1.81869793e-03   4.93881870e-04]]
[[-0.00042474 -0.00616217 -0.0014838 ]]
[[-0.00033766 -0.00661175 -0.00348902]]
[[ 0.0005477   0.00031059 -0.00166119]]
[[ 0.00191663  0.00057423  0.00049956]]
[[ 0.00097894 -0.00301996  0.0007592 ]]
[[ 0.00086651 -0.00106417  0.0008972 ]]
[[ 0.00098578  0.00164105  0.00016571]]
[[-0.00010578 -0.00610129  0.00076127]]
[[ 0.00069016 -0.00087122  0.00041918]]
[[ 0.0009891   0.0010284  -0.00039576]]
[[  1.01220030e-04   1.93404739e-03   2.55044047e-05]]
[[  4.44028167e-05   1.75861994e-04   2.64942230e-04]]
[[ 0.00067394 -0.00303108  0.00063781]]
[[ 0.00010092  0.00144595 -0.00051153]]
[[-0.00022379  0.00090797  0.00016674]]
[[  4.61619665e-05   1.42176724e-03  -6.75697225e-04]]
[[-0.00019599  0.00152216 -0.00039199]]
[[-0.00012125  0.0013333  -0.00020428]]
[[-0.00076353 -0.00023584  0.00154205]]
[[  2.87568528e-05   1.35127485e-03  -9.56804058e-04]]
[[ -9.92828318e-05   1.87145224e-03  -6.54419322e-04]]
[[  6.92058230e-05  -1.01438826e-03  -3.61059802e-03]]
[[-0.0031878  -0.0041457  -0.00479717]]
[[-0.0001615  -0.00235199 -0.00490027]]
[[-0.00137955  0.00097467 -0.00471558]]
[[ 0.00021788  0.00200538 -0.004309  ]]
[[ 0.00164876  0.00514243 -0.00131222]]
[[ 0.00040675  0.00250573 -0.00065145]]
[[  1.91527968e-05   3.82637635e-03   9.26698706e-04]]
[[ -3.32262977e-05  -2.67364984e-04  -1.54260846e-03]]
[[-0.00104432 -0.0020308  -0.00278625]]
[[-0.0004487  -0.00126372 -0.00243157]]
[[ 0.00033386 -0.00117157 -0.00190698]]
[[-0.00768105 -0.00308325 -0.00396614]]
[[ 0.00036114 -0.00093413 -0.00496892]]
[[-0.00344435  0.00286145 -0.00683928]]
[[ 0.00453124  0.00694765 -0.00109024]]
[[ 0.00027554  0.00415988  0.00303316]]
[[-0.00162285 -0.00169815 -0.00354626]]
[[-0.00075197  0.00204065  0.00077466]]
[[-0.00185597 -0.00316364 -0.00195866]]
[[-0.00021383 -0.00063304  0.00016441]]
[[-0.00080006  0.00263883  0.00155377]]
[[-0.00379985 -0.00345244 -0.0032964 ]]
[[-0.00099688 -0.00335478 -0.00064178]]
[[-0.00093913  0.00087059  0.00208867]]
[[ -7.24737730e-05   3.26076129e-03   2.10925050e-03]]
[[-0.00026753 -0.00133667  0.00112298]]
[[-0.00233775 -0.00342463 -0.00297416]]
[[-0.00055802  0.0009302   0.00355574]]
[[-0.00160303 -0.00456829  0.00118918]]
[[  2.83221480e-05  -2.30684923e-03   5.24465723e-03]]
[[-0.0005913   0.00131065  0.0033293 ]]
[[ -7.52310834e-05  -3.45039812e-03   3.03475469e-03]]
[[-0.00487157 -0.0052936   0.00151316]]
[[ 0.00576734 -0.00307124  0.00830465]]
[[ 0.00014385 -0.00550716  0.00173921]]
[[ 0.0021902   0.00039845  0.0002154 ]]
[[ 0.00168462  0.00159372  0.00023254]]
[[ 0.00242336  0.00048686 -0.00010899]]
[[ 0.00143641  0.00161254  0.00014097]]
[[  2.03945895e-03   9.74814530e-05   9.13085198e-05]]
[[ 0.00145731  0.00142347  0.00062758]]
[[ 0.0008368  -0.00136854 -0.00066105]]
[[ 0.00038694 -0.00130884 -0.00095728]]
[[ 0.00143576 -0.00117461 -0.00080437]]
[[ 0.00089184 -0.00125924 -0.00084056]]
[[ 0.00150169 -0.00094012 -0.00046075]]
[[ 0.0017125   0.00078536  0.0002378 ]]
[[ 0.00065469  0.00181507 -0.00012466]]
[[  2.77970992e-04   1.93693982e-03  -3.11331356e-05]]
[[ 0.00025955  0.00192948  0.0003624 ]]
[[-0.00022689 -0.00082146 -0.00077766]]
[[ 0.00014057 -0.00088367 -0.00081735]]
[[ 0.00088965 -0.00067989 -0.00049956]]
[[ 0.00230211  0.00014303  0.0003641 ]]
[[ -1.62178639e-05  -1.31283398e-03  -5.68007952e-04]]
[[ 0.00075887 -0.00149399 -0.00022832]]
[[ 0.00151336  0.00128706  0.00046031]]
[[-0.00046227 -0.00070919 -0.00048738]]
[[  3.45015103e-05  -1.10428000e-03  -1.44357349e-04]]
[[ 0.00195918  0.00032231  0.00020229]]
[[ 0.00054969  0.0018333   0.0004333 ]]
[[ 0.00069686 -0.00097132  0.00026091]]
[[ -3.58602550e-04  -6.48189861e-04  -6.11851530e-05]]
[[ 0.00126849  0.00122455  0.00014602]]
[[ 0.00068717 -0.00047991  0.00045051]]
[[ 0.00158196  0.00119387 -0.00026798]]
[[ 0.00081778  0.00168391  0.00016234]]
[[ 0.00141435  0.00022195  0.00030117]]
[[ 0.00032994 -0.00044966  0.00044031]]
[[ 0.00120465  0.00167047 -0.00093632]]
[[ 0.00137679  0.00047843 -0.00012072]]
