[[-0.00250563  0.00064016 -0.00108879]]
[[-0.0014459   0.00063664 -0.00101538]]
[[-0.00194716  0.00022084 -0.00070547]]
[[-0.00237099  0.00146447 -0.0026741 ]]
[[-0.00026247  0.00300151 -0.00288822]]
[[ 0.00221879  0.00570546 -0.00034179]]
[[  6.68212964e-04   3.51803839e-03   7.56505865e-06]]
[[ 0.00160991  0.00492326  0.00168308]]
[[-0.00051683  0.00252804 -0.00022221]]
[[-0.00084527  0.00148745 -0.00086441]]
[[-0.00111607  0.00163223 -0.00110984]]
[[-0.00301004  0.00018723 -0.00013491]]
[[-0.00149371  0.00034175 -0.00061265]]
[[-0.00187029  0.00023637 -0.00012756]]
[[-0.00329197  0.00335914 -0.00530686]]
[[ 0.0058997   0.0074603  -0.00016906]]
[[ 0.00264337  0.00556995  0.00367812]]
[[-0.00112745  0.00100416 -0.00053372]]
[[ 0.00017556  0.00315479  0.00096651]]
[[-0.00069322  0.00173266 -0.00020302]]
[[-0.00057418  0.00245966  0.00016976]]
[[ 0.00104799  0.00414549  0.0015359 ]]
[[-0.00092834  0.00132685 -0.00024931]]
[[ -6.79690303e-04   1.68254332e-03   1.00793813e-05]]
[[  7.07605598e-05   2.55676508e-03   1.08247721e-03]]
[[ 0.00239293  0.00530492  0.00286317]]
[[-0.00053221  0.00210626  0.00024106]]
[[-0.00088078  0.00132599 -0.00013395]]
[[ 0.00056802  0.00276038  0.00126687]]
[[ -6.84096935e-04   1.44241394e-03   1.46583565e-05]]
[[  8.95629361e-05   2.03912368e-03   6.99376748e-04]]
[[ 0.00100113  0.00302079  0.0026365 ]]
[[-0.00042689  0.00168573  0.00028743]]
[[-0.00085412  0.0011567  -0.00015777]]
[[ 0.00071418  0.00194421  0.0008458 ]]
[[-0.00083885  0.0011518   0.00016082]]
[[-0.00092476  0.00134994  0.0011843 ]]
[[ -5.01376130e-05   3.19170002e-03   8.92436274e-04]]
[[ 0.00021023  0.00304981  0.00069667]]
[[ 0.00058029  0.00429492  0.00095796]]
[[-0.00021868  0.00369255  0.00037953]]
[[ 0.00096148  0.00468118  0.0009395 ]]
[[-0.00364128 -0.00068121 -0.00120551]]
[[-0.00284722 -0.00164271 -0.00104362]]
[[ -2.75187148e-03  -8.57913556e-04   3.02311041e-05]]
[[ -1.56693666e-03  -1.53832262e-03   1.00343523e-05]]
[[-0.00173206 -0.00042975  0.00021315]]
[[-0.00162997  0.00092242  0.0017766 ]]
[[-0.0004548   0.00317935  0.00035366]]
[[ 0.00033937  0.00379755  0.00060972]]
[[ 0.0007186   0.00407645  0.00076231]]
[[-0.00214781 -0.00134029 -0.00113835]]
[[-0.00035015 -0.0015015  -0.00027599]]
[[ -3.97808261e-03  -9.41909819e-05   5.75661238e-04]]
[[ 0.00019278  0.00370227  0.00016018]]
[[-0.00305895 -0.00116857 -0.00186427]]
[[-0.0030622  -0.00023322 -0.00156037]]
[[ 0.00045849  0.00457444  0.00031953]]
[[-0.00235681 -0.00063411 -0.00106662]]
[[-0.00275775 -0.00089799 -0.00177925]]
[[-0.00110266  0.00326031 -0.0005192 ]]
[[ 0.00066924  0.00411237  0.00047268]]
[[-0.00350979 -0.00022729 -0.00169451]]
[[-0.00153205 -0.000403   -0.00097793]]
[[-0.00083717  0.00396443 -0.00033248]]
[[-0.0018488  -0.00078277 -0.00174315]]
[[-0.00167258  0.00313171 -0.00103986]]
[[ 0.00016777  0.00355909  0.0001941 ]]
[[-0.00226129  0.00056357 -0.00142629]]
[[ 0.00030392  0.00014165 -0.00195806]]
[[-0.00039003  0.00314452 -0.00096057]]
[[-0.00145685  0.00064829 -0.00108763]]
[[-0.00321955 -0.0033139  -0.00049871]]
[[-0.00201522 -0.00287617 -0.00093263]]
[[-0.00259468 -0.00337178 -0.00033779]]
[[-0.00310854 -0.00304893 -0.00220695]]
[[-0.00057291 -0.00153116 -0.00260141]]
[[ 0.00219518  0.00149615 -0.00025924]]
[[ 0.00075133 -0.00121033 -0.00052172]]
[[ 0.00179388  0.00087494  0.00072632]]
[[-0.00092291 -0.00186163 -0.00117574]]
[[-0.00145895 -0.00247552 -0.00134624]]
[[-0.00162085 -0.00249067 -0.00127604]]
[[-0.00362735 -0.00297688  0.00046613]]
[[-0.00190703 -0.00282338 -0.00083459]]
[[-0.00227209 -0.00284215  0.00072674]]
[[-0.00432129 -0.00043912 -0.0056191 ]]
[[  5.61330849e-03   4.62170228e-03  -6.08243824e-05]]
[[ 0.00238435  0.00288069  0.00323938]]
[[-0.00166198 -0.00256161 -0.00113604]]
[[ 0.00040509 -0.00136106 -0.0005833 ]]
[[-0.00129842 -0.00232837 -0.00145982]]
[[-0.00085965 -0.00181602 -0.00134632]]
[[ 0.00151081  0.00029156 -0.00026922]]
[[-0.00151453 -0.00239439 -0.00139792]]
[[-0.00109175 -0.00211544 -0.00169525]]
[[ 0.00057426 -0.00146117 -0.00117097]]
[[ 0.00258016  0.00260256  0.0010993 ]]
[[-0.00063277 -0.00177581 -0.00168759]]
[[-0.00135139 -0.00218228 -0.00161691]]
[[ 0.00125606 -0.00046763 -0.00113882]]
[[-0.00087349 -0.00183653 -0.00190317]]
[[ 0.00054034 -0.00108579 -0.00192564]]
[[ 0.00094503  0.00101073  0.00050699]]
[[-0.00043259 -0.00151388 -0.00213136]]
[[-0.00117132 -0.00191953 -0.00172077]]
[[ 0.00135642 -0.00022136 -0.00107682]]
[[-0.00055548 -0.00127658 -0.00232743]]
[[ 0.00117346 -0.00275548 -0.00035911]]
[[ 0.00092502 -0.00123209 -0.00111668]]
[[  1.92627749e-03   3.19401106e-05  -1.37573000e-03]]
[[ 0.00028764  0.00348579 -0.00072648]]
[[ 0.00082403  0.0013705  -0.00092981]]
[[ 0.00043586  0.0039632  -0.00044044]]
[[-0.00153328 -0.002935   -0.00188469]]
[[-0.000511   -0.00418138 -0.00169663]]
[[-0.00026925 -0.00347362 -0.00079126]]
[[ 0.00060941 -0.00402696 -0.00046474]]
[[  9.63543321e-04  -3.91186016e-03   8.24250570e-05]]
[[ 0.00020484 -0.00328256 -0.00010364]]
[[-0.00234017 -0.00136648 -0.00462387]]
[[-0.00145079  0.00703128 -0.00109189]]
[[-0.00143034  0.00680501 -0.00055856]]
[[  3.67902315e-05  -3.78822554e-03  -1.14847445e-03]]
[[ 0.00025674 -0.0036216  -0.00057429]]
[[ 0.00016982 -0.00352304  0.00050576]]
[[ 0.00102733  0.00192019 -0.00092377]]
[[-0.00083546 -0.00375284 -0.00245631]]
[[-0.00123148 -0.00230054 -0.00195292]]
[[-0.00045792  0.00443856 -0.00057259]]
[[ -4.27744970e-05  -3.29590070e-03  -1.54878440e-03]]
[[-0.00092428 -0.00332778 -0.00203995]]
[[-0.0007303   0.00168372 -0.00098604]]
[[ -1.57186985e-03   7.52968757e-03  -7.55287564e-05]]
[[-0.00209813 -0.00213152 -0.00164066]]
[[-0.00013625 -0.00284758 -0.00129554]]
[[-0.00213792  0.00375488 -0.00056218]]
[[-0.00085004 -0.00282189 -0.00163297]]
[[-0.00116658  0.00120535 -0.00073652]]
[[-0.00349807  0.00611333  0.00082469]]
[[-0.00105874 -0.00129945 -0.00185557]]
[[ 0.00010055 -0.00253251 -0.00091422]]
[[ 0.00062054  0.00131921 -0.00121957]]
[[ 0.00024245 -0.00118029 -0.0020426 ]]
[[-0.00072551  0.00285752 -0.00295398]]
[[ 0.00017337  0.00131614 -0.00439534]]
[[ 0.00025736  0.00233145 -0.00476855]]
[[-0.00051723  0.00296483 -0.00532906]]
[[ 0.0017436   0.00385502 -0.00524942]]
[[ 0.00421718  0.00640681 -0.0020065 ]]
[[ 0.00242722  0.00374305 -0.00138109]]
[[ 0.00329818  0.00495198  0.0007707 ]]
[[ 0.00123332  0.002852   -0.00166431]]
[[ 0.00076781  0.0019465  -0.00280395]]
[[ 0.00080577  0.00248597 -0.00361034]]
[[-0.00109356  0.00362364  0.00139571]]
[[-0.00022128  0.00058348 -0.00323138]]
[[  6.46048291e-06   1.72028034e-03  -4.38826893e-03]]
[[-0.00147955  0.00491203 -0.00778552]]
[[ 0.0080151   0.00785316 -0.00127455]]
[[ 0.0044182   0.00526617  0.00306624]]
[[ 0.00033287  0.00134241 -0.00210172]]
[[ 0.00176298  0.00298732  0.0002351 ]]
[[ 0.00082586  0.00194638 -0.00124646]]
[[ 0.00105514  0.0024922  -0.00058226]]
[[ 0.0025343   0.00377249  0.00108838]]
[[ 0.00052399  0.00152533 -0.00104411]]
[[ 0.00074358  0.00172032 -0.00044399]]
[[ 0.00149229  0.00216552  0.00083593]]
[[ 0.00393342  0.00458402  0.0025496 ]]
[[  9.12786834e-04   1.94913822e-03  -1.63509354e-05]]
[[ 0.00052087  0.00140009 -0.00043811]]
[[ 0.00184453  0.00217851  0.00118558]]
[[  5.98295155e-04   1.33866492e-03  -6.20842793e-06]]
[[ 0.00128001  0.00155505  0.00079788]]
[[ 0.00235932  0.00211358  0.00256727]]
[[ 0.00074914  0.00141306  0.00040158]]
[[ 0.0004408   0.00113724 -0.00012909]]
[[ 0.00193251  0.00126736  0.00102619]]
[[ 0.00030579  0.00079719  0.00040862]]
[[ 0.00252396  0.00094004  0.00126975]]
[[ 0.00207344  0.00158988  0.00055259]]
[[ 0.00278133  0.00064468 -0.00012239]]
[[  1.90776801e-03   1.56586752e-03  -9.77112213e-05]]
[[ 0.00250104  0.000108   -0.00038544]]
[[  1.95453644e-03   1.23737328e-03  -5.92039319e-05]]
[[ 0.00124233 -0.00136337 -0.00129516]]
[[ 0.0007135  -0.00120472 -0.00143911]]
[[ 0.00179292 -0.00096666 -0.00110665]]
[[ 0.00114623 -0.00068827 -0.00087695]]
[[  1.98411650e-03  -2.59288934e-04   6.35675935e-05]]
[[ 0.00248806  0.00067617  0.00258867]]
[[  1.10527693e-03   1.62612887e-03   5.87060603e-05]]
[[ 0.00078478  0.00178855 -0.00012728]]
[[ 0.00080059  0.00161136 -0.00013184]]
[[  4.35597032e-05  -7.28312147e-04  -1.28884547e-03]]
[[ 0.00052917 -0.00020679 -0.00120072]]
[[ 0.00105489  0.00052042  0.00119333]]
[[  2.62135983e-03   2.36393224e-05  -5.70461739e-04]]
[[ 0.00026067 -0.00132886 -0.00134335]]
[[ 0.00097204 -0.00157856 -0.00116675]]
[[ 0.00168105  0.00090107 -0.00060448]]
[[-0.00030053 -0.00073764 -0.00115777]]
[[ -3.21546094e-05  -1.15123034e-03  -1.11961729e-03]]
[[ 0.00165623 -0.00012832 -0.0009524 ]]
[[ 0.00077527  0.00124754 -0.00043695]]
[[ 0.00030774 -0.00117277 -0.00078755]]
[[-0.0005207  -0.00066558 -0.00083325]]
[[ 0.00068495  0.00039826 -0.00068367]]
[[  3.47260843e-07  -6.88569679e-04  -3.20862018e-04]]
[[ 0.00061538  0.0001131  -0.00051754]]
[[ 0.00038887  0.00060021 -0.00051743]]
[[ 0.00043129 -0.00030666 -0.00017112]]
[[-0.0003201  -0.00050743 -0.00019538]]
[[ 0.00039622  0.00037667 -0.0004516 ]]
[[ 0.00037985 -0.00012649 -0.00024261]]
[[-0.00141298  0.00158058 -0.0023641 ]]
[[-0.00015057 -0.00198828 -0.00411109]]
[[-0.00027173 -0.00110231 -0.00277227]]
[[-0.00175462  0.00433775 -0.00550533]]
[[ 0.00126155  0.00504396 -0.00514948]]
[[ 0.00362327  0.00938867 -0.00094118]]
[[ 0.0019963   0.00584504 -0.00032018]]
[[ 0.00232461  0.00942147  0.00251811]]
[[ 0.00167724  0.00201595 -0.00058283]]
[[ 0.00100623 -0.00124067 -0.00255842]]
[[ 0.00156171  0.00083969 -0.00285399]]
[[-0.00269176  0.00130925  0.0026451 ]]
[[-0.00099613 -0.00340227 -0.00337391]]
[[-0.00086143 -0.00193603 -0.00101873]]
[[-0.00320891  0.00766013 -0.00920519]]
[[ 0.00632027  0.01231062 -0.00078545]]
[[ 0.00272771  0.0110393   0.00449628]]
[[ -6.62072778e-05  -2.64779263e-03  -2.30341948e-03]]
[[ 0.00014557  0.00619672  0.0017333 ]]
[[ 0.0002797  -0.00080584 -0.00102718]]
[[ 0.00056123  0.00252483  0.00063107]]
[[ 0.00068559  0.0088513   0.00306039]]
[[-0.00024234 -0.0024401  -0.00140564]]
[[ -5.14232125e-05  -3.88371861e-04  -3.63775936e-04]]
[[-0.00076855  0.00574847  0.00209224]]
[[ 0.00192691  0.01075052  0.00445596]]
[[ -8.17754126e-05   2.48154136e-03   5.74282639e-04]]
[[-0.00052601 -0.00224534 -0.00100263]]
[[  3.69913945e-05   7.09788243e-03   2.72291542e-03]]
[[-0.00062102  0.00032619 -0.00019406]]
[[-0.00085475  0.00470053  0.00148471]]
[[ 0.00046527  0.0081033   0.00452411]]
[[-0.00076494  0.002692    0.00062758]]
[[ -1.02246595e-03  -1.32178320e-03   3.81216566e-06]]
[[-0.00039593  0.00488415  0.00110443]]
[[ -1.75057116e-03   2.10105264e-03   9.49624342e-05]]
[[ 0.00233387  0.00169383  0.00061399]]
[[-0.00018996  0.00319813 -0.00061035]]
[[ 0.00279658  0.00222793 -0.00084629]]
[[-0.00122642  0.00673384 -0.0002793 ]]
[[  2.45945553e-03   2.80855734e-03   7.70778808e-05]]
[[-0.00088089  0.00642664  0.00021368]]
[[ 0.00506958  0.00029297  0.00072472]]
[[ 0.00614755 -0.00219696  0.00046726]]
[[ 0.00504591 -0.00073218  0.0001416 ]]
[[ 0.0066138  -0.00381918 -0.0006432 ]]
[[  4.76686934e-03   9.16173487e-05  -9.25506112e-04]]
[[ 0.00094505  0.00103423  0.0022233 ]]
[[-0.00592001  0.00323144 -0.00416486]]
[[-0.00590118  0.01073896 -0.00099   ]]
[[-0.00573518  0.00998919 -0.00046882]]
[[ 0.00761109 -0.00487289  0.0005145 ]]
[[ 0.00821674 -0.00757987 -0.0011517 ]]
[[  4.53832648e-03   1.21248725e-03  -4.49705572e-05]]
[[ 0.00269074  0.00347851  0.0001349 ]]
[[ 0.00613745 -0.00109963  0.00104424]]
[[ 0.00490641  0.0011851   0.00103013]]
[[-0.00112557  0.00659607 -0.00011166]]
[[ 0.00790942 -0.00437089  0.00177854]]
[[ 0.00564267 -0.00015742  0.00102698]]
[[ 0.00114138  0.00349794 -0.00011973]]
[[-0.00531212  0.01019019 -0.00020979]]
[[ 0.00316575  0.00158179  0.00127343]]
[[ 0.00909944 -0.00258293  0.00172858]]
[[ -3.26782781e-03   6.05388001e-03   7.33378612e-05]]
[[ 0.0038013  -0.00048949  0.0023351 ]]
[[-0.00220079  0.00365513  0.00083173]]
[[ -6.78614569e-03   8.84026901e-03   4.94923851e-05]]
[[ 0.00010917  0.00201409  0.00354949]]
[[ 0.00747336 -0.00198983  0.00211503]]
[[-0.00416383  0.00393963 -0.00047744]]
[[-0.00463092 -0.00097137  0.00146601]]
[[ -1.88959679e-03   5.30303434e-05  -1.04284388e-03]]
[[-0.00085213  0.00014479 -0.00029321]]
[[-0.00135106 -0.00035536 -0.00023185]]
[[-0.00162239  0.0009705  -0.00214743]]
[[ 0.00037705  0.00231    -0.00190328]]
[[ 0.00281473  0.00505532  0.00105843]]
[[ 0.00102248  0.00265175  0.00179302]]
[[ 0.0019046   0.00411078  0.00390565]]
[[-0.00014429  0.00178668  0.00154453]]
[[-0.00044393  0.00085359  0.00043133]]
[[ -4.90437817e-04   1.06177413e-03  -3.59970455e-05]]
[[-0.00263256 -0.00031758 -0.000431  ]]
[[ -8.67161705e-04  -8.55798708e-05   7.66421433e-05]]
[[-0.00124298 -0.00041644  0.00021767]]
[[-0.0023598   0.00285408 -0.00489451]]
[[ 0.00671138  0.00673887  0.00102639]]
[[ 0.00317468  0.00466799  0.00555164]]
[[-0.00067182  0.00045871  0.00053006]]
[[  8.65128902e-05   2.01471634e-03   3.72191535e-03]]
[[-0.00066635  0.0008161   0.00173522]]
[[-0.00066655  0.00134773  0.00277114]]
[[ 0.00083509  0.00306576  0.00502604]]
[[-0.00081991  0.00052301  0.00124315]]
[[ -1.41608807e-03   2.43519541e-05   2.85409002e-03]]
[[-0.00086817  0.00075387  0.00543067]]
[[ 0.00246792  0.00432299  0.00577103]]
[[-0.00159302  0.00016563  0.00392319]]
[[ -1.46752379e-03  -9.18238716e-05   1.76883388e-03]]
[[-0.00013773  0.00167128  0.00747011]]
[[-0.00314111 -0.00218365  0.0037788 ]]
[[-0.00190702 -0.00216844  0.00867807]]
[[ 0.00097037  0.00273113  0.00727392]]
[[-0.00301248 -0.002709    0.00532411]]
[[-0.0029154  -0.00171949  0.00142495]]
[[ 0.00200704 -0.00204358  0.01107424]]
[[-0.00476826 -0.00419122  0.00365068]]
[[ 0.00103083 -0.0001728   0.00237361]]
[[ 0.00078757  0.00104606  0.00242963]]
[[  1.63372325e-03  -1.88445541e-05   2.25420983e-03]]
[[ 0.00074633  0.0012797   0.00249748]]
[[ 0.00132648 -0.00020975  0.00264376]]
[[ 0.00063273  0.00146445  0.00325265]]
[[ -3.64828550e-05  -1.85950959e-03   2.13545440e-03]]
[[-0.00041769 -0.00196148  0.00152315]]
[[ 0.00056208 -0.00175064  0.00159857]]
[[ -6.86803764e-05  -1.87476558e-03   1.29006201e-03]]
[[ 0.00040772 -0.00156993  0.00162517]]
[[ 0.00013446  0.00039405  0.00213923]]
[[-0.00017194  0.00136823  0.00172593]]
[[-0.00024674  0.00170793  0.00188828]]
[[-0.00035011  0.00213703  0.00232181]]
[[-0.00100529 -0.00143604  0.00126086]]
[[-0.00076363 -0.00145011  0.00080927]]
[[-0.0003096  -0.00154127  0.00125328]]
[[ 0.00126477  0.00023917  0.00329192]]
[[-0.00099054 -0.00177374  0.00240429]]
[[-0.00052642 -0.00163487  0.00325774]]
[[  9.36932131e-05   1.97484719e-03   3.58840787e-03]]
[[-0.00142154 -0.00118933  0.00217564]]
[[-0.00152977 -0.00113981  0.0038574 ]]
[[ -2.89987638e-05   1.33687382e-03   3.81065788e-03]]
[[-0.00061435  0.00275933  0.00252307]]
[[-0.00160926 -0.00027018  0.00528904]]
[[-0.00187354 -0.00076236  0.00380788]]
[[-0.0014672   0.003132    0.00385001]]
[[-0.00173938  0.00046267  0.00659586]]
[[-0.0023009  0.0043623  0.0031879]]
[[-0.00158437  0.00367979  0.00237928]]
[[-0.0021575   0.00307507  0.00723879]]
[[-0.00202121  0.00027115  0.00625055]]
[[-0.00313419  0.0047856  -0.00019555]]
[[-0.00550622  0.00137508  0.00432377]]
[[-0.00321615  0.0027756  -0.0050727 ]]
[[-0.00632024  0.00111653 -0.00567988]]
[[-0.00444709  0.00307103 -0.0067983 ]]
[[-0.0020388   0.0032471  -0.00537601]]
[[-0.00038324  0.00313955 -0.00521255]]
[[ 0.00264507  0.00580086 -0.00134598]]
[[ 0.00047716  0.00290767 -0.00047521]]
[[ 0.00168683  0.00476201  0.00213936]]
[[-0.00197731  0.00271295 -0.00109689]]
[[-0.00316501  0.00271046 -0.00241987]]
[[-0.00270272  0.00237659 -0.00324011]]
[[-0.00364244  0.00317552 -0.00358003]]
[[-0.0104442   0.00159523 -0.00435758]]
[[-0.00528352  0.00490296 -0.00713003]]
[[-0.00227558  0.00483659 -0.00675671]]
[[ 0.00693332  0.00751782 -0.00077437]]
[[ 0.00352871  0.00534196  0.00411614]]
[[-0.00340558  0.00297316 -0.0029828 ]]
[[-0.00046862  0.00258691  0.00156907]]
[[-0.00394745  0.00113051 -0.00096306]]
[[-0.0023979   0.00199769  0.0005621 ]]
[[ 0.00052509  0.00452493  0.0024766 ]]
[[-0.00532823  0.00082496 -0.00249335]]
[[-0.00357927  0.00060788 -0.00018881]]
[[-0.00098012  0.00266826  0.00150398]]
[[ 0.00299138  0.00558363  0.00372646]]
[[-0.00260185  0.00145354  0.00060419]]
[[-0.0040026   0.00057742 -0.00250605]]
[[ 0.00031903  0.00359792  0.00173041]]
[[-0.0027222   0.00019493  0.00064968]]
[[ -5.00614487e-05   2.67390024e-03   7.64902219e-04]]
[[ 0.00170673  0.0036713   0.00317854]]
[[-0.00084362  0.00169859  0.00122926]]
[[-0.00582844 -0.00090747  0.00259692]]
[[ 0.00116676  0.0025894   0.00076549]]
[[-0.00052291  0.00189814  0.00079325]]
[[ 0.00178863  0.00088114  0.00049309]]
[[ 0.00151629  0.00173652  0.00053814]]
[[ 0.0026521   0.00022797  0.00028443]]
[[ 0.00167253  0.00142964  0.00060537]]
[[  2.48826847e-03  -6.50538229e-05   6.11519487e-04]]
[[ 0.00178433  0.00145932  0.0009671 ]]
[[ 0.00180432 -0.00197338  0.00033715]]
[[ 0.00209268 -0.00348289 -0.00042225]]
[[ 0.00216988 -0.00185608 -0.00073874]]
[[ 0.00245848 -0.00313866 -0.00157769]]
[[ 0.00193207 -0.00020857 -0.00162395]]
[[ 0.00079675  0.00140858  0.00061587]]
[[ 0.00032008  0.00186711  0.00043997]]
[[ 0.00046617  0.0017297   0.00040336]]
[[ 0.0005762   0.00185873  0.00049812]]
[[ 0.0010192  -0.0055262  -0.00130487]]
[[ 0.00086243 -0.0059031  -0.00332387]]
[[ 0.00126321  0.00080614 -0.00163565]]
[[ 0.00261294  0.00063098  0.00052129]]
[[ 0.0020514  -0.00279057  0.00081166]]
[[ 0.00182471 -0.00091824  0.00094459]]
[[ 0.00156407  0.00163466  0.00018937]]
[[ 0.00149212 -0.00563301  0.00099861]]
[[ 0.001736   -0.00079548  0.00054543]]
[[ 0.0016354   0.00100234 -0.00032467]]
[[  5.88266000e-04   1.90209067e-03   6.15494110e-05]]
[[ 0.00091873  0.00020018  0.00039331]]
[[ 0.00219768 -0.00275022  0.00093653]]
[[ 0.00061087  0.00137191 -0.00043793]]
[[ 0.00066443  0.00086352  0.00035507]]
[[ 0.00057088  0.00132551 -0.00054649]]
[[ 0.0002476   0.00143471 -0.00032348]]
[[  5.82048721e-04   1.27072918e-03  -1.23475056e-05]]
[[ 0.00052346 -0.00012026  0.00186013]]
[[ 0.0004701   0.00128379 -0.00078814]]
[[ 0.00066512  0.00186426 -0.00041484]]
[[ 0.00297383  0.00155057 -0.00289506]]
[[ 0.00013983 -0.00092749 -0.00299208]]
[[ 0.00265414  0.00014541 -0.00355067]]
[[ 0.0022523   0.0040428  -0.00396145]]
[[ 0.00403349  0.00499602 -0.00338983]]
[[ 0.00585631  0.00829949 -0.00022871]]
[[ 0.00473634  0.00571433  0.00040945]]
[[ 0.00464804  0.00732455  0.00235395]]
[[ 0.0042066   0.00300389 -0.0001397 ]]
[[ 0.00324978  0.0016121  -0.0010039 ]]
[[ 0.00317241  0.00168282 -0.0008106 ]]
[[ 0.00257146  0.00045539 -0.00121531]]
[[-0.0041967   0.00073409 -0.00137143]]
[[ 0.00311976  0.00112462 -0.0040468 ]]
[[ 0.00086518  0.00573407 -0.00606334]]
[[  8.99113093e-03   9.65075890e-03  -1.32739068e-05]]
[[ 0.00524916  0.0074053   0.00429874]]
[[ 0.00281501  0.0022534  -0.00127347]]
[[ 0.00354523  0.00523217  0.00214103]]
[[ 0.00268511  0.00064053 -0.00044437]]
[[ 0.00406313  0.0027086   0.00121081]]
[[ 0.00354953  0.00603164  0.00315418]]
[[ 0.0007086   0.00039452 -0.00148536]]
[[ 0.00319695  0.00017402  0.00039574]]
[[ 0.00289354  0.00375595  0.00355021]]
[[ 0.00457605  0.00663245  0.00418772]]
[[ 0.00352713  0.001761    0.00192914]]
[[  2.26722886e-03   9.36562556e-05  -2.16650235e-03]]
[[ 0.00317865  0.00388412  0.00529036]]
[[ 0.00206994 -0.00133087  0.00195426]]
[[  3.08066479e-03   5.85371071e-05   6.64653140e-03]]
[[ 0.00379685  0.0042012   0.00552508]]
[[ 0.00296494 -0.00084088  0.00369197]]
[[-0.00064993 -0.00206599  0.00251785]]
[[ 0.0086673  -0.00137246  0.00925609]]
[[ 0.00252905 -0.00380587  0.00232359]]
[[ 0.0028201   0.00098113  0.00086386]]
[[ 0.00224212  0.00232288  0.00076039]]
[[ 0.00318624  0.00115953  0.00035047]]
[[ 0.00207804  0.00242198  0.00048008]]
[[ 0.0028745   0.00081338  0.00031688]]
[[ 0.00214324  0.00222995  0.00073235]]
[[ 0.00180369 -0.00086727 -0.00047425]]
[[ 0.001318   -0.00093461 -0.00066436]]
[[ 0.00232629 -0.00070813 -0.00036269]]
[[ 0.00172826 -0.00093085 -0.0003139 ]]
[[ 0.00223898 -0.00057526  0.00019185]]
[[ 0.00224453  0.00137529  0.00097208]]
[[ 0.00112037  0.00261823  0.00034666]]
[[ 0.00079614  0.00279963  0.0002944 ]]
[[ 0.0008091   0.00278494  0.00050789]]
[[ 0.00079564 -0.00053998 -0.00048023]]
[[ 0.00108772 -0.00063813 -0.00033069]]
[[ 0.00167359 -0.00041857  0.00019889]]
[[ 0.00314765  0.00084983  0.00033793]]
[[ 0.00093025 -0.00093794 -0.00053153]]
[[ 0.00171271 -0.00100109 -0.00028964]]
[[ 0.00217164  0.00204195  0.00032122]]
[[ 0.00055108 -0.00042697 -0.00041065]]
[[ 0.00090512 -0.00074619 -0.00033334]]
[[  2.72219438e-03   9.50897025e-04  -5.56963255e-05]]
[[ 0.00107673  0.00262247  0.0003908 ]]
[[  1.52914479e-03  -5.14389531e-04  -1.57424643e-05]]
[[ 0.00055543 -0.00037488 -0.00017445]]
[[ 0.00181111  0.00183507 -0.00018258]]
[[  1.39712423e-03  -1.29069352e-04   9.92020254e-05]]
[[ 0.0021221   0.00168342 -0.0006661 ]]
[[  1.27141663e-03   2.32506984e-03  -1.74702415e-05]]
[[  2.03646732e-03   6.10844404e-04  -9.96711649e-05]]
[[ 0.0010856  -0.00018146  0.00020138]]
[[ 0.00167798  0.00219538 -0.00133108]]
[[ 0.00200664  0.0007427  -0.00052011]]
