[[ -2.69948847e-03   4.92746029e-05  -9.22799615e-04]]
[[-0.00154063  0.00010433 -0.00098086]]
[[-0.00205311 -0.00029273 -0.00064296]]
[[-0.00274649  0.00066383 -0.0025684 ]]
[[-0.00059638  0.0022241  -0.00276537]]
[[ 0.00167705  0.00470772 -0.00038168]]
[[  2.24379279e-04   2.61312078e-03  -7.38186792e-06]]
[[ 0.00090663  0.0037233   0.00141259]]
[[-0.00073092  0.00173285 -0.00031355]]
[[-0.00099687  0.00082661 -0.00088227]]
[[-0.00127486  0.00097017 -0.00110821]]
[[ -3.11941273e-03  -2.67548817e-04   1.93020132e-05]]
[[-0.00151219 -0.0001485  -0.0006379 ]]
[[ -1.90783247e-03  -1.92402623e-04  -4.94414925e-06]]
[[-0.00383266  0.0024999  -0.00520336]]
[[ 0.00509536  0.00639157 -0.00022317]]
[[ 0.0015963   0.00430972  0.00337637]]
[[-0.00118429  0.00039787 -0.000592  ]]
[[-0.00031982  0.00216807  0.00074705]]
[[-0.00089288  0.00097322 -0.0003163 ]]
[[ -8.31268406e-04   1.57575031e-03  -3.22262312e-06]]
[[ 0.00030987  0.00288514  0.00111958]]
[[-0.00102839  0.000625   -0.00037643]]
[[-0.00090837  0.00088089 -0.00017102]]
[[-0.0004422   0.00155504  0.00070576]]
[[ 0.00125291  0.003986    0.00235537]]
[[ -8.20066904e-04   1.20718885e-03  -1.80999147e-05]]
[[-0.0010063   0.00058692 -0.00031505]]
[[-0.00014965  0.00153514  0.00066959]]
[[-0.00090673  0.00065557 -0.00022593]]
[[-0.00037988  0.00110884  0.00020609]]
[[-0.00012545  0.00173916  0.00192302]]
[[-0.00071462  0.00084646 -0.00011265]]
[[-0.00098641  0.00042882 -0.00036962]]
[[ 0.00017334  0.00109246  0.00042066]]
[[-0.00093869  0.00053582 -0.00025175]]
[[ -2.11356409e-03   3.05493469e-05   1.89800440e-03]]
[[-0.00160693  0.00230769  0.00149256]]
[[-0.00183271  0.00165756  0.00099693]]
[[-0.00148145  0.00355657  0.00113283]]
[[ -2.61017932e-03   2.06752966e-03   6.56483631e-05]]
[[-0.00143831  0.00386883  0.00056595]]
[[-0.00514276 -0.00360338 -0.00180389]]
[[-0.00348762 -0.00509479 -0.00136151]]
[[-0.00440494 -0.00355202  0.00013397]]
[[-0.00195855 -0.00421707  0.00051233]]
[[-0.00239278 -0.00229809  0.00089094]]
[[-0.002642    0.00016187  0.00252437]]
[[-0.00186038  0.00273891  0.00073724]]
[[-0.00145436  0.00353208  0.00077324]]
[[-0.00137829  0.00390964  0.00052276]]
[[-0.00145878 -0.00473253 -0.00138119]]
[[ 0.00021419 -0.00411899 -0.00012892]]
[[-0.00416596 -0.0017929   0.0013873 ]]
[[-0.0023361   0.00193883 -0.0007457 ]]
[[-0.00344606 -0.00485614 -0.00256183]]
[[-0.00449101 -0.00335658 -0.00255061]]
[[-0.00195605  0.0037916  -0.0007422 ]]
[[-0.00144918 -0.00426579 -0.00152821]]
[[-0.0029888  -0.00462059 -0.00290407]]
[[-0.00315944  0.00166159 -0.00192887]]
[[-0.00144629  0.00402052 -0.00024321]]
[[-0.00462673 -0.00307277 -0.00303269]]
[[-0.00055728 -0.00404185 -0.00161346]]
[[-0.0027657   0.00332071 -0.00169955]]
[[-0.00195049 -0.00404204 -0.00295675]]
[[-0.00325507  0.00193466 -0.00265573]]
[[-0.00160535  0.00349699 -0.00082086]]
[[-0.00315295 -0.00189331 -0.00292101]]
[[ 0.00119252 -0.00311633 -0.00266018]]
[[-0.00191484  0.00260735 -0.00248278]]
[[-0.00160731 -0.00157044 -0.00268813]]
[[-0.00181903 -0.00272659 -0.0011606 ]]
[[-0.00095604 -0.00230071 -0.0011471 ]]
[[-0.00153479 -0.00281458 -0.00068483]]
[[-0.00103385 -0.00220289 -0.00251116]]
[[ 0.00139024 -0.00095196 -0.00278399]]
[[ 0.00457248  0.00201671 -0.00017018]]
[[ 0.00302641 -0.00072221 -0.00033695]]
[[ 0.00453244  0.00146137  0.00136343]]
[[ 0.00070746 -0.00116972 -0.0008752 ]]
[[-0.00015343 -0.00179192 -0.00128082]]
[[-0.00021297 -0.00183126 -0.00132808]]
[[-0.00239478 -0.00274495 -0.00027634]]
[[-0.00103872 -0.00229393 -0.00086425]]
[[-0.00139981 -0.00239292  0.00026158]]
[[ -1.37208821e-03   8.92906204e-05  -5.69039960e-03]]
[[ 0.00855685  0.00456135  0.00014346]]
[[ 0.00584229  0.00309437  0.0037227 ]]
[[-0.0005978  -0.00189837 -0.00098356]]
[[ 0.00274694 -0.00089908  0.00016997]]
[[ 0.00012188 -0.00158454 -0.00103845]]
[[ 0.00083847 -0.00112604 -0.00070034]]
[[ 0.00414753  0.00089528  0.00089274]]
[[-0.00033315 -0.00165714 -0.00097932]]
[[ 0.00030564 -0.00146886 -0.00097316]]
[[  2.69601357e-03  -1.10623892e-03   4.32544902e-06]]
[[ 0.00592185  0.00306207  0.00258939]]
[[ 0.00092318 -0.00121201 -0.0007903 ]]
[[-0.00017325 -0.00151187 -0.00099455]]
[[  3.59406917e-03   1.54959662e-05   3.52203238e-04]]
[[ 0.00034192 -0.0013582  -0.00102665]]
[[ 0.0022432  -0.00088713 -0.00053445]]
[[ 0.00429981  0.00132102  0.00218541]]
[[ 0.00085489 -0.00110896 -0.00100692]]
[[-0.00011433 -0.00138602 -0.00101932]]
[[ 0.00323325 -0.00042061  0.00013997]]
[[ 0.0004411  -0.00111096 -0.00118446]]
[[ 0.00147837 -0.00376617  0.00032495]]
[[ 0.00137101 -0.00259153 -0.00053616]]
[[ 0.00232174 -0.00115919 -0.00088031]]
[[ 0.00087183  0.0019619  -0.0004364 ]]
[[ 0.00133537  0.00011747 -0.00076328]]
[[ 0.00114919  0.00243927 -0.00050896]]
[[-0.00109623 -0.00415377 -0.00180829]]
[[-0.00011468 -0.00536878 -0.00150561]]
[[  6.15171917e-05  -4.59427006e-03  -4.41430762e-04]]
[[  9.38616499e-04  -5.04181922e-03  -4.52519523e-05]]
[[ 0.00126902 -0.00484652  0.00062185]]
[[ 0.00044612 -0.00408926  0.00052871]]
[[-0.00176833 -0.00287601 -0.00404835]]
[[-0.00073858  0.00532835 -0.00079243]]
[[-0.00058139  0.0050817  -0.00064207]]
[[ 0.00048852 -0.00490243 -0.00105731]]
[[ 0.00062174 -0.00458296 -0.00033636]]
[[ 0.0003839  -0.00433743  0.00111404]]
[[ 0.0016425   0.0007265  -0.00113223]]
[[-0.00032147 -0.00494665 -0.00254475]]
[[-0.00067766 -0.00348954 -0.00215459]]
[[ 0.00031297  0.00304338 -0.00097584]]
[[ 0.00048309 -0.00441894 -0.00164283]]
[[-0.00034486 -0.00444676 -0.00236681]]
[[ -7.09261121e-05   6.30609553e-04  -1.54946160e-03]]
[[-0.00065773  0.00595699 -0.00050451]]
[[-0.00150833 -0.00318933 -0.00208707]]
[[ 0.00041404 -0.00391102 -0.0015434 ]]
[[-0.00138712  0.00254823 -0.00124331]]
[[-0.0002968  -0.00376745 -0.00212449]]
[[-0.0005698   0.00034182 -0.00147169]]
[[-0.00261652  0.00476849  0.0001582 ]]
[[-0.00052267 -0.00217114 -0.00245691]]
[[ 0.00061905 -0.00346078 -0.00126704]]
[[ 0.00120247  0.00061122 -0.00184227]]
[[ 0.0007484  -0.00183769 -0.0027195 ]]
[[-0.00021272  0.00084686 -0.00220419]]
[[ 0.00057783  0.00029978 -0.00350511]]
[[ 0.00077954  0.00043709 -0.00347733]]
[[-0.00032971  0.00131473 -0.0049703 ]]
[[ 0.00199204  0.00283119 -0.00499367]]
[[ 0.00434042  0.00560125 -0.00192939]]
[[ 0.00257962  0.00319429 -0.00132851]]
[[ 0.00338185  0.0045114   0.00074981]]
[[ 0.00133256  0.00231249 -0.00147716]]
[[ 0.0009143   0.0013264  -0.00246618]]
[[ 0.00099074  0.00151172 -0.00311223]]
[[-0.00012724  0.00091109  0.0021048 ]]
[[ 0.00028232 -0.00025403 -0.0024954 ]]
[[ 0.00155209 -0.00038629 -0.00250979]]
[[-0.00109577  0.00336645 -0.00786242]]
[[ 0.00825805  0.0070439  -0.00137594]]
[[ 0.00456205  0.00481796  0.00297369]]
[[ 0.00051846  0.00076728 -0.00175942]]
[[ 0.0018583   0.00266302  0.00022287]]
[[ 0.00090027  0.00157294 -0.00112047]]
[[ 0.00111855  0.00216399 -0.00050522]]
[[ 0.00259638  0.00351066  0.00106256]]
[[ 0.00061582  0.00116116 -0.00090513]]
[[ 0.00079108  0.00148196 -0.00039335]]
[[ 0.00155339  0.00196415  0.00081548]]
[[ 0.00402649  0.00431887  0.00248639]]
[[  9.56273534e-04   1.74082323e-03   1.30884513e-05]]
[[ 0.00057876  0.00116163 -0.00037952]]
[[ 0.00188841  0.00201093  0.00115836]]
[[  6.30093017e-04   1.17664083e-03   1.23449763e-05]]
[[ 0.00131839  0.00142219  0.00077939]]
[[ 0.0024226   0.00194164  0.00252077]]
[[ 0.00077967  0.00127656  0.00040584]]
[[ 0.00048084  0.00097076 -0.0001035 ]]
[[ 0.00197756  0.0011535   0.00101991]]
[[ 0.0003499   0.00069132  0.00040932]]
[[  3.03901662e-03  -2.70144912e-05   1.09824159e-03]]
[[ 0.00254899  0.00077982  0.00041665]]
[[  3.10754277e-03   6.34862967e-05  -2.41651006e-04]]
[[ 0.00219601  0.00108877 -0.00021409]]
[[ 0.00270303 -0.00024223 -0.00047194]]
[[ 0.00212905  0.00094676 -0.00013837]]
[[ 0.00137448 -0.00174714 -0.00123758]]
[[ 0.00085747 -0.00169445 -0.00135584]]
[[ 0.00197904 -0.00159938 -0.00098687]]
[[ 0.00132266 -0.0015037  -0.00070773]]
[[ 0.00223009 -0.00133263  0.00035281]]
[[ 0.00321681 -0.00033944  0.00228201]]
[[ 0.00174873  0.00089153 -0.00025348]]
[[ 0.00114828  0.00135311 -0.00033862]]
[[ 0.0010148   0.00133785 -0.00026414]]
[[ 0.00013286 -0.00123621 -0.00114601]]
[[ 0.00058323 -0.00106316 -0.00094211]]
[[ 0.00113772 -0.00071127  0.00162855]]
[[ 0.00274849 -0.00019738 -0.00063017]]
[[ 0.00036768 -0.0016322  -0.00130858]]
[[ 0.0010689  -0.00182112 -0.00114463]]
[[ 0.00179185  0.00071045 -0.00065588]]
[[-0.00022129 -0.00105174 -0.00108517]]
[[  4.78448953e-05  -1.35474466e-03  -1.10699365e-03]]
[[ 0.00174258 -0.00027708 -0.00099575]]
[[ 0.0009081   0.00106351 -0.00051759]]
[[ 0.00037881 -0.00133509 -0.00078125]]
[[-0.00045616 -0.00087719 -0.00079554]]
[[ 0.00076253  0.00026636 -0.00072077]]
[[  5.93630363e-05  -8.31365847e-04  -3.16903545e-04]]
[[  6.76701764e-04   8.04004550e-06  -5.46512143e-04]]
[[ 0.00047842  0.00047083 -0.00056941]]
[[ 0.00048309 -0.00042072 -0.00017147]]
[[-0.00026855 -0.00065729 -0.00017657]]
[[ 0.0004443   0.0002957  -0.00046667]]
[[ 0.00042078 -0.00021181 -0.00025118]]
[[  5.75563782e-05  -7.32638894e-04  -2.55345307e-03]]
[[ 0.00134573 -0.00352376 -0.00425666]]
[[ 0.0011373  -0.00274591 -0.00300855]]
[[ -8.70640725e-05   9.50632394e-04  -5.71825987e-03]]
[[ 0.00349962  0.00170164 -0.00518716]]
[[ 0.00585439  0.00507165 -0.00129584]]
[[ 0.00462161  0.00176372 -0.00043615]]
[[ 0.00466905  0.00430159  0.00206394]]
[[ 0.00411096 -0.00075357 -0.00069532]]
[[ 0.00286372 -0.00315095 -0.0026598 ]]
[[ 0.00352033 -0.00141103 -0.0030311 ]]
[[-0.00135662 -0.00073724  0.00233176]]
[[ 0.00039021 -0.00462985 -0.00349817]]
[[ 0.00046332 -0.00312062 -0.00116247]]
[[-0.00133011  0.00378313 -0.00933327]]
[[ 0.00879617  0.00746738 -0.0009895 ]]
[[ 0.00549086  0.00545345  0.00415001]]
[[ 0.00157336 -0.00415131 -0.00235558]]
[[ 0.00277063  0.00177545  0.00162236]]
[[ 0.00234466 -0.00297831 -0.00093037]]
[[ 0.0030076  -0.000569    0.00082806]]
[[ 0.00285399  0.00388451  0.00265933]]
[[ 0.00154048 -0.00412925 -0.00128902]]
[[  1.82914942e-03  -2.74535193e-03  -5.45225047e-05]]
[[ 0.00146857  0.00173057  0.00184914]]
[[ 0.00472912  0.00540228  0.00396405]]
[[ 0.00188894 -0.00049534  0.00075051]]
[[ 0.00113805 -0.00407501 -0.00076049]]
[[ 0.00194318  0.00276975  0.00220301]]
[[  9.39411125e-04  -1.88792518e-03   9.48189553e-05]]
[[ 0.00085777  0.00133593  0.00128824]]
[[ 0.00293457  0.00347133  0.00384027]]
[[ 0.00065439  0.00014218  0.00067878]]
[[ 0.00035806 -0.00307062  0.00026558]]
[[ 0.00136257  0.00159874  0.00104135]]
[[-0.00032787  0.0002444   0.00016828]]
[[ 0.00405058 -0.00157776  0.00071461]]
[[ 0.00204097 -0.00058301 -0.0004031 ]]
[[ 0.00494052 -0.0017449  -0.00083649]]
[[ 0.00147432  0.00243833 -0.00027931]]
[[  4.78843581e-03  -1.39669956e-03  -3.44537407e-05]]
[[  1.84647223e-03   2.20941085e-03   7.43084333e-05]]
[[ 0.00641256 -0.00457373  0.00021426]]
[[ 0.00714444 -0.00754141 -0.00059198]]
[[ 0.0063928  -0.00507093 -0.00080705]]
[[ 0.00749773 -0.00811376 -0.0018001 ]]
[[ 0.00594963 -0.00337751 -0.00176918]]
[[ 0.00264802 -0.00132195  0.00229635]]
[[-0.00301086 -0.00038664 -0.00344049]]
[[-0.0022724   0.00663344 -0.00062148]]
[[-0.00199847  0.00589546 -0.00047496]]
[[ 0.00673448 -0.01042405 -0.00167054]]
[[ 0.00775173 -0.01174035 -0.00293458]]
[[ 0.00505189 -0.00175176 -0.00076606]]
[[  4.93458525e-03  -4.11462835e-04  -8.98935258e-05]]
[[ 0.00710201 -0.00642021  0.00049621]]
[[ 0.00628999 -0.00336404  0.00084879]]
[[ 0.00135128  0.00281699 -0.0003657 ]]
[[ 0.00692932 -0.01008666  0.00077085]]
[[ 0.00652024 -0.00485942  0.00064608]]
[[ 0.00315033  0.00021609 -0.0005165 ]]
[[-0.00179413  0.00662155 -0.00046195]]
[[ 0.00431636 -0.00234496  0.00125223]]
[[ 0.00832667 -0.0075799   0.00111522]]
[[-0.00118524  0.00307271 -0.00029371]]
[[ 0.00453134 -0.004303    0.0024231 ]]
[[-0.00061229  0.00122414  0.00043564]]
[[-0.00394582  0.00611624 -0.00036504]]
[[ 0.00101428 -0.00082603  0.00378365]]
[[ 0.00699539 -0.00614341  0.00212099]]
[[-0.0026401   0.00213668 -0.00066902]]
[[-0.00417662 -0.00302298  0.00153926]]
[[ -1.85982806e-03  -3.95879537e-05  -1.05568162e-03]]
[[ -8.10644988e-04   4.29691361e-05  -3.23974985e-04]]
[[-0.00131574 -0.00044196 -0.00025669]]
[[-0.00159325  0.00085715 -0.00215612]]
[[ 0.00041882  0.00217564 -0.00191021]]
[[ 0.00285487  0.00489278  0.00105122]]
[[ 0.00108043  0.00244971  0.00179348]]
[[ 0.00195805  0.00385477  0.00390572]]
[[ -6.56752037e-05   1.60120009e-03   1.49979271e-03]]
[[-0.00038547  0.00070822  0.00039332]]
[[ -4.37452416e-04   9.37708112e-04  -6.95539640e-05]]
[[-0.00259492 -0.00039474 -0.00044522]]
[[ -8.14688888e-04  -1.88679765e-04   4.08876589e-05]]
[[-0.00120225 -0.00048957  0.0002042 ]]
[[-0.00232633  0.00273083 -0.0048963 ]]
[[ 0.00675525  0.00656299  0.00103185]]
[[ 0.00323119  0.00439126  0.00557907]]
[[-0.00059799  0.00031475  0.00048303]]
[[ 0.00016903  0.00169726  0.00373956]]
[[-0.00058434  0.00059831  0.00168459]]
[[-0.00054774  0.00106165  0.00272514]]
[[ 0.00091546  0.00263884  0.00506543]]
[[-0.00071246  0.00030934  0.00117775]]
[[-0.00129027 -0.00032176  0.00280995]]
[[-0.000753    0.00020473  0.0055119 ]]
[[ 0.00254691  0.0038563   0.00586458]]
[[-0.00141594 -0.0003099   0.00388886]]
[[-0.00129927 -0.00041992  0.00168738]]
[[ -1.81531890e-05   9.09316160e-04   7.59667083e-03]]
[[-0.00293738 -0.00277622  0.00376544]]
[[-0.00178256 -0.00319617  0.00893722]]
[[ 0.00107379  0.00188108  0.00750269]]
[[-0.0027634  -0.00352585  0.00528466]]
[[-0.00265552 -0.00224029  0.00133252]]
[[ 0.00227741 -0.00347492  0.01153617]]
[[-0.00428478 -0.0050774   0.00360427]]
[[ 0.00109138 -0.00032589  0.00239577]]
[[ 0.00085641  0.0008567   0.00246427]]
[[ 0.00172097 -0.00024901  0.00230131]]
[[ 0.00084371  0.0009986   0.00256927]]
[[ 0.00145554 -0.0005783   0.00274949]]
[[ 0.00077513  0.00102018  0.00341643]]
[[ 0.00014329 -0.00220432  0.00209044]]
[[-0.00026614 -0.00225392  0.00148019]]
[[ 0.0006746  -0.00196525  0.00156456]]
[[  3.02039530e-05  -2.06299114e-03   1.25822568e-03]]
[[ 0.00048269 -0.00171327  0.00160331]]
[[ 0.00018033  0.00028552  0.00214748]]
[[-0.00010881  0.00117696  0.00178022]]
[[-0.0001626   0.00143044  0.00199527]]
[[-0.00023229  0.0017097   0.0025431 ]]
[[-0.00082897 -0.00172276  0.00115163]]
[[-0.0006508  -0.00163751  0.00074506]]
[[-0.00025247 -0.00165373  0.00124633]]
[[ 0.0014675  -0.00040686  0.00354066]]
[[-0.00073242 -0.00226369  0.00232788]]
[[-0.00020452 -0.00224354  0.0031871 ]]
[[ 0.00032798  0.00118412  0.00397948]]
[[-0.00112225 -0.00166249  0.00196237]]
[[-0.00105563 -0.0020584   0.00371657]]
[[ 0.00034974  0.00010075  0.00439915]]
[[-0.00042849  0.00201544  0.00303672]]
[[-0.00099623 -0.00144126  0.00517723]]
[[-0.00132537 -0.00163665  0.00336539]]
[[-0.00095213  0.00157913  0.00480696]]
[[-0.00083133 -0.00141693  0.00640532]]
[[-0.00137646  0.00178993  0.00469859]]
[[-0.00116858  0.00220518  0.00372455]]
[[-0.0009615   0.00081164  0.00701988]]
[[-0.00091028 -0.00161578  0.00531858]]
[[-0.00142826  0.00162104  0.00204867]]
[[-0.00399586 -0.001176    0.00364758]]
[[-0.00284319  0.00195082 -0.00577905]]
[[-0.00575252  0.00016657 -0.00632005]]
[[-0.0039131   0.00227818 -0.00749881]]
[[-0.00171587  0.00236936 -0.00595252]]
[[  4.83171559e-05   2.15564995e-03  -5.70273905e-03]]
[[ 0.00297539  0.00478801 -0.00172784]]
[[ 0.00087058  0.0018087  -0.0007094 ]]
[[ 0.00194161  0.00367829  0.00201279]]
[[-0.00145033  0.00155659 -0.00131013]]
[[-0.00263034  0.00157862 -0.00280486]]
[[-0.00213046  0.00136118 -0.00376263]]
[[-0.00326063  0.00242948 -0.00435424]]
[[-0.00969909  0.00062957 -0.00490302]]
[[-0.00454234  0.00427021 -0.00771252]]
[[-0.00202058  0.00393447 -0.00729603]]
[[ 0.00722187  0.0065004  -0.0011474 ]]
[[ 0.00377496  0.00427005  0.00395964]]
[[-0.00267289  0.00182118 -0.00328671]]
[[-0.00015815  0.00146899  0.00160078]]
[[ -3.52086799e-03  -8.72255158e-05  -1.03926533e-03]]
[[-0.00198368  0.00080698  0.00071803]]
[[ 0.00070838  0.00346931  0.0026376 ]]
[[-0.00471528 -0.00041016 -0.00250011]]
[[-0.00327461 -0.00056314  0.00010499]]
[[-0.0007814   0.00163524  0.0018121 ]]
[[ 0.00318566  0.00455527  0.00379778]]
[[-0.00234263  0.00034811  0.00107084]]
[[-0.00352456 -0.00060233 -0.00220043]]
[[ 0.00041374  0.00267016  0.0021027 ]]
[[-0.00254434 -0.00084422  0.00120971]]
[[  1.27075030e-05   1.79451824e-03   1.27007436e-03]]
[[ 0.00183742  0.00276465  0.00340608]]
[[-0.00071896  0.00082578  0.0018652 ]]
[[-0.00549372 -0.00194553  0.00315325]]
[[ 0.00118509  0.00174771  0.00131848]]
[[-0.00027072  0.00121197  0.00146821]]
[[ 0.00346633  0.00140703  0.0019872 ]]
[[ 0.00281318  0.00285817  0.00185853]]
[[ 0.00471905  0.00095371  0.0015925 ]]
[[ 0.00326861  0.00286753  0.00170617]]
[[ 0.0048684   0.00086527  0.00148875]]
[[ 0.00353712  0.00292498  0.0015664 ]]
[[ 0.00463132 -0.00229558  0.00102833]]
[[ 0.00480284 -0.0047448   0.00032624]]
[[ 0.00463059 -0.00226217  0.00037151]]
[[ 0.00475363 -0.00440165 -0.00055529]]
[[ 0.00390949 -0.00074174 -0.00029752]]
[[ 0.00189784  0.00220214  0.00216455]]
[[ 0.00106975  0.00318657  0.00147127]]
[[ 0.00137338  0.0033263   0.00126223]]
[[ 0.00162667  0.0035121   0.00102202]]
[[ 0.00335127 -0.00747479 -0.00093635]]
[[ 0.00290838 -0.00776662 -0.00275088]]
[[  3.01538094e-03  -8.60358157e-05  -2.82943090e-04]]
[[ 0.00503316  0.00154518  0.00090281]]
[[ 0.0047607  -0.00395294  0.00099805]]
[[ 0.00457141 -0.00121751  0.00112602]]
[[ 0.00338096  0.00302719  0.00027578]]
[[ 0.00378606 -0.00744953  0.00103501]]
[[ 0.00413681 -0.00181125  0.00027524]]
[[ 0.00394203  0.00187967 -0.00064794]]
[[ 0.00170564  0.00347334  0.00019051]]
[[  3.26946713e-03  -1.79667415e-05   6.35570578e-05]]
[[ 0.00421107 -0.00429263  0.00071594]]
[[ 0.00201684  0.0024064  -0.00106028]]
[[ 0.00255995  0.00022694 -0.00023523]]
[[ 0.00196627  0.00188353 -0.00134612]]
[[ 0.00117644  0.00257799 -0.00066518]]
[[ 0.00217222  0.00123446 -0.00069212]]
[[ 0.00217256 -0.00124104  0.0014869 ]]
[[ 0.00142721  0.00198557 -0.00156106]]
[[ 0.00201038  0.00160501 -0.00121154]]
[[ 0.00213684 -0.00019706 -0.00411876]]
[[-0.00149941 -0.00353597 -0.00484689]]
[[ 0.00150707 -0.00172579 -0.00504078]]
[[ 0.00150562  0.00229828 -0.0048568 ]]
[[ 0.00302619  0.00295842 -0.00438569]]
[[ 0.00494195  0.00633107 -0.00103037]]
[[ 0.00361785  0.00349766 -0.00035025]]
[[ 0.00373052  0.00528979  0.00181379]]
[[ 0.00242801  0.00068434 -0.00110791]]
[[ 0.00099818 -0.00122764 -0.00260694]]
[[ 0.0017129  -0.00045114 -0.00231436]]
[[ 0.00216146 -0.00079458 -0.00245084]]
[[-0.00621124 -0.00259801 -0.00382283]]
[[ 0.00177063 -0.00053478 -0.00528252]]
[[ 0.00031901  0.00404243 -0.00676704]]
[[ 0.0083641   0.00776555 -0.00069292]]
[[ 0.00464833  0.00548082  0.00378229]]
[[ 0.00013766 -0.00101095 -0.00326483]]
[[ 0.00251561  0.00310937  0.00168732]]
[[ 0.00035327 -0.00219874 -0.00145378]]
[[ 0.00234048  0.00041841  0.00090016]]
[[ 0.00276143  0.00418251  0.00296011]]
[[-0.00186253 -0.0025985  -0.00277952]]
[[ 0.00119784 -0.00240281  0.00011534]]
[[ 0.00203608  0.00189074  0.00343664]]
[[ 0.00410778  0.00490621  0.00391054]]
[[ 0.00211798 -0.00033937  0.00207286]]
[[-0.00039409 -0.00256247 -0.00229723]]
[[ 0.00258506  0.00234219  0.00533819]]
[[ 0.00033751 -0.00372829  0.00206121]]
[[ 0.002423   -0.00146983  0.00683082]]
[[ 0.00347737  0.00277944  0.00539247]]
[[ 0.0019019  -0.00259082  0.00422747]]
[[-0.00310406 -0.00450991  0.00221838]]
[[ 0.00828835 -0.00261463  0.00969111]]
[[ 0.00167281 -0.00511622  0.00294057]]
[[ 0.00281563  0.00014555  0.00062777]]
[[ 0.00236824  0.00132598  0.00057926]]
[[ 0.00316385  0.00026049  0.00017603]]
[[ 0.00221017  0.00139601  0.00034638]]
[[  2.84971348e-03  -7.44438639e-05   2.18935868e-04]]
[[ 0.00226533  0.00127276  0.00066904]]
[[ 0.00158653 -0.00166695 -0.00056905]]
[[ 0.00106293 -0.00169897 -0.00082382]]
[[ 0.00212125 -0.00149773 -0.00057846]]
[[ 0.00149566 -0.00165925 -0.00058413]]
[[  2.07973776e-03  -1.29103115e-03  -9.77387460e-05]]
[[ 0.00231548  0.00063321  0.00067571]]
[[ 0.00145344  0.00159994  0.00022895]]
[[ 0.00115191  0.00176556  0.00020084]]
[[ 0.00115493  0.00181817  0.00044245]]
[[ 0.00040561 -0.00125773 -0.00068278]]
[[ 0.00071974 -0.00132391 -0.00062948]]
[[  1.39485512e-03  -1.01942330e-03  -7.19923404e-05]]
[[  3.12637956e-03   3.46133753e-05   3.13541204e-04]]
[[ 0.00068874 -0.00166571 -0.00058382]]
[[ 0.00152419 -0.00175134 -0.00028588]]
[[ 0.00228393  0.00119597  0.00032913]]
[[ 0.00018065 -0.00111099 -0.00050326]]
[[ 0.00071157 -0.00140599 -0.00029639]]
[[  2.72530889e-03   2.55260267e-04  -3.07544622e-05]]
[[ 0.00138796  0.00177214  0.00035707]]
[[  1.39681340e-03  -1.16789256e-03   6.08639423e-05]]
[[ 0.00024922 -0.0010003  -0.00017152]]
[[ 0.00193331  0.0011427  -0.00013601]]
[[ 0.00126765 -0.00070055  0.00020026]]
[[ 0.00217089  0.0011302  -0.00059335]]
[[  1.55000975e-03   1.63337358e-03  -2.96168642e-05]]
[[  1.96993802e-03   7.91176948e-05   1.79401730e-05]]
[[ 0.00086574 -0.00072798  0.0002669 ]]
[[ 0.00175354  0.0017061  -0.00121295]]
[[ 0.00189401  0.00035068 -0.00043374]]
