[[-0.00214768  0.00058852 -0.00111111]]
[[-0.00109359  0.00062647 -0.00096034]]
[[-0.00159891  0.00020806 -0.00070257]]
[[-0.00198422  0.00139302 -0.00265396]]
[[ 0.00013674  0.00290317 -0.0028096 ]]
[[ 0.00262196  0.00559117 -0.00019381]]
[[ 0.001058    0.00336957  0.00022828]]
[[ 0.00198724  0.00476519  0.00198284]]
[[ -1.31721290e-04   2.42961608e-03   1.96530417e-05]]
[[-0.00048151  0.00144413 -0.00070185]]
[[-0.00072796  0.00157676 -0.00100458]]
[[ -2.65275384e-03   9.06965252e-05  -1.84554095e-04]]
[[-0.00113168  0.00034513 -0.00053522]]
[[-0.00152076  0.00022481 -0.00016129]]
[[-0.00285717  0.00322868 -0.00528552]]
[[  6.35899458e-03   7.28838104e-03  -4.08973774e-05]]
[[ 0.00307902  0.00535455  0.00393996]]
[[-0.00075153  0.00098171 -0.00037372]]
[[ 0.00051181  0.00296071  0.00135121]]
[[ -3.57121469e-04   1.65723965e-03   9.59026239e-05]]
[[-0.00023799  0.00231254  0.00055646]]
[[ 0.00134141  0.00392918  0.00199536]]
[[ -5.73844148e-04   1.27730532e-03   1.92298382e-05]]
[[-0.00042688  0.00154034  0.00045509]]
[[ 0.00028673  0.00231713  0.00162847]]
[[ 0.00273591  0.00504158  0.00326935]]
[[-0.00032114  0.00191027  0.0007601 ]]
[[-0.00060059  0.00122654  0.00023878]]
[[ 0.00071252  0.0025251   0.00187508]]
[[-0.0005795   0.00122539  0.00055933]]
[[ 0.00010438  0.00175689  0.00138234]]
[[ 0.00119194  0.00275448  0.00315887]]
[[-0.00038845  0.00147964  0.00093094]]
[[-0.00070319  0.00100005  0.00027248]]
[[ 0.00062198  0.00160129  0.00152766]]
[[-0.00085143  0.00098367  0.00083453]]
[[-0.00041513  0.00089458  0.00110395]]
[[ 0.00041645  0.00270052  0.00088592]]
[[ 0.00077354  0.00248025  0.00078134]]
[[ 0.00104589  0.00372259  0.00112739]]
[[ 0.0003055   0.00303578  0.00068986]]
[[ 0.00134282  0.00407477  0.00134665]]
[[-0.00294986 -0.00139685 -0.00086405]]
[[-0.0019907  -0.00249904 -0.0008655 ]]
[[ -2.02799494e-03  -1.45293603e-03   7.12549644e-05]]
[[ -7.53950818e-04  -2.22074122e-03  -6.68677970e-05]]
[[ -1.09057050e-03  -8.83559026e-04   5.46555359e-05]]
[[-0.00119291  0.00060271  0.00161628]]
[[ -4.80644767e-05   2.68895822e-03   3.66695332e-04]]
[[ 0.00073894  0.00325045  0.0007454 ]]
[[ 0.0010546   0.00351878  0.00105404]]
[[-0.00093848 -0.00220543 -0.00094986]]
[[ 0.00074335 -0.00218836 -0.00034238]]
[[-0.00334595 -0.00043453  0.00045282]]
[[ 0.0005738   0.00302198  0.00073294]]
[[-0.00224592 -0.0021425  -0.00137372]]
[[-0.00251992 -0.00101067 -0.00086752]]
[[ 0.00066927  0.00398565  0.00098581]]
[[-0.00116873 -0.00162871 -0.00052928]]
[[-0.00217675 -0.00188422 -0.00093565]]
[[-0.00096252  0.00266723  0.00029157]]
[[ 0.0008717   0.00359375  0.00093438]]
[[-0.0032785  -0.00094757 -0.00064658]]
[[ -6.29353993e-04  -1.42167802e-03  -6.06045339e-05]]
[[-0.000891    0.00352348  0.000544  ]]
[[-0.00170669 -0.00161531 -0.00056536]]
[[ -1.83765294e-03   2.69790668e-03  -1.84983468e-05]]
[[ 0.00016269  0.0031949   0.00077709]]
[[ -2.48910241e-03   5.41741697e-05  -6.62210825e-05]]
[[ 0.00065252 -0.00072514 -0.00073364]]
[[ -6.59917350e-04   2.75956740e-03   4.13680989e-05]]
[[-0.00196853  0.00035583  0.00034784]]
[[-0.0017931  -0.00221169 -0.0011544 ]]
[[-0.00092532 -0.00184978 -0.00101604]]
[[-0.00149053 -0.00235685 -0.00062094]]
[[-0.00100642 -0.00154614 -0.00244436]]
[[ 0.00135663 -0.00034069 -0.00264801]]
[[ 0.00453786  0.00274864  0.0001095 ]]
[[  2.90622361e-03  -8.00646190e-05   2.54967244e-05]]
[[ 0.00441893  0.00224237  0.00192518]]
[[ 0.00064335 -0.00063467 -0.00047703]]
[[-0.00016451 -0.00131462 -0.00100981]]
[[-0.00021449 -0.00131332 -0.00112179]]
[[-0.00243511 -0.00229584 -0.00029289]]
[[-0.00100651 -0.00187029 -0.00071598]]
[[-0.00137172 -0.00200636  0.00023577]]
[[-0.00143326  0.00084528 -0.00563851]]
[[ 0.00841752  0.00543266  0.00037357]]
[[ 0.00560527  0.00403966  0.00420632]]
[[-0.00059408 -0.00145359 -0.00073717]]
[[ 0.00251682 -0.00031985  0.00083299]]
[[  5.22973039e-05  -1.13940401e-03  -5.79239568e-04]]
[[ 0.00069218 -0.00066217 -0.00010469]]
[[ 0.0038967   0.00154508  0.00174311]]
[[-0.00037309 -0.00123724 -0.00059842]]
[[ 0.00012005 -0.00117225 -0.00031169]]
[[ 0.0023144  -0.00075558  0.0009918 ]]
[[ 0.00553361  0.00389517  0.00338229]]
[[  6.51381200e-04  -9.46052083e-04   1.98189781e-05]]
[[-0.00030402 -0.00121553 -0.0004845 ]]
[[ 0.00317899  0.00037142  0.00158072]]
[[ -1.63143334e-05  -1.36883435e-03  -1.90229204e-04]]
[[ 0.00161207 -0.00107874  0.00087102]]
[[ 0.00375564  0.00184294  0.00335599]]
[[  4.26481441e-04  -1.18072117e-03   4.04846800e-05]]
[[-0.0003772  -0.00133069 -0.00044617]]
[[ 0.00239698 -0.00096108  0.00168813]]
[[ -1.46325151e-05  -1.29719826e-03  -1.11096759e-04]]
[[ 0.00112836 -0.00298055  0.00024879]]
[[ 0.00083866 -0.00147584 -0.00049345]]
[[ 0.00182675 -0.00028572 -0.00071118]]
[[  1.57392896e-04   3.18502629e-03  -6.92922938e-05]]
[[ 0.00071711  0.00095607 -0.00023174]]
[[ 0.00030343  0.00359384  0.00028796]]
[[-0.00159115 -0.00350185 -0.00129369]]
[[-0.00051134 -0.00477837 -0.00115007]]
[[-0.00035079 -0.00390532 -0.00019697]]
[[  6.15571227e-04  -4.43730376e-03   8.15621526e-05]]
[[ 0.00095703 -0.00420575  0.00064368]]
[[ 0.00011949 -0.00338839  0.00044504]]
[[-0.00243294 -0.00157142 -0.00408206]]
[[-0.00161911  0.00678411 -0.00053237]]
[[ -1.62648412e-03   6.52111169e-03   4.51228783e-05]]
[[ 0.0001327  -0.00435482 -0.00075656]]
[[ 0.00031519 -0.00402232 -0.00020164]]
[[ 0.00017255 -0.00383547  0.001019  ]]
[[  9.46121930e-04   1.35937315e-03  -9.34292197e-05]]
[[-0.00077527 -0.0044753  -0.00188889]]
[[-0.00122163 -0.00300079 -0.0012894 ]]
[[-0.00058012  0.00392759  0.00039526]]
[[ 0.00010567 -0.00398395 -0.00113241]]
[[-0.00078955 -0.00424289 -0.00136114]]
[[-0.00077029  0.00080597  0.00022343]]
[[-0.00176181  0.00715042  0.0007832 ]]
[[-0.00199608 -0.00307479 -0.00078772]]
[[  8.15114511e-05  -3.70977686e-03  -8.18206148e-04]]
[[-0.002161    0.00280987  0.00106153]]
[[-0.00058135 -0.00411562 -0.0006994 ]]
[[-0.00083281 -0.00065085  0.00156568]]
[[-0.00358198  0.00533555  0.00253291]]
[[-0.00063156 -0.00279091 -0.00075205]]
[[ 0.00046031 -0.00370159 -0.00036714]]
[[ 0.00186243 -0.0011299   0.00175428]]
[[ 0.00079252 -0.00250661 -0.00111023]]
[[-0.0006844   0.001539   -0.00089792]]
[[ 0.00037657  0.00091616 -0.00247031]]
[[ 0.00045605  0.00110775 -0.00239003]]
[[-0.00081075  0.00177753 -0.00385883]]
[[ 0.00162492  0.00321637 -0.00392419]]
[[ 0.00406122  0.00586075 -0.00099573]]
[[ 0.00236412  0.00341904 -0.00045725]]
[[ 0.00324263  0.00468199  0.00150121]]
[[ 0.00115103  0.00257773 -0.00069781]]
[[ 0.0007593   0.00170462 -0.0016217 ]]
[[ 0.00073468  0.00194164 -0.0021722 ]]
[[-0.00081205  0.00181241  0.00337574]]
[[ 0.00018842  0.00042682 -0.00172045]]
[[ 0.0011189   0.00032278 -0.00158745]]
[[-0.0016938   0.00381817 -0.00682204]]
[[ 0.0079749   0.00731291 -0.00054377]]
[[ 0.00448006  0.00496889  0.00364675]]
[[ 0.00042602  0.00120312 -0.00110036]]
[[ 0.00172893  0.00280692  0.00093651]]
[[ 0.00079823  0.0018262  -0.00042691]]
[[ 0.00098665  0.00232277  0.00012334]]
[[ 0.00250985  0.00360436  0.00167406]]
[[ 0.00055406  0.00145973 -0.0003572 ]]
[[ 0.00070542  0.00162236  0.00017151]]
[[ 0.00146407  0.00203972  0.00139052]]
[[ 0.00401691  0.0043863   0.00303977]]
[[ 0.0008533   0.00182518  0.00052433]]
[[  5.22766049e-04   1.34925539e-03   7.27093218e-05]]
[[ 0.00182745  0.00206673  0.00167321]]
[[ 0.00055052  0.00124681  0.00045411]]
[[ 0.00123042  0.0014378   0.00126293]]
[[ 0.002435    0.0019727   0.00299032]]
[[ 0.00069997  0.0013257   0.00084759]]
[[ 0.00042563  0.00108504  0.00025747]]
[[ 0.00186431  0.00109348  0.00143169]]
[[ 0.00027411  0.00075164  0.00083563]]
[[ 0.00369208  0.00145457  0.00386729]]
[[ 0.00299459  0.00279871  0.00281807]]
[[ 0.00448724  0.00174869  0.00207558]]
[[ 0.00322106  0.0034082   0.00170691]]
[[ 0.00463588  0.00161909  0.00110615]]
[[ 0.00351056  0.00324641  0.00099851]]
[[ 0.00388185 -0.00097346  0.00010257]]
[[ 0.00313015 -0.00159975  0.00023421]]
[[ 0.00390137 -0.00088735  0.00110899]]
[[ 0.00293226 -0.00139407  0.0014572 ]]
[[ 0.00339584 -0.00081822  0.00289039]]
[[ 0.00297228  0.00127015  0.00518215]]
[[ 0.00154862  0.00305469  0.00175068]]
[[ 0.00143672  0.00375548  0.00127182]]
[[ 0.0016506   0.00376183  0.00077133]]
[[  2.23264368e-03  -1.62944879e-03  -7.02226616e-06]]
[[ 0.00216806 -0.00134846  0.00063229]]
[[ 0.00217816 -0.00072527  0.00404242]]
[[ 0.00488988  0.00158641  0.00016954]]
[[ 0.00281385 -0.00151454 -0.00059299]]
[[ 0.00363534 -0.00108752 -0.00062224]]
[[ 0.00337333  0.00287395 -0.00028604]]
[[ 0.00200517 -0.00141392 -0.00056581]]
[[ 0.00230427 -0.00122168 -0.00113611]]
[[ 0.00387422  0.0013676  -0.00111971]]
[[  1.74594234e-03   3.35591318e-03  -9.05520258e-05]]
[[ 0.00263526 -0.00064963 -0.00101469]]
[[ 0.00157642 -0.00113408 -0.00080491]]
[[ 0.00200998  0.00197109 -0.00124033]]
[[ 0.00187298 -0.00051123 -0.0008914 ]]
[[ 0.00195432  0.00120216 -0.00132136]]
[[ 0.00120989  0.00224563 -0.00076635]]
[[ 0.00201917  0.00027413 -0.00091198]]
[[ 0.00141057 -0.00070813 -0.00053113]]
[[ 0.00133893  0.00151599 -0.00130488]]
[[ 0.00177427  0.0001494  -0.00108485]]
[[ 0.00013848  0.00088256 -0.00311864]]
[[ 0.00151607 -0.00207418 -0.00426171]]
[[ 0.00133082 -0.00135595 -0.00322986]]
[[-0.00023985  0.00312224 -0.0061441 ]]
[[ 0.00324064  0.00395525 -0.00535627]]
[[ 0.00532725  0.00768173 -0.00110416]]
[[  4.07192055e-03   4.31728253e-03   9.47452564e-05]]
[[ 0.00386596  0.00725012  0.00307862]]
[[  3.95242816e-03   1.26092276e-03   9.19752488e-05]]
[[ 0.00291548 -0.00143567 -0.0022279 ]]
[[ 0.00354846  0.00038901 -0.0028312 ]]
[[-0.00146992  0.00050156  0.00167639]]
[[ 0.00056938 -0.00333811 -0.00331569]]
[[ 0.00067033 -0.00199787 -0.00156694]]
[[-0.00213054  0.00614777 -0.00985828]]
[[ 0.00748352  0.01032012 -0.00109282]]
[[ 0.00369396  0.00873946  0.00473746]]
[[ 0.00169545 -0.00263145 -0.00187714]]
[[ 0.00190794  0.00435102  0.00303217]]
[[  2.24835047e-03  -1.21182071e-03   8.06619684e-05]]
[[ 0.00262573  0.00141513  0.00221105]]
[[ 0.00170294  0.00670268  0.00455888]]
[[ 0.00155537 -0.00253969 -0.00038678]]
[[ 0.00139932 -0.00121236  0.00157551]]
[[ 0.00024272  0.00394132  0.00421235]]
[[ 0.00251262  0.00859488  0.005436  ]]
[[ 0.00113588  0.00118392  0.00287935]]
[[ 0.00088391 -0.00267683  0.00057531]]
[[ 0.00043345  0.00531177  0.0052485 ]]
[[-0.00015377 -0.00097199  0.00245191]]
[[-0.00113011  0.00297325  0.00489119]]
[[ 0.00063038  0.00646217  0.00623139]]
[[-0.00089358  0.00148871  0.00408647]]
[[-0.00042069 -0.00218381  0.00195059]]
[[-0.00188377  0.00353584  0.0047611 ]]
[[-0.00287289  0.00128992  0.00379887]]
[[  2.74944753e-03  -6.19772443e-05  -7.50186252e-05]]
[[ 0.00020364  0.00143967 -0.00102179]]
[[  3.14909839e-03  -1.11628024e-05  -1.16337580e-03]]
[[-0.00092174  0.00470378 -0.00024892]]
[[ 0.00266901  0.00033704  0.00038501]]
[[-0.00077508  0.00442646  0.00092048]]
[[ 0.00477314 -0.00298822  0.0008341 ]]
[[ 0.00582875 -0.0060652  -0.00025449]]
[[ 0.00500348 -0.00352543 -0.00075704]]
[[ 0.00644424 -0.00672577 -0.00193316]]
[[ 0.00491898 -0.00201087 -0.00217049]]
[[ 0.00130723 -0.00015113  0.00140191]]
[[-0.00553486  0.00164885 -0.00439976]]
[[-0.00556643  0.00900237 -0.00094885]]
[[ -5.52631728e-03   8.33919017e-03  -1.10206446e-05]]
[[ 0.00561069 -0.00904454 -0.00129192]]
[[ 0.00680611 -0.01044689 -0.00290485]]
[[ 0.00431104 -0.00067766 -0.00136641]]
[[ 0.00269641  0.0011936   0.00123117]]
[[ 0.00563411 -0.00504005  0.00149588]]
[[ 0.00452473 -0.00186739  0.00224754]]
[[-0.00126117  0.00491916  0.00138932]]
[[ 0.0057468  -0.00879927  0.00165939]]
[[ 0.00509052 -0.00368417  0.00249998]]
[[ 0.0009432   0.00180367  0.00188339]]
[[-0.00528517  0.0088798   0.00075869]]
[[ 0.00263974 -0.0009273   0.00379318]]
[[ 0.00729209 -0.00650166  0.00267119]]
[[-0.00368896  0.00528577  0.00251884]]
[[ 0.00368191 -0.00341922  0.00571469]]
[[-0.00245156  0.00325666  0.00396346]]
[[-0.00700309  0.00838005  0.00151345]]
[[ 0.00025964  0.00114076  0.00816149]]
[[ 0.00670665 -0.00550617  0.00466969]]
[[-0.00439168  0.00410343  0.00264039]]
[[-0.00297697 -0.00142516  0.00647885]]
[[ -1.79421498e-03   6.70840701e-05  -1.21757217e-03]]
[[-0.00073169  0.00017799 -0.00046587]]
[[-0.00124783 -0.00032847 -0.00040061]]
[[-0.00151788  0.00097933 -0.00233019]]
[[ 0.0005115   0.00232635 -0.00211592]]
[[ 0.00295021  0.00504828  0.00081415]]
[[ 0.00120561  0.00265508  0.00151965]]
[[ 0.00208966  0.0040722   0.00359318]]
[[  4.62945506e-05   1.80041969e-03   1.27231050e-03]]
[[-0.00027681  0.00089649  0.00021396]]
[[-0.0003535   0.00108261 -0.00024604]]
[[-0.00255344 -0.00032833 -0.00060032]]
[[ -7.45514590e-04  -5.45328355e-05  -5.59497457e-05]]
[[ -1.13394627e-03  -3.71872634e-04   7.35373104e-05]]
[[-0.00226231  0.00283789 -0.0050481 ]]
[[ 0.00683538  0.0067016   0.00082517]]
[[ 0.00334527  0.00459443  0.0052941 ]]
[[-0.00050333  0.00049923  0.00036275]]
[[ 0.00034463  0.00199488  0.00337152]]
[[-0.00043307  0.00086365  0.00146325]]
[[-0.0003892   0.00135713  0.00242727]]
[[ 0.0011138   0.00299179  0.00463021]]
[[-0.00058173  0.0005669   0.00103796]]
[[ -1.06853324e-03   8.04109090e-05   2.50933984e-03]]
[[-0.00047938  0.00069743  0.00500072]]
[[ 0.00272637  0.00419591  0.00544228]]
[[-0.00117262  0.00015873  0.00351298]]
[[ -1.11158298e-03  -4.47057940e-05   1.52127195e-03]]
[[ 0.00028112  0.00150145  0.00698167]]
[[-0.00259805 -0.00212401  0.0033971 ]]
[[-0.00131988 -0.00228693  0.00817812]]
[[ 0.00134934  0.0024835   0.00688332]]
[[-0.00240673 -0.00278507  0.0048615 ]]
[[-0.00237602 -0.00166615  0.00117817]]
[[ 0.00277091 -0.00228204  0.01059806]]
[[-0.0039883  -0.00435367  0.0032259 ]]
[[ 0.00112466 -0.00021899  0.00215604]]
[[ 0.00090091  0.00096644  0.00219623]]
[[  1.76234049e-03  -9.35322876e-05   1.97678235e-03]]
[[ 0.00090799  0.00114765  0.00219139]]
[[ 0.00150824 -0.00033732  0.00227794]]
[[ 0.00086044  0.00125256  0.00284451]]
[[ 0.00017223 -0.00196122  0.00167917]]
[[-0.00025655 -0.00201853  0.0011473 ]]
[[ 0.00070337 -0.00180788  0.00126616]]
[[  4.32598231e-05  -1.90577922e-03   1.01671864e-03]]
[[ 0.00050379 -0.00159447  0.00137357]]
[[ 0.0002245   0.00033821  0.00193759]]
[[ -7.01567266e-05   1.26299605e-03   1.54694125e-03]]
[[-0.00010553  0.00154797  0.00165913]]
[[-0.00015352  0.00189036  0.00203357]]
[[-0.00085578 -0.00149468  0.00091378]]
[[-0.0006647  -0.00148074  0.00056878]]
[[-0.00024441 -0.00152453  0.00104063]]
[[  1.53155085e-03   3.94823222e-06   2.81071354e-03]]
[[-0.00074308 -0.00190995  0.00187319]]
[[-0.00020054 -0.0018487   0.0026155 ]]
[[ 0.00041516  0.00161537  0.00306365]]
[[-0.00118103 -0.00132158  0.00164712]]
[[-0.00112809 -0.00147325  0.00309174]]
[[ 0.00037392  0.00087328  0.00320497]]
[[-0.00034018  0.00236243  0.00217729]]
[[-0.00109121 -0.0007411   0.00437284]]
[[-0.00146052 -0.00109019  0.00296369]]
[[-0.0010089   0.00250633  0.00323417]]
[[-0.00107096 -0.00039136  0.00554604]]
[[-0.00175299  0.00353286  0.00255483]]
[[-0.00120333  0.00303992  0.00201413]]
[[-0.00141064  0.00211401  0.00606109]]
[[-0.00122494 -0.00070581  0.00486039]]
[[-0.00266439  0.00402116 -0.00062645]]
[[ -4.52429353e-03  -2.79868568e-05   2.91314978e-03]]
[[-0.00300849  0.00207939 -0.00521772]]
[[-0.00591947  0.00028735 -0.00572916]]
[[-0.00410103  0.00236037 -0.00693369]]
[[-0.00190984  0.00251232 -0.00540664]]
[[-0.00020694  0.00232315 -0.00512145]]
[[ 0.00272158  0.00501101 -0.00114607]]
[[ 0.0005748   0.00207443 -0.00011478]]
[[ 0.00167364  0.00402155  0.00260704]]
[[-0.0017247   0.00179752 -0.00064683]]
[[-0.00283888  0.00176156 -0.00218016]]
[[-0.00235425  0.00151135 -0.00313885]]
[[-0.0033899   0.00259679 -0.00379549]]
[[-0.00978002  0.00070818 -0.00437413]]
[[-0.00479874  0.00424672 -0.00724775]]
[[-0.0022072   0.00412478 -0.00681598]]
[[ 0.00696548  0.00677749 -0.00067303]]
[[ 0.00350004  0.00466464  0.00442579]]
[[-0.00279612  0.00195817 -0.00273486]]
[[-0.00048247  0.0018496   0.00222517]]
[[-0.00376919  0.00019584 -0.00037997]]
[[-0.00232224  0.00114681  0.00140877]]
[[ 0.00041472  0.00393315  0.0032599 ]]
[[-0.00490297 -0.0001688  -0.00191905]]
[[-0.00362681 -0.00017142  0.00080003]]
[[-0.00114436  0.00216068  0.00246307]]
[[ 0.00289963  0.00507483  0.00427458]]
[[-0.00278424  0.00083756  0.00179756]]
[[-0.00388065 -0.000218   -0.00158508]]
[[ 0.00010951  0.00332698  0.00278084]]
[[-0.00308146 -0.00029367  0.00191328]]
[[-0.0003626   0.0025215   0.00194542]]
[[ 0.0015787   0.00347342  0.00390145]]
[[-0.00126017  0.00154881  0.00273439]]
[[-0.00612812 -0.00136738  0.00375021]]
[[ 0.00074829  0.00250574  0.00186573]]
[[-0.00110989  0.00207521  0.00239113]]
[[ 0.00186289  0.00023619  0.00051423]]
[[ 0.00156703  0.00112709  0.00066031]]
[[ 0.00268267 -0.00044784  0.00049221]]
[[ 0.00167114  0.00085202  0.00090876]]
[[ 0.00245775 -0.000683    0.00103384]]
[[ 0.00171595  0.0009902   0.00147906]]
[[ 0.00171503 -0.00274313  0.00085743]]
[[ 0.00210425 -0.00450002 -0.0001002 ]]
[[ 0.00215291 -0.00266485 -0.00052479]]
[[ 0.00253491 -0.00414546 -0.0015413 ]]
[[ 0.00198294 -0.0009574  -0.00164256]]
[[ 0.0008456   0.00093123  0.00054018]]
[[ 0.0003897   0.00131708  0.00052341]]
[[ 0.00049621  0.00122692  0.00061601]]
[[ 0.00055464  0.00146913  0.00084826]]
[[ 0.00094397 -0.00672925 -0.0010974 ]]
[[ 0.00084486 -0.00709561 -0.00340693]]
[[  1.25481996e-03   4.53144672e-05  -1.69241071e-03]]
[[ 0.00251476  0.00017325  0.00115651]]
[[ 0.00198511 -0.00364965  0.00142861]]
[[ 0.00167556 -0.00150857  0.00175335]]
[[ 0.00143397  0.00134457  0.000883  ]]
[[ 0.00135923 -0.00665574  0.00156581]]
[[ 0.00160041 -0.00133511  0.00144479]]
[[ 0.00147724  0.00081773  0.00046571]]
[[ 0.00051559  0.00168657  0.00053236]]
[[  7.19239095e-04  -6.57339763e-05   1.43714644e-03]]
[[ 0.00205266 -0.00338903  0.00187855]]
[[ 0.00042227  0.00136084  0.00036211]]
[[ 0.00048216  0.00079069  0.00146471]]
[[ 0.00038707  0.00144093  0.00033505]]
[[ 0.00012559  0.00147182  0.00021074]]
[[ 0.00035489  0.0014209   0.00120111]]
[[ 0.00040357 -0.00016478  0.0030734 ]]
[[  3.59023498e-04   1.41356675e-03   1.12816362e-05]]
[[ 0.00048905  0.00234874  0.0009286 ]]
[[ 0.00167374  0.00019741 -0.0041062 ]]
[[-0.00191999 -0.00304685 -0.00464267]]
[[ 0.00109386 -0.00127233 -0.00497147]]
[[ 0.00096767  0.00266622 -0.00477672]]
[[ 0.00242836  0.00336784 -0.00415069]]
[[ 0.00434829  0.00669075 -0.00066491]]
[[ 0.00297137  0.00389123  0.00020562]]
[[ 0.00316253  0.00564758  0.00253514]]
[[ 0.00188132  0.00111354 -0.0004247 ]]
[[ 0.00051135 -0.00076856 -0.00212591]]
[[  1.19525777e-03   1.58583111e-05  -1.98810653e-03]]
[[ 0.00166618 -0.00041313 -0.00251183]]
[[-0.00658881 -0.00207659 -0.00360832]]
[[  1.37537516e-03  -8.17502489e-05  -5.30292403e-03]]
[[-0.00029407  0.00439351 -0.00673813]]
[[ 0.00770571  0.00813782 -0.00045712]]
[[ 0.00402992  0.00587368  0.00429391]]
[[-0.00028428 -0.00051947 -0.00282137]]
[[ 0.00195001  0.00344908  0.00263706]]
[[-0.00010928 -0.0018175  -0.00060968]]
[[ 0.00186348  0.00073027  0.00198004]]
[[ 0.00232919  0.00450264  0.00407162]]
[[-0.00224613 -0.0021943  -0.00201908]]
[[ 0.00085849 -0.00220216  0.0013874 ]]
[[ 0.00173026  0.00213635  0.00478804]]
[[ 0.0036392   0.00529975  0.0047405 ]]
[[ 0.00188129 -0.00020654  0.00357606]]
[[-0.00061344 -0.00235842 -0.00115169]]
[[ 0.00248811  0.0026645   0.00683481]]
[[ 0.00036145 -0.00380136  0.00365653]]
[[ 0.00255157 -0.00133549  0.00849542]]
[[ 0.00334696  0.00323262  0.00650393]]
[[ 0.00215849 -0.00258235  0.00615362]]
[[-0.00291941 -0.00462672  0.00362949]]
[[ 0.00856137 -0.00265564  0.01124059]]
[[ 0.00231144 -0.00531709  0.00497901]]
[[ 0.00230337  0.00040099  0.00071554]]
[[ 0.00178232  0.00165305  0.00073697]]
[[ 0.00261529  0.0005079   0.00044971]]
[[ 0.0016019   0.00172432  0.00071682]]
[[ 0.0023342  0.0001426  0.0007144]]
[[ 0.00172779  0.00157531  0.00126205]]
[[  1.16206326e-03  -1.45872952e-03  -8.05009496e-05]]
[[ 0.00065463 -0.00148168 -0.00043201]]
[[ 0.00165618 -0.00125226 -0.00027126]]
[[ 0.00107245 -0.00140444 -0.00036772]]
[[  1.64277673e-03  -1.03394237e-03   3.10235178e-05]]
[[ 0.00176017  0.00084236  0.00070838]]
[[ 0.00074386  0.00191943  0.00030053]]
[[ 0.00042237  0.00209628  0.00046434]]
[[ 0.00049802  0.0021466   0.00091517]]
[[  5.66352988e-05  -1.01967372e-03  -3.66656998e-04]]
[[ 0.00034039 -0.00105207 -0.00045194]]
[[  1.01893345e-03  -8.28909829e-04  -4.34295085e-05]]
[[ 0.00272419  0.00021946  0.00102375]]
[[  3.54061502e-04  -1.49383203e-03  -2.23245828e-05]]
[[ 0.00121334 -0.00158286  0.00036719]]
[[ 0.00190865  0.00146602  0.00109912]]
[[ -7.94349506e-05  -9.22720477e-04  -5.09620730e-05]]
[[ 0.00051843 -0.00128543  0.00038683]]
[[ 0.00251043  0.00043185  0.00083166]]
[[ 0.00092054  0.0020975   0.00101177]]
[[ 0.00126694 -0.00103557  0.00082714]]
[[ 0.00013512 -0.00087011  0.00037934]]
[[ 0.00176522  0.00140545  0.00074351]]
[[ 0.00126938 -0.00064484  0.00095715]]
[[ 0.00219645  0.00125912  0.00036427]]
[[ 0.00134425  0.00197591  0.00074012]]
[[ 0.00205469  0.00017943  0.00084434]]
[[ 0.00094361 -0.00066112  0.00086379]]
[[ 0.00195554  0.00182523 -0.00027259]]
[[ 0.00212011  0.00047282  0.00038909]]
