[[-0.0021285   0.00058512 -0.00117531]]
[[-0.00106551  0.00062942 -0.00102585]]
[[-0.00157642  0.00020929 -0.00076538]]
[[-0.00196394  0.00138583 -0.00272163]]
[[ 0.00016775  0.00290018 -0.00288819]]
[[ 0.0026518   0.00557803 -0.00028548]]
[[ 0.00110464  0.00336257  0.00012645]]
[[ 0.00203299  0.00474108  0.00186501]]
[[ -8.19849954e-05   2.42681330e-03  -8.21765772e-05]]
[[-0.00043893  0.00145025 -0.00078405]]
[[-0.0006952   0.00157587 -0.00108353]]
[[ -2.63835833e-03   8.15101413e-05  -2.46947596e-04]]
[[-0.00110369  0.0003475  -0.00058747]]
[[-0.00149578  0.0002339  -0.0002132 ]]
[[-0.00284142  0.00321271 -0.00534351]]
[[ 0.00638251  0.00726418 -0.00011783]]
[[ 0.00311754  0.0053173   0.00384074]]
[[-0.00070925  0.00098723 -0.00043895]]
[[ 0.00058322  0.00294775  0.00122057]]
[[ -2.94214891e-04   1.66530925e-03  -6.49550242e-06]]
[[-0.00016115  0.0023104   0.00042994]]
[[ 0.00141906  0.0038968   0.00184806]]
[[ -5.10949258e-04   1.28443054e-03  -6.03151615e-05]]
[[-0.00032916  0.00155461  0.00032747]]
[[ 0.00040043  0.00229761  0.00146959]]
[[ 0.00280574  0.00498878  0.00314319]]
[[-0.00020127  0.00190812  0.00061073]]
[[-0.00050337  0.00123788  0.00014376]]
[[ 0.00083667  0.00246928  0.00169524]]
[[-0.00042594  0.0012479   0.00041728]]
[[ 0.00027933  0.00173022  0.00119634]]
[[ 0.00130613  0.0026679   0.00300902]]
[[-0.00021736  0.00146473  0.00075815]]
[[-0.00055541  0.00101904  0.0001739 ]]
[[ 0.00084998  0.0015473   0.00134555]]
[[-0.00064026  0.00094928  0.00066606]]
[[-0.0003994   0.00087118  0.00102887]]
[[ 0.00043861  0.00266452  0.00080425]]
[[ 0.00079843  0.00244511  0.00068262]]
[[ 0.00108282  0.00366655  0.00101612]]
[[ 0.00034798  0.00298052  0.00055406]]
[[ 0.00140377  0.00398795  0.00119174]]
[[-0.00289523 -0.00144472 -0.00103389]]
[[-0.00195115 -0.00253007 -0.0010028 ]]
[[ -1.99799022e-03  -1.48330176e-03  -4.75471142e-05]]
[[-0.00073078 -0.00224014 -0.00016313]]
[[ -1.07294366e-03  -8.99247907e-04  -3.33567809e-05]]
[[-0.00117918  0.00057654  0.00154695]]
[[ -3.18385599e-05   2.64372718e-03   3.02806878e-04]]
[[ 0.00076636  0.00318382  0.00066077]]
[[ 0.00110007  0.00341773  0.0009428 ]]
[[-0.00090041 -0.00223638 -0.00107773]]
[[ 0.00076225 -0.00220801 -0.00042915]]
[[-0.00333998 -0.00043549  0.00037798]]
[[ 0.0006505   0.00292725  0.00054705]]
[[-0.00216997 -0.00220164 -0.00157388]]
[[-0.00241464 -0.0010978  -0.00111256]]
[[ 0.00077005  0.00384246  0.00077746]]
[[-0.00108751 -0.00168311 -0.00072617]]
[[-0.00202492 -0.00200556 -0.00122586]]
[[ -8.23366552e-04   2.49181583e-03   4.76529698e-05]]
[[ 0.00094659  0.00343255  0.00079329]]
[[-0.00307735 -0.00111691 -0.00099666]]
[[-0.00045222 -0.00152785 -0.00036224]]
[[-0.00072409  0.00327822  0.00028341]]
[[-0.00140814 -0.0018663  -0.00095821]]
[[-0.00161726  0.00239568 -0.00029568]]
[[ 0.00028198  0.00293367  0.00061484]]
[[-0.00213352 -0.00026392 -0.00053062]]
[[ 0.00104403 -0.00095361 -0.0011616 ]]
[[-0.00047698  0.00247227 -0.00017761]]
[[ -1.42702321e-03  -2.74656596e-05  -1.82021021e-04]]
[[-0.0017908  -0.00219517 -0.00123816]]
[[-0.0009144  -0.00181922 -0.00110178]]
[[-0.00148428 -0.00233496 -0.00070167]]
[[-0.0010075  -0.00153122 -0.00253753]]
[[ 0.00136451 -0.0003098  -0.00276056]]
[[  4.53772699e-03   2.77048041e-03  -3.07092136e-05]]
[[  2.92259407e-03  -2.86466839e-05  -1.39317699e-04]]
[[ 0.00442282  0.00227994  0.00171779]]
[[ 0.00066113 -0.00058068 -0.00063062]]
[[-0.00014353 -0.0012623  -0.00112658]]
[[-0.00020522 -0.00128106 -0.00123037]]
[[-0.00243934 -0.00228979 -0.00037281]]
[[-0.00099908 -0.00183914 -0.00078286]]
[[-0.00136184 -0.0019765   0.00016966]]
[[-0.0014456   0.00085071 -0.00571953]]
[[ 0.00840125  0.00544145  0.00025381]]
[[ 0.00558605  0.00406218  0.00402423]]
[[-0.00057819 -0.00140152 -0.00082612]]
[[ 0.00255077 -0.00022483  0.00058579]]
[[  8.99724401e-05  -1.05146458e-03  -7.39477268e-04]]
[[ 0.00072756 -0.00056016 -0.00032191]]
[[ 0.0039205   0.0016451   0.00142631]]
[[-0.00034387 -0.00115124 -0.00071575]]
[[ 0.00019327 -0.00100463 -0.00054547]]
[[ 0.00239374 -0.00054542  0.00060978]]
[[ 0.00552236  0.00397366  0.00308554]]
[[ 0.00072928 -0.00074079 -0.0002821 ]]
[[-0.00024668 -0.00106178 -0.00063989]]
[[ 0.00324234  0.00061046  0.00107228]]
[[ 0.00012837 -0.00103397 -0.00050455]]
[[ 0.00182191 -0.00056104  0.00023965]]
[[ 0.00376124  0.00206475  0.00285919]]
[[ 0.00057722 -0.00078552 -0.00035359]]
[[-0.00026579 -0.00104771 -0.00061923]]
[[ 0.00261894 -0.00019899  0.00088899]]
[[ 0.00011483 -0.00087478 -0.00050224]]
[[ 0.00110618 -0.00297534  0.00015513]]
[[ 0.00081638 -0.00147773 -0.00060152]]
[[ 0.00179    -0.00027366 -0.00084805]]
[[ 0.00012386  0.00318312 -0.00023795]]
[[ 0.00065809  0.00098781 -0.00045258]]
[[  2.47570459e-04   3.60369111e-03   1.33774173e-06]]
[[-0.0016522  -0.00346725 -0.00149018]]
[[-0.00055953 -0.00473686 -0.00130104]]
[[-0.00038842 -0.00389116 -0.00032604]]
[[  5.85434424e-04  -4.41516442e-03  -1.85650628e-05]]
[[ 0.00093347 -0.00419398  0.00055204]]
[[ 0.00010207 -0.0033983   0.00036216]]
[[-0.00246352 -0.00158598 -0.00417834]]
[[-0.00166469  0.0067635  -0.0006854 ]]
[[-0.00170078  0.00649655 -0.0002151 ]]
[[  7.16049696e-05  -4.31527118e-03  -8.72136718e-04]]
[[ 0.0002747  -0.00400048 -0.00028088]]
[[ 0.00014513 -0.00381687  0.00093906]]
[[ 0.00084424  0.00144895 -0.0004823 ]]
[[-0.0008596  -0.00439515 -0.00211843]]
[[-0.00133658 -0.00291534 -0.00159702]]
[[-0.00069388  0.00399356 -0.00013765]]
[[  4.11620797e-06  -3.90834280e-03  -1.30102621e-03]]
[[-0.00095461 -0.0040671  -0.00171707]]
[[-0.00099181  0.00107687 -0.00053526]]
[[-0.00190612  0.00714727  0.00027086]]
[[-0.00225097 -0.00284877 -0.00128445]]
[[-0.00010162 -0.00355232 -0.00105712]]
[[ -2.51221117e-03   3.11655644e-03  -5.81882536e-05]]
[[-0.00094394 -0.00370986 -0.00125924]]
[[ -1.55330317e-03   2.87065798e-04  -8.94084393e-05]]
[[-0.00399234  0.00552371  0.00126367]]
[[-0.00130711 -0.00220264 -0.00144439]]
[[  9.73816799e-05  -3.36830433e-03  -6.77250216e-04]]
[[ 0.00011305  0.00024343 -0.00048023]]
[[ -3.00337078e-05  -2.04767991e-03  -1.70076812e-03]]
[[ -2.27861285e-03   2.13240722e-04  -8.73267315e-05]]
[[-0.00089607 -0.00037971 -0.0022081 ]]
[[-0.00080595 -0.00013076 -0.00195275]]
[[ -3.10629222e-03   3.23925578e-05  -3.38299692e-03]]
[[-0.00056042  0.00169533 -0.00355352]]
[[ 0.00140237  0.004205   -0.00103158]]
[[-0.00013535  0.00185314 -0.00062541]]
[[ 0.00020633  0.00277814  0.00064309]]
[[-0.00068674  0.00096104 -0.00108896]]
[[-0.00077945  0.00019195 -0.001699  ]]
[[-0.00087783  0.00047139 -0.00207507]]
[[-0.00222966  0.00093569  0.00427748]]
[[-0.00087893 -0.0007939  -0.00171617]]
[[  5.45253387e-05  -7.46212067e-04  -9.69601191e-04]]
[[-0.00476626  0.00232835 -0.00652948]]
[[ 0.00481209  0.00610253 -0.0006704 ]]
[[ 0.00079764  0.00327475  0.00297294]]
[[-0.00085319 -0.00023864 -0.00132723]]
[[ -7.91598557e-04   1.22136981e-03  -6.61872794e-05]]
[[-0.00086225  0.00018482 -0.00101479]]
[[-0.0009037   0.00065999 -0.00075327]]
[[ -3.51952716e-04   1.68005269e-03   8.66445466e-05]]
[[-0.00085585 -0.00012353 -0.00096877]]
[[ -8.98944643e-04   8.30972716e-05  -8.46450791e-04]]
[[-0.00077608  0.00060726 -0.00025168]]
[[ 0.0005425   0.00242705  0.00112064]]
[[-0.00086157  0.00031895 -0.000749  ]]
[[-0.0008638  -0.00016504 -0.00084704]]
[[-0.00064475  0.00036659 -0.00045869]]
[[ -8.19251683e-04  -5.81475867e-05  -8.25101973e-04]]
[[-0.0005241   0.00031231 -0.00075249]]
[[-0.00095657  0.00027251  0.0006678 ]]
[[ -6.98527199e-04   7.91922921e-05  -8.38509778e-04]]
[[-0.00080643 -0.000242   -0.00080937]]
[[  6.97759604e-05   4.39639040e-04  -3.17550373e-04]]
[[ -7.15817067e-04  -5.50896259e-05  -9.16724006e-04]]
[[  2.12362681e-03   8.79869144e-05   1.96105218e-03]]
[[ 0.00183131  0.00078078  0.00116794]]
[[  2.45944343e-03   6.21514281e-05   4.54062006e-04]]
[[ 0.00170243  0.00098757  0.00038113]]
[[  2.20841581e-03  -3.20632984e-04   7.27745295e-05]]
[[ 0.00175647  0.00079429  0.0003383 ]]
[[ 0.00088827 -0.00170932 -0.00074208]]
[[ 0.00033018 -0.00152143 -0.00081289]]
[[ 0.0013717  -0.00148697 -0.0003882 ]]
[[  6.46537395e-04  -1.21721292e-03  -5.62429418e-05]]
[[ 0.00145996 -0.00113874  0.00105508]]
[[ 0.0019788  -0.00020465  0.00316592]]
[[ 0.00097774  0.00087315  0.0004646 ]]
[[ 0.0006798   0.00123303  0.00022598]]
[[ 0.00070239  0.00118205  0.00016924]]
[[-0.00033073 -0.00098027 -0.00073903]]
[[ -7.90994722e-06  -6.83308187e-04  -4.79397209e-04]]
[[ 0.00039151 -0.00057375  0.00223677]]
[[ 0.00234869 -0.00030837 -0.00017653]]
[[ -5.83843516e-05  -1.51637314e-03  -8.51129192e-04]]
[[ 0.00067249 -0.00181194 -0.00072376]]
[[ 0.00149799  0.00054727 -0.00024372]]
[[-0.00058778 -0.00087031 -0.00072895]]
[[-0.00028847 -0.00128156 -0.0007114 ]]
[[ 0.00143202 -0.00037955 -0.00057608]]
[[ 0.00068612  0.00090843 -0.00016703]]
[[  7.60032837e-05  -1.34779491e-03  -3.97965861e-04]]
[[-0.00073947 -0.0007518  -0.00048208]]
[[ 0.00056209  0.00016075 -0.00034051]]
[[ -1.73892194e-04  -8.08175664e-04   3.59592447e-05]]
[[  5.00689370e-04  -5.75221396e-05  -1.78579886e-04]]
[[ 0.00032129  0.00036948 -0.00027183]]
[[ 0.00029628 -0.00044256  0.00016587]]
[[ -4.72513435e-04  -5.86634640e-04   9.42965462e-05]]
[[ 0.00032122  0.00018886 -0.00014793]]
[[  2.49422106e-04  -1.92317955e-04   6.04694817e-05]]
[[ 0.00013162  0.00086513 -0.00322274]]
[[ 0.00152499 -0.0020779  -0.00438485]]
[[ 0.00133289 -0.00136395 -0.00333969]]
[[-0.00025474  0.00309251 -0.00626052]]
[[ 0.00323773  0.00393493 -0.00550005]]
[[ 0.00530867  0.00763185 -0.0012909 ]]
[[ 0.00407664  0.00428241 -0.00013324]]
[[ 0.00384111  0.00715114  0.00276916]]
[[ 0.00397333  0.00124203 -0.00016662]]
[[ 0.00293958 -0.00143232 -0.00241224]]
[[ 0.00355456  0.00037619 -0.00299219]]
[[-0.00148127  0.00048061  0.00157821]]
[[ 0.00057789 -0.00333968 -0.00342104]]
[[ 0.00068108 -0.00198929 -0.00165155]]
[[-0.00215969  0.00610506 -0.00995506]]
[[ 0.00744204  0.01024919 -0.00123835]]
[[ 0.0036305   0.00860966  0.00450381]]
[[ 0.00171919 -0.00262437 -0.00203277]]
[[ 0.00193834  0.00429228  0.00264157]]
[[ 0.00230508 -0.0011967  -0.00021456]]
[[ 0.00268819  0.00140015  0.00177779]]
[[ 0.00169574  0.00653031  0.00400364]]
[[ 0.00161179 -0.00251804 -0.00063177]]
[[ 0.00156058 -0.00113663  0.00105009]]
[[ 0.00037726  0.00384298  0.00347379]]
[[ 0.00242704  0.00835524  0.00502523]]
[[ 0.00135104  0.00118566  0.00208742]]
[[ 0.0010404  -0.00259787  0.00016569]]
[[ 0.00052591  0.00488733  0.00408465]]
[[ 0.00039215 -0.00069595  0.00147754]]
[[-0.00051361  0.00273768  0.00337296]]
[[ 0.0005044   0.0058811   0.00544913]]
[[-0.00012406  0.00138068  0.00246437]]
[[  5.11239329e-05  -1.92525835e-03   1.32074951e-03]]
[[-0.00073723  0.00278505  0.0030114 ]]
[[-0.00126555  0.00112691  0.00203506]]
[[ 0.0027174  -0.00010296 -0.00015272]]
[[ 0.00017074  0.00137869 -0.0011085 ]]
[[  3.09725064e-03  -7.89867697e-05  -1.27258837e-03]]
[[-0.00097424  0.00459977 -0.00037517]]
[[ 0.00258065  0.00021728  0.00022432]]
[[-0.0008711   0.00424189  0.00073172]]
[[ 0.00468247 -0.00308597  0.00063344]]
[[ 0.00575774 -0.00612231 -0.00041005]]
[[ 0.00495072 -0.0035821  -0.0008866 ]]
[[ 0.00640173 -0.00676141 -0.00203519]]
[[ 0.00488648 -0.00204283 -0.00225985]]
[[ 0.00127906 -0.00019142  0.00133166]]
[[-0.00557705  0.00157675 -0.00446906]]
[[-0.00563075  0.00888554 -0.0010467 ]]
[[-0.00563575  0.00813881 -0.00014529]]
[[ 0.00551321 -0.00910173 -0.00144316]]
[[ 0.00674678 -0.01048323 -0.00300059]]
[[ 0.00427263 -0.00069588 -0.00144224]]
[[ 0.00252618  0.00095083  0.00098762]]
[[ 0.00549924 -0.00514773  0.00124269]]
[[ 0.00434444 -0.00206688  0.0019062 ]]
[[-0.00146284  0.00454972  0.00111905]]
[[ 0.00556173 -0.00890147  0.00140209]]
[[ 0.00478376 -0.0039222   0.00204465]]
[[ 0.00055361  0.00121526  0.00152193]]
[[-0.00549893  0.00850181  0.00059403]]
[[ 0.00218004 -0.00143651  0.00312804]]
[[ 0.00687949 -0.00670629  0.00219477]]
[[-0.00424581  0.00448056  0.00223301]]
[[ 0.00263136 -0.00412426  0.00472693]]
[[-0.00366907  0.00164438  0.00365689]]
[[-0.00750135  0.00767648  0.00137915]]
[[-0.00166458 -0.00063503  0.00686235]]
[[ 0.0054429  -0.00595878  0.00371426]]
[[-0.00656865  0.00229232  0.0024559 ]]
[[-0.00749868 -0.00378746  0.0048039 ]]
[[ -1.79589963e-03   6.36994406e-05  -1.23680191e-03]]
[[-0.0007323   0.00017538 -0.00048696]]
[[-0.00124857 -0.00033061 -0.00042036]]
[[-0.0015205   0.00097476 -0.00234983]]
[[ 0.00051002  0.00232281 -0.00213851]]
[[ 0.00294696  0.00504196  0.00078817]]
[[ 0.00120408  0.00265028  0.00149081]]
[[ 0.00208555  0.00406288  0.00356013]]
[[  4.58401436e-05   1.79645113e-03   1.24092992e-03]]
[[-0.00027691  0.00089386  0.00018791]]
[[-0.0003543   0.00107958 -0.00027051]]
[[-0.00255539 -0.00033191 -0.00061927]]
[[ -7.46639169e-04  -5.72880946e-05  -7.43921197e-05]]
[[ -1.13345339e-03  -3.71159651e-04   5.74605457e-05]]
[[-0.00226683  0.0028314  -0.00506491]]
[[ 0.00682973  0.00669304  0.00080352]]
[[ 0.00333827  0.00458284  0.00526685]]
[[-0.00050393  0.00049644  0.00033981]]
[[ 0.00034321  0.00198852  0.00333438]]
[[-0.00043295  0.00085998  0.00143018]]
[[-0.00038901  0.00135296  0.0023879 ]]
[[ 0.00110978  0.00298098  0.00458842]]
[[-0.00058217  0.00056307  0.00100877]]
[[ -1.06702454e-03   7.75375550e-05   2.46675673e-03]]
[[-0.00048043  0.00068997  0.00495334]]
[[ 0.00271864  0.00418189  0.00540772]]
[[-0.00117088  0.00015439  0.00346313]]
[[ -1.11071407e-03  -4.84286539e-05   1.48376067e-03]]
[[ 0.00027643  0.00148649  0.00692616]]
[[-0.00259334 -0.00212469  0.00334432]]
[[-0.00131901 -0.0022944   0.00811617]]
[[ 0.00133919  0.00246394  0.00683901]]
[[-0.00240338 -0.00279214  0.00479316]]
[[-0.00237248 -0.00166886  0.00113255]]
[[ 0.00277296 -0.00228685  0.01053611]]
[[-0.00398084 -0.00435997  0.00315027]]
[[ 0.00112126 -0.00022403  0.00213849]]
[[ 0.00089804  0.00095952  0.00217776]]
[[  1.75808903e-03  -9.97874682e-05   1.95539284e-03]]
[[ 0.00090479  0.00113842  0.00216823]]
[[ 0.00150305 -0.00034524  0.002251  ]]
[[ 0.0008565   0.00124069  0.00281472]]
[[ 0.0001672  -0.00196759  0.00165053]]
[[-0.00026115 -0.00202286  0.00112271]]
[[ 0.00069919 -0.00181309  0.00124336]]
[[  3.94765096e-05  -1.90951120e-03   9.97215283e-04]]
[[ 0.00050026 -0.00159797  0.00135493]]
[[ 0.00022122  0.00033187  0.00192087]]
[[ -7.43078298e-05   1.25410537e-03   1.53106084e-03]]
[[-0.00011025  0.00153658  0.00163926]]
[[-0.00015937  0.00187561  0.00200854]]
[[-0.00086266 -0.00149976  0.00089168]]
[[-0.00067048 -0.00148493  0.00055158]]
[[-0.00024967 -0.00152599  0.00102396]]
[[  1.52520220e-03  -6.52708594e-06   2.77605973e-03]]
[[-0.00074886 -0.00191596  0.00184191]]
[[-0.00020683 -0.00185736  0.00257889]]
[[ 0.00041023  0.00159962  0.00302537]]
[[-0.00118961 -0.00132839  0.00161835]]
[[-0.00113545 -0.00148177  0.00305148]]
[[ 0.0003663   0.0008583   0.00315989]]
[[-0.00034777  0.00234283  0.00214554]]
[[-0.00109887 -0.00075379  0.00432444]]
[[-0.00147136 -0.00109952  0.00292593]]
[[-0.00101431  0.00248374  0.00318391]]
[[-0.00108115 -0.00040306  0.0054915 ]]
[[-0.00176245  0.00351358  0.00249453]]
[[-0.00121332  0.00301265  0.00197351]]
[[-0.00142089  0.00209389  0.00599391]]
[[-0.00123994 -0.00071917  0.00481015]]
[[-0.00268256  0.00400028 -0.00068935]]
[[ -4.54341748e-03  -5.25690760e-05   2.83495993e-03]]
[[-0.00303576  0.00202282 -0.00529295]]
[[-0.00593812  0.00022261 -0.00583839]]
[[-0.00411907  0.00231041 -0.00702777]]
[[-0.0019486   0.00243999 -0.00548331]]
[[-0.00024619  0.0022391  -0.00521333]]
[[ 0.00266386  0.0049014  -0.00125427]]
[[ 0.00051457  0.00193952 -0.0002384 ]]
[[ 0.00158005  0.00384466  0.0024652 ]]
[[-0.00175846  0.00166538 -0.00083791]]
[[-0.00286287  0.00165981 -0.00233193]]
[[-0.00237901  0.00143163 -0.00327032]]
[[-0.0034106   0.00255427 -0.00386764]]
[[-0.00979285  0.00064377 -0.00448329]]
[[-0.00480727  0.00421799 -0.00731815]]
[[-0.00225795  0.0040463  -0.00687464]]
[[ 0.00689087  0.00666244 -0.00075035]]
[[ 0.00338189  0.00448828  0.00433317]]
[[-0.00280648  0.00185685 -0.00289117]]
[[-0.00058078  0.00163093  0.00206339]]
[[ -3.80756089e-03   1.48840960e-05  -6.01394476e-04]]
[[-0.00237227  0.00092776  0.00115198]]
[[ 0.00026407  0.0036639   0.0030976 ]]
[[-0.00490883 -0.0003524  -0.00215595]]
[[-0.00368597 -0.00048735  0.00050177]]
[[-0.00132456  0.00180395  0.0022803 ]]
[[ 0.00271066  0.00481935  0.00418157]]
[[-0.00286953  0.00045723  0.00147487]]
[[-0.00386034 -0.0005514  -0.0019289 ]]
[[-0.00015108  0.00293072  0.00261167]]
[[-0.00317715 -0.00085604  0.00156373]]
[[-0.0007029   0.00196093  0.0017881 ]]
[[ 0.00126366  0.00312224  0.00381453]]
[[-0.00143023  0.00093268  0.00232091]]
[[-0.00605762 -0.00196666  0.00331481]]
[[ 0.00031739  0.00201924  0.0018453 ]]
[[-0.00115113  0.00135781  0.00191245]]
[[ 0.00181967  0.00017808  0.00049541]]
[[ 0.00151902  0.00106156  0.00064841]]
[[ 0.00261526 -0.00052873  0.00048481]]
[[ 0.00159365  0.00076736  0.00091569]]
[[ 0.00234875 -0.00079218  0.00105768]]
[[ 0.00158605  0.00088992  0.00153219]]
[[ 0.0015881  -0.0028637   0.00087448]]
[[ 0.00201354 -0.00461963 -0.00011023]]
[[ 0.00207773 -0.00274909 -0.00054342]]
[[ 0.00247919 -0.00422408 -0.00156889]]
[[ 0.00193702 -0.00101471 -0.00167052]]
[[ 0.00080568  0.000885    0.00051696]]
[[ 0.00034262  0.0012527   0.00051258]]
[[ 0.00042531  0.00114826  0.00061843]]
[[ 0.000442    0.00138233  0.00087849]]
[[ 0.00082941 -0.00686229 -0.00113783]]
[[ 0.00077434 -0.00718148 -0.0034499 ]]
[[  1.20653880e-03  -5.63729134e-06  -1.72057844e-03]]
[[  2.33035348e-03   4.15762279e-05   1.24710901e-03]]
[[ 0.00182553 -0.00382487  0.00147093]]
[[ 0.0014462  -0.00166487  0.00186372]]
[[ 0.00121714  0.00125104  0.00102666]]
[[ 0.00115164 -0.00686312  0.00156153]]
[[ 0.00129921 -0.00155288  0.00162929]]
[[ 0.0011637   0.00072417  0.00066868]]
[[ 0.00033483  0.00161524  0.00061258]]
[[ 0.00029241 -0.00019339  0.0017662 ]]
[[ 0.00164856 -0.00367474  0.00202545]]
[[  7.40382648e-05   1.35457390e-03   6.28865707e-04]]
[[-0.00010622  0.00074705  0.00192929]]
[[ -8.22466166e-05   1.51068242e-03   6.54095400e-04]]
[[-0.00015423  0.00148437  0.00034602]]
[[-0.00036356  0.00152974  0.00185312]]
[[-0.00045525 -0.00024686  0.00368526]]
[[-0.00010841  0.00146041  0.00028182]]
[[-0.00059134  0.00275821  0.00177441]]
[[ 0.00160311  0.00014737 -0.00416707]]
[[-0.00200128 -0.00309615 -0.00474148]]
[[ 0.00102832 -0.00131121 -0.00505488]]
[[ 0.00087814  0.00259781 -0.00483622]]
[[ 0.00231734  0.00329093 -0.00421913]]
[[ 0.00421064  0.00658407 -0.00073986]]
[[ 0.00278774  0.0037612   0.00012657]]
[[ 0.0029379   0.00546437  0.002469  ]]
[[ 0.00170789  0.00101206 -0.00058566]]
[[ 0.0003787  -0.00084678 -0.00226145]]
[[  1.09190221e-03  -4.45970608e-05  -2.10365335e-03]]
[[ 0.00160997 -0.00044579 -0.00257128]]
[[-0.00667619 -0.0021168  -0.0037151 ]]
[[  1.32173398e-03  -9.95225054e-05  -5.36433980e-03]]
[[-0.00039205  0.00431741 -0.0067801 ]]
[[ 0.00756191  0.00802147 -0.00050267]]
[[ 0.00380867  0.00568112  0.0042735 ]]
[[-0.00042413 -0.0005801  -0.00297624]]
[[ 0.00163327  0.00321453  0.00258334]]
[[-0.00035266 -0.00196625 -0.00080076]]
[[ 0.00154938  0.00055152  0.00179534]]
[[ 0.00195801  0.00418805  0.00412036]]
[[-0.00250547 -0.00230338 -0.00226046]]
[[ 0.00037084 -0.00249917  0.00117909]]
[[ 0.00114891  0.00164696  0.00493015]]
[[ 0.00330897  0.00498183  0.00484657]]
[[ 0.00125904 -0.00058594  0.00346818]]
[[-0.00114059 -0.00255734 -0.0015066 ]]
[[ 0.00195921  0.00210327  0.00734536]]
[[-0.00065722 -0.00452328  0.00363274]]
[[ 0.00166518 -0.00255152  0.00940237]]
[[ 0.00299141  0.0027331   0.00695153]]
[[ 0.00111139 -0.00354872  0.00646849]]
[[-0.00400106 -0.00507554  0.00321847]]
[[ 0.00823402 -0.00405849  0.01292097]]
[[ 0.00101387 -0.00651504  0.0053409 ]]
[[ 0.00223643  0.00034631  0.00074031]]
[[ 0.00170625  0.00158943  0.00077703]]
[[ 0.00252211  0.00042432  0.00051446]]
[[ 0.0014942   0.00163371  0.00081493]]
[[  2.21212907e-03   1.15002231e-05   8.65982028e-04]]
[[ 0.00159282  0.00144571  0.00148079]]
[[  1.04150888e-03  -1.57688815e-03   5.02490530e-05]]
[[ 0.00055796 -0.00158559 -0.00034795]]
[[ 0.00156386 -0.00132561 -0.00021372]]
[[ 0.00099955 -0.0014673  -0.00033495]]
[[  1.57781398e-03  -1.08218728e-03   5.29393584e-05]]
[[ 0.00169547  0.00080147  0.00072088]]
[[ 0.000667    0.00185575  0.00033176]]
[[ 0.00031837  0.00201002  0.00054604]]
[[ 0.00037211  0.00203265  0.00109977]]
[[ -3.54547688e-05  -1.11622397e-03  -3.17930299e-04]]
[[ 0.00026819 -0.0011117  -0.00043721]]
[[  9.58918273e-04  -8.75410026e-04  -3.10440409e-05]]
[[  2.59061397e-03   1.73526236e-05   1.33997386e-03]]
[[ 0.00024249 -0.00166003  0.00015345]]
[[ 0.0010871  -0.00177052  0.00062553]]
[[ 0.00179846  0.00128356  0.00152386]]
[[ -1.82158083e-04  -1.07901049e-03   6.18267627e-05]]
[[ 0.00043695 -0.0015519   0.00070722]]
[[ 0.00245757  0.00016544  0.00139289]]
[[ 0.00083389  0.00195804  0.00138647]]
[[ 0.00121886 -0.001314    0.00127749]]
[[  6.39914359e-05  -1.12403724e-03   5.89291622e-04]]
[[ 0.00181219  0.0012152   0.00142983]]
[[ 0.00132224 -0.00105051  0.00147094]]
[[ 0.00240463  0.00095797  0.00119684]]
[[ 0.00145317  0.00188377  0.00134979]]
[[ 0.00223168 -0.00017394  0.00149422]]
[[ 0.00099522 -0.00105562  0.00118548]]
[[ 0.00236674  0.00162228  0.00064593]]
[[ 0.00240888  0.00015497  0.00102602]]
