[[-0.00235502  0.00034858 -0.00115883]]
[[-0.00125461  0.00040104 -0.00107558]]
[[ -1.77293584e-03  -1.44597710e-05  -7.81560871e-04]]
[[-0.00225565  0.00107992 -0.00274113]]
[[-0.00010128  0.0026251  -0.0029243 ]]
[[ 0.00232402  0.00523201 -0.00040013]]
[[  8.17315787e-04   3.06539186e-03  -2.92619085e-06]]
[[ 0.00167477  0.00434305  0.00162683]]
[[-0.00030596  0.00215201 -0.0002443 ]]
[[-0.00064332  0.00119527 -0.00089259]]
[[-0.00091135  0.00132531 -0.00116419]]
[[ -2.83847804e-03  -9.01086383e-05  -2.26637190e-04]]
[[-0.00127358  0.0001262  -0.00065969]]
[[ -1.66982749e-03   4.59188465e-05  -1.79972410e-04]]
[[-0.00319372  0.00289664 -0.00537325]]
[[ 0.00597395  0.0068968  -0.00023229]]
[[ 0.00266005  0.00489392  0.00361248]]
[[-0.00089119  0.00074059 -0.00055482]]
[[ 0.00030216  0.00263866  0.00096872]]
[[-0.00050167  0.00138983 -0.00019797]]
[[-0.00037941  0.00202523  0.00018997]]
[[ 0.00107958  0.00349752  0.00150758]]
[[-0.00069722  0.00101658 -0.00024195]]
[[ -5.15538861e-04   1.29085997e-03   5.98462639e-05]]
[[ 0.00015192  0.00199804  0.00110664]]
[[ 0.00235344  0.00455694  0.00280227]]
[[-0.00038745  0.00163423  0.00029025]]
[[ -6.70530750e-04   9.77082126e-04  -9.72562896e-05]]
[[ 0.00054812  0.00208301  0.00123119]]
[[ -5.59960574e-04   1.01670771e-03   8.91290413e-05]]
[[ 0.00010873  0.00147164  0.00073336]]
[[ 0.00089894  0.00224194  0.00255194]]
[[-0.00034647  0.00121298  0.00032819]]
[[-0.00068029  0.00078271 -0.00010346]]
[[ 0.0007043   0.00133905  0.00091017]]
[[-0.00068785  0.00076739  0.00021007]]
[[-0.00081662  0.00051206  0.00117105]]
[[ -3.21073736e-05   2.30160716e-03   8.92346847e-04]]
[[ 0.00026185  0.00201745  0.00069008]]
[[ 0.00052981  0.00326321  0.00094104]]
[[-0.0002458   0.00250862  0.00036353]]
[[ 0.00082829  0.00355223  0.00089591]]
[[-0.00337666 -0.0020078  -0.00125306]]
[[-0.00232072 -0.00309001 -0.0011072 ]]
[[ -2.45495749e-03  -1.98628253e-03  -6.81664415e-05]]
[[ -1.05808802e-03  -2.71211065e-03  -9.73030456e-05]]
[[ -1.41341230e-03  -1.30325550e-03   9.83118724e-05]]
[[-0.00160845  0.0003066   0.00169994]]
[[-0.00056517  0.00232336  0.00034182]]
[[ 0.00013709  0.00282297  0.00056424]]
[[ 0.00042723  0.00302476  0.00065884]]
[[-0.00118899 -0.00281488 -0.00122148]]
[[ 0.00049847 -0.00269308 -0.00043668]]
[[-0.00363787 -0.00083185  0.00054404]]
[[  8.66160122e-05   2.44604701e-03   1.14070910e-04]]
[[-0.00252451 -0.00280694 -0.00190219]]
[[-0.00284595 -0.00167566 -0.00157338]]
[[ 0.0002584   0.00340009  0.00023184]]
[[-0.0013498  -0.00231307 -0.00105428]]
[[-0.0022879  -0.00262295 -0.00178989]]
[[-0.00125696  0.00203473 -0.00063464]]
[[ 0.00031963  0.00302403  0.00029887]]
[[-0.00337501 -0.00166985 -0.00170123]]
[[-0.00061824 -0.00216702 -0.00087971]]
[[-0.00106813  0.00286556 -0.00048956]]
[[-0.00150605 -0.00242089 -0.00172705]]
[[-0.00183294  0.00203018 -0.00118615]]
[[ -2.02328171e-04   2.54288856e-03  -5.03291802e-05]]
[[-0.00220494 -0.00075307 -0.00144554]]
[[ 0.00103386 -0.0015445  -0.00182867]]
[[-0.00072323  0.00222432 -0.00106943]]
[[-0.00132056 -0.00049083 -0.00117984]]
[[-0.00187065 -0.00249584 -0.00126465]]
[[-0.00097963 -0.00208247 -0.00118985]]
[[-0.001559   -0.00260327 -0.00075506]]
[[-0.00111634 -0.00191716 -0.00259981]]
[[ 0.00129311 -0.00065791 -0.00285049]]
[[ 0.00443975  0.00234128 -0.00020442]]
[[ 0.00287819 -0.00039778 -0.00033999]]
[[ 0.00434577  0.00180528  0.00140338]]
[[ 0.00062327 -0.00089472 -0.00085097]]
[[-0.00019641 -0.00154296 -0.00128289]]
[[-0.00026673 -0.00157958 -0.00135746]]
[[-0.00248375 -0.00254826 -0.00039299]]
[[-0.00105751 -0.00208892 -0.00087892]]
[[-0.0014191  -0.00220177  0.00017257]]
[[-0.00154795  0.00041022 -0.00578271]]
[[  8.30526199e-03   4.93560100e-03   9.53540504e-05]]
[[ 0.00551181  0.00349603  0.00373615]]
[[-0.00062776 -0.00166595 -0.00097061]]
[[ 0.00255492 -0.00058184  0.00024192]]
[[  5.95978345e-05  -1.32916530e-03  -9.86377703e-04]]
[[ 0.00072614 -0.00085592 -0.00063058]]
[[ 0.00391285  0.00121043  0.00098966]]
[[-0.00037697 -0.00141501 -0.00092687]]
[[ 0.00021465 -0.00123173 -0.00087963]]
[[ 0.00247286 -0.00083112  0.00013379]]
[[ 0.00552548  0.00343413  0.00265876]]
[[ 0.00078752 -0.00097224 -0.00067935]]
[[-0.00023821 -0.00128373 -0.00091069]]
[[ 0.00333003  0.00027     0.00049582]]
[[ 0.00022914 -0.00116085 -0.00090425]]
[[ 0.00201474 -0.00068821 -0.00036695]]
[[ 0.00387343  0.00162195  0.00229534]]
[[ 0.00070911 -0.000919   -0.00085447]]
[[-0.00019599 -0.0011894  -0.00091832]]
[[ 0.00292179 -0.00024644  0.00028533]]
[[ 0.0002915  -0.0009503  -0.00101897]]
[[ 0.00113891 -0.00353547  0.00020367]]
[[ 0.0008969  -0.00224051 -0.00062827]]
[[ 0.00186725 -0.00093767 -0.00094422]]
[[ 0.00027875  0.002293   -0.00046589]]
[[ 0.00080795  0.00028682 -0.00076692]]
[[ 0.00050447  0.00268661 -0.0004866 ]]
[[-0.0014789  -0.00402681 -0.00180597]]
[[-0.00041883 -0.00523971 -0.00151212]]
[[-0.00027951 -0.00443296 -0.00047216]]
[[  6.81252864e-04  -4.88803664e-03  -8.56544777e-05]]
[[ 0.00100602 -0.00466597  0.00054593]]
[[  9.17347606e-05  -3.88508932e-03   3.99667067e-04]]
[[-0.00246624 -0.00247981 -0.00420162]]
[[-0.00162326  0.00569736 -0.00090301]]
[[-0.00156484  0.00535609 -0.00070302]]
[[ 0.00022991 -0.00478075 -0.00106573]]
[[ 0.00039322 -0.00444153 -0.00036759]]
[[ 0.00017651 -0.00420281  0.00100356]]
[[ 0.00109387  0.00081993 -0.00108313]]
[[-0.00064977 -0.00486126 -0.00251731]]
[[-0.00107562 -0.00341306 -0.00212251]]
[[-0.00030971  0.003181   -0.00092213]]
[[ 0.0002126  -0.00433481 -0.00162924]]
[[-0.00066897 -0.00441151 -0.00231754]]
[[-0.00059624  0.00065048 -0.0014687 ]]
[[-0.00161662  0.00609802 -0.00052356]]
[[-0.00188776 -0.00317112 -0.00203721]]
[[ 0.00015252 -0.00386851 -0.00151728]]
[[-0.0019512   0.00258766 -0.001171  ]]
[[-0.00058919 -0.00378309 -0.00206569]]
[[-0.00100794  0.00029858 -0.00137902]]
[[-0.00348062  0.00478933  0.00016746]]
[[-0.00084494 -0.00220374 -0.00240198]]
[[ 0.00038117 -0.00346137 -0.00123849]]
[[ 0.00072774  0.00050809 -0.00179716]]
[[ 0.00047155 -0.00188845 -0.00266444]]
[[-0.00087457  0.00064024 -0.00208046]]
[[ 0.00021255  0.00023389 -0.00331486]]
[[ 0.00024465  0.00030969 -0.00326512]]
[[-0.00102519  0.00087603 -0.00496514]]
[[ 0.00154516  0.00259726 -0.00494369]]
[[ 0.00393154  0.00525449 -0.00198719]]
[[ 0.00231342  0.0030011  -0.0013568 ]]
[[ 0.00314388  0.00426527  0.00065451]]
[[ 0.00109814  0.00215404 -0.00144138]]
[[ 0.0006587   0.0012057  -0.00237239]]
[[ 0.00062501  0.00134776 -0.00299962]]
[[-0.00105139  0.00072482  0.00214221]]
[[ -1.69359440e-05  -2.74092192e-04  -2.35260170e-03]]
[[ 0.00096857 -0.0003833  -0.00222832]]
[[-0.00185405  0.0027963  -0.0080908 ]]
[[ 0.00781603  0.00662713 -0.00158076]]
[[ 0.00431729  0.00454568  0.0027967 ]]
[[ 0.0002922   0.00068088 -0.00167587]]
[[ 0.00169995  0.00252012  0.00015445]]
[[ 0.00072931  0.00145349 -0.00109697]]
[[ 0.0009654   0.00203506 -0.00050939]]
[[ 0.00245985  0.00335873  0.00098144]]
[[ 0.00045467  0.00106136 -0.00087711]]
[[ 0.00067583  0.00138399 -0.00040205]]
[[ 0.00145486  0.00186529  0.00074992]]
[[ 0.00388916  0.00415721  0.00236019]]
[[  8.55375187e-04   1.64572275e-03  -7.20662095e-06]]
[[ 0.00046493  0.00107453 -0.00037985]]
[[ 0.00180376  0.001912    0.00108848]]
[[  5.50949743e-04   1.10119901e-03  -7.47030186e-06]]
[[ 0.00125402  0.00135323  0.00072456]]
[[ 0.00233657  0.00183864  0.00242745]]
[[ 0.00071273  0.00120807  0.00037497]]
[[ 0.00039896  0.00090054 -0.00011505]]
[[ 0.00192361  0.00110086  0.00098061]]
[[ 0.00030013  0.00064872  0.00037768]]
[[ 0.0030901  -0.00082608  0.00037953]]
[[  2.62854952e-03   1.81527345e-05  -2.14034146e-04]]
[[ 0.00313746 -0.00033386 -0.00074926]]
[[ 0.00221317  0.00078024 -0.00062188]]
[[ 0.00270688 -0.00043435 -0.00078552]]
[[ 0.00212573  0.00080501 -0.00038556]]
[[ 0.00135949 -0.00192509 -0.00144502]]
[[ 0.00085176 -0.00192323 -0.00158563]]
[[ 0.00196792 -0.00193759 -0.0012756 ]]
[[ 0.00130856 -0.00189686 -0.0009965 ]]
[[  2.21177801e-03  -1.92509392e-03   3.83233492e-05]]
[[ 0.00323109 -0.00164792  0.00128405]]
[[  1.86758685e-03  -3.75316073e-05  -1.25348009e-03]]
[[ 0.00115194  0.00102006 -0.00084892]]
[[ 0.00099675  0.00118598 -0.00053876]]
[[ 0.00010975 -0.00146089 -0.00129494]]
[[ 0.00054645 -0.00142363 -0.00111534]]
[[ 0.00100715 -0.00124707  0.00141179]]
[[ 0.00274102 -0.00029925 -0.00082608]]
[[ 0.00036362 -0.00176525 -0.0014718 ]]
[[ 0.00105455 -0.00192069 -0.00128793]]
[[ 0.00178406  0.00063544 -0.00081037]]
[[-0.00023758 -0.00118895 -0.00119948]]
[[  4.37547232e-05  -1.43701233e-03  -1.21937201e-03]]
[[ 0.00173328 -0.00033817 -0.00112374]]
[[ 0.00088936  0.00098246 -0.00067595]]
[[ 0.00036748 -0.00139574 -0.00088098]]
[[-0.00046909 -0.00096543 -0.00088003]]
[[ 0.00075542  0.00022104 -0.00082203]]
[[  5.45177452e-05  -8.83848215e-04  -3.96306436e-04]]
[[  6.69951192e-04  -2.68373063e-05  -6.34925244e-04]]
[[ 0.00046197  0.00042227 -0.00066823]]
[[ 0.00047541 -0.00046001 -0.00024408]]
[[-0.00027982 -0.00071648 -0.00023883]]
[[ 0.00042781  0.00027569 -0.00054073]]
[[ 0.00041295 -0.00024865 -0.00031765]]
[[-0.00019068  0.00019931 -0.00310335]]
[[ 0.00128005 -0.00266654 -0.00445364]]
[[ 0.00106606 -0.00194563 -0.00333173]]
[[-0.00071055  0.00215737 -0.00623975]]
[[ 0.00285066  0.0030668  -0.00551545]]
[[ 0.00476992  0.00644867 -0.00156272]]
[[ 0.003678    0.00328321 -0.00043926]]
[[ 0.0032485   0.00571228  0.00207737]]
[[ 0.00370627  0.00042728 -0.00055825]]
[[ 0.00268605 -0.00211836 -0.00264183]]
[[ 0.00327332 -0.00033426 -0.00315007]]
[[ -1.73427612e-03  -3.51204966e-05   1.70436902e-03]]
[[ 0.00037462 -0.00388358 -0.00355028]]
[[ 0.00046129 -0.0024649  -0.00153639]]
[[-0.00268637  0.00501302 -0.00990268]]
[[ 0.0067653   0.00881173 -0.00148321]]
[[ 0.00284826  0.00685344  0.00382955]]
[[ 0.0015086  -0.00325261 -0.00227605]]
[[ 0.00162031  0.00325153  0.0019282 ]]
[[ 0.00207994 -0.00193079 -0.00067639]]
[[ 0.0024828   0.00056235  0.00114902]]
[[ 0.00123999  0.00510002  0.00296385]]
[[ 0.00141903 -0.00319489 -0.0010464 ]]
[[ 0.00144463 -0.00180549  0.0003591 ]]
[[ 0.00024671  0.00290462  0.00238551]]
[[ 0.00176528  0.00656358  0.00391831]]
[[ 0.00128935  0.00044642  0.00121414]]
[[ 0.00093531 -0.0032235  -0.0004069 ]]
[[ 0.00034251  0.00361312  0.00263518]]
[[ 0.00049326 -0.00116853  0.00059391]]
[[-0.0002767   0.00210532  0.00191696]]
[[ 0.00014743  0.00423584  0.00393886]]
[[  5.41088923e-05   8.27683587e-04   1.28185269e-03]]
[[ 0.00010471 -0.00239455  0.00065971]]
[[-0.00019831  0.00221638  0.00156233]]
[[-0.00086241  0.00077227  0.00081673]]
[[ 0.00247321 -0.00202575  0.00067359]]
[[-0.00011261 -0.00155657 -0.00061507]]
[[ 0.0028926  -0.00285385 -0.00102547]]
[[-0.00124985  0.00079104 -0.00074523]]
[[ 0.00254254 -0.00303529 -0.00039372]]
[[ -8.84642095e-04   8.11384452e-05  -6.68795955e-04]]
[[  5.13634344e-03  -5.47147410e-03   5.06976683e-05]]
[[ 0.00611137 -0.00805733 -0.00062929]]
[[ 0.00519057 -0.00563692 -0.00090981]]
[[ 0.00657388 -0.00834501 -0.00182802]]
[[ 0.00496828 -0.00354514 -0.00186729]]
[[ 0.00081393 -0.00161494  0.0021001 ]]
[[-0.00695137 -0.00199503 -0.00407575]]
[[-0.00757751  0.00440886 -0.0017229 ]]
[[-0.00760209  0.00318235 -0.00219156]]
[[ 0.00596881 -0.01074275 -0.00174923]]
[[ 0.00704076 -0.0118469  -0.00301405]]
[[ 0.00426627 -0.00184123 -0.00090359]]
[[ 0.00278358 -0.00219754 -0.00066386]]
[[ 0.00610045 -0.00713088  0.00039959]]
[[ 0.00507573 -0.00440856  0.0006062 ]]
[[-0.00106094  0.00072314 -0.00121354]]
[[ 0.00619643 -0.01056837  0.0006723 ]]
[[ 0.00565388 -0.00565639  0.00050051]]
[[ 0.00127805 -0.00145066 -0.00113058]]
[[-0.00679557  0.00400653 -0.00232295]]
[[ 0.00329084 -0.0033967   0.00097872]]
[[ 0.00768931 -0.00815626  0.00099528]]
[[-0.00320695  0.00115371 -0.00112485]]
[[ 0.00384968 -0.00509637  0.00224244]]
[[-0.00199085 -0.00016297 -0.00022841]]
[[-0.00800635  0.00378836 -0.0020253 ]]
[[ 0.00028321 -0.00176851  0.00346482]]
[[ 0.00648107 -0.00674783  0.0019856 ]]
[[-0.00445517  0.00068084 -0.00148117]]
[[-0.00478259 -0.0036732   0.00121995]]
[[ -1.85704827e-03  -2.45316710e-05  -1.14264800e-03]]
[[ -7.99051254e-04   7.30882424e-05  -4.13052991e-04]]
[[-0.00130907 -0.00042103 -0.00034045]]
[[-0.00159374  0.00087008 -0.00225316]]
[[ 0.00042786  0.00220581 -0.00202741]]
[[ 0.00285588  0.00491364  0.00090558]]
[[ 0.00109853  0.00250144  0.00162288]]
[[ 0.00196407  0.00389249  0.00369233]]
[[ -4.66692373e-05   1.65576695e-03   1.34117593e-03]]
[[-0.00036342  0.00076099  0.00027229]]
[[-0.00042735  0.00096957 -0.00018228]]
[[-0.00259872 -0.00039055 -0.00052809]]
[[ -8.06757095e-04  -1.57904988e-04  -2.85946001e-05]]
[[-0.00119178 -0.00046018  0.00013591]]
[[-0.00233763  0.00273334 -0.004981  ]]
[[ 0.00674075  0.00656968  0.00090701]]
[[ 0.00321549  0.00441282  0.00539129]]
[[-0.0005813   0.00036728  0.00039084]]
[[ 0.00020533  0.0017938   0.00348604]]
[[-0.0005454   0.00068769  0.00151949]]
[[-0.00051098  0.00116558  0.00250256]]
[[ 0.00094253  0.00274158  0.00474335]]
[[-0.00068245  0.0003968   0.0010567 ]]
[[-0.00121615 -0.00015135  0.00257114]]
[[-0.0006721   0.00041794  0.00512499]]
[[ 0.00254157  0.00393706  0.00556245]]
[[-0.00133767 -0.00010115  0.00358228]]
[[-0.00124177 -0.0002633   0.0015282 ]]
[[  4.61227976e-05   1.15475439e-03   7.08901928e-03]]
[[-0.00279383 -0.00243702  0.00344769]]
[[-0.00158786 -0.00268218  0.00831223]]
[[ 0.00108387  0.002112    0.00700639]]
[[-0.00261976 -0.00312509  0.00488801]]
[[-0.00254554 -0.00195261  0.00115737]]
[[ 0.00245741 -0.00272439  0.01076733]]
[[-0.00416797 -0.00464752  0.00321783]]
[[ 0.0010715  -0.00032327  0.0022962 ]]
[[ 0.00083843  0.00085074  0.00234869]]
[[ 0.00169041 -0.00023797  0.0021557 ]]
[[ 0.00081832  0.00099332  0.00239098]]
[[ 0.0014066  -0.00054482  0.00251784]]
[[ 0.00073138  0.00102967  0.00311704]]
[[  8.96352237e-05  -2.16302412e-03   1.88590180e-03]]
[[-0.00031089 -0.00220662  0.00132176]]
[[ 0.0006421  -0.00194891  0.00142744]]
[[  1.81812969e-06  -2.04003074e-03   1.15136483e-03]]
[[ 0.00046083 -0.00170293  0.00150602]]
[[ 0.00016463  0.00027181  0.0020598 ]]
[[-0.0001347   0.00115705  0.00167761]]
[[-0.00019887  0.00140462  0.0018349 ]]
[[-0.00029201  0.00168227  0.0022719 ]]
[[-0.00088997 -0.00167887  0.00103083]]
[[-0.00069085 -0.00161525  0.00066133]]
[[-0.00027941 -0.00163597  0.00116228]]
[[ 0.00138084 -0.00030822  0.00313875]]
[[-0.00081303 -0.00217212  0.00209108]]
[[-0.0003099  -0.00214348  0.00287337]]
[[ 0.00022927  0.00126246  0.00343583]]
[[-0.00122474 -0.00157815  0.00178911]]
[[-0.00121675 -0.00186343  0.00335929]]
[[ 0.00014877  0.00039366  0.00364152]]
[[-0.00055268  0.00202468  0.00250786]]
[[-0.00123908 -0.00118949  0.00469032]]
[[-0.00151111 -0.00146534  0.00312596]]
[[-0.00129777  0.00193812  0.00372228]]
[[-0.00118909 -0.00099829  0.00587157]]
[[-0.00207339  0.0027442   0.00314535]]
[[-0.00156204  0.00246795  0.00245496]]
[[-0.0016181   0.00141222  0.00640227]]
[[-0.00127909 -0.00127267  0.00501819]]
[[ -3.18459082e-03   3.04145179e-03  -1.78873089e-05]]
[[-0.00481865 -0.00075476  0.00314452]]
[[-0.00443634  0.00075584 -0.0046535 ]]
[[-0.00700237 -0.00095229 -0.00581362]]
[[-0.00519321  0.00116347 -0.00679214]]
[[-0.00402794  0.00069694 -0.00527036]]
[[-0.00212958  0.00079658 -0.00517928]]
[[ 0.00036134  0.00328822 -0.00165897]]
[[-0.00157819  0.00044535 -0.00079717]]
[[-0.00100232  0.00195456  0.00121487]]
[[-0.00325961  0.00015226 -0.00160793]]
[[-0.00412105  0.00028208 -0.00273351]]
[[ -3.74516390e-03   5.84274729e-05  -3.48732624e-03]]
[[-0.00455827  0.00172663 -0.00312865]]
[[-0.01066953 -0.00043468 -0.00467117]]
[[-0.00565985  0.00328914 -0.00685589]]
[[-0.0051126   0.00245737 -0.00686184]]
[[ 0.00413788  0.00539873 -0.00120206]]
[[ 0.00020964  0.00270158  0.00333833]]
[[-0.00383767  0.00056296 -0.00336622]]
[[ -2.60327014e-03   8.76759572e-05   6.36560959e-04]]
[[-0.00510239 -0.00148222 -0.00155365]]
[[-0.00381865 -0.00063028 -0.00015073]]
[[-0.0020516   0.00170651  0.00106844]]
[[-0.00598599 -0.00178119 -0.00304016]]
[[-0.00479592 -0.00187305 -0.0009285 ]]
[[-0.00294315  0.00037     0.00016724]]
[[-0.00017318  0.00270269  0.00190862]]
[[-0.00399342 -0.00096213 -0.00026553]]
[[-0.00478194 -0.00190984 -0.00314027]]
[[ -1.97035677e-03   1.08605938e-03  -3.97423920e-05]]
[[-0.00385071 -0.00198573 -0.00015263]]
[[-0.00167797  0.000775   -0.00077488]]
[[-0.00145988  0.00113592  0.00109919]]
[[ -2.06932849e-03  -3.00765344e-04   9.12492795e-05]]
[[-0.00662606 -0.00311893  0.00197449]]
[[-0.00053968  0.00116147 -0.00046406]]
[[-0.00123962  0.00046483 -0.00037019]]
[[  1.94298865e-03   2.54716493e-05   1.67345715e-07]]
[[ 0.00168849  0.00083472  0.00016023]]
[[  2.75742008e-03  -7.68878920e-04  -6.54548315e-05]]
[[ 0.00180419  0.00042984  0.00035712]]
[[ 0.00251621 -0.00112189  0.00043607]]
[[ 0.00183971  0.0004469   0.00089384]]
[[ 0.00172813 -0.00314071  0.00014857]]
[[ 0.00210454 -0.00483929 -0.00078484]]
[[ 0.00218463 -0.00294781 -0.00119323]]
[[ 0.00255506 -0.00435931 -0.00216908]]
[[ 0.00203127 -0.00109818 -0.00226118]]
[[  9.63569781e-04   7.44571162e-04   4.91070682e-05]]
[[ 0.0005238   0.00100125  0.00014898]]
[[ 0.00065259  0.00079585  0.00019956]]
[[ 0.00071935  0.00091799  0.00041056]]
[[ 0.00077689 -0.00706209 -0.00179102]]
[[ 0.00073566 -0.00728987 -0.00400797]]
[[  1.26046811e-03   2.68230662e-05  -2.25297031e-03]]
[[ 0.00256269 -0.0004011   0.00054764]]
[[ 0.00198126 -0.00413869  0.00069977]]
[[ 0.00169225 -0.00205559  0.00101211]]
[[ 0.00155397  0.00066931  0.00031385]]
[[ 0.00116658 -0.00714969  0.00078187]]
[[ 0.00161599 -0.00204698  0.00068273]]
[[  1.55603859e-03   8.53618634e-05  -1.05182872e-04]]
[[ 0.00068357  0.00100614  0.00010927]]
[[ 0.00076892 -0.00081721  0.00069248]]
[[ 0.00185847 -0.00413918  0.00099121]]
[[ 0.00060362  0.00056781 -0.00015804]]
[[ 0.00056304 -0.00019507  0.0007138 ]]
[[ 0.00054775  0.00058972 -0.00019703]]
[[ 0.00031695  0.00068231 -0.00017193]]
[[ 0.00048863  0.00045786  0.00041224]]
[[ 0.00027595 -0.00129543  0.00214896]]
[[ 0.00043323  0.00063819 -0.00039363]]
[[  5.23161974e-04   1.21477003e-03  -4.98287854e-05]]
[[ 0.0017786  -0.0005279  -0.00408889]]
[[-0.00188747 -0.00376403 -0.0048801 ]]
[[ 0.00113606 -0.00195695 -0.00507059]]
[[ 0.00112853  0.00179871 -0.0048286 ]]
[[ 0.00264267  0.00248351 -0.00434423]]
[[ 0.00458945  0.00569765 -0.00104316]]
[[ 0.00326717  0.0029191  -0.00035854]]
[[ 0.00343179  0.00454548  0.00171664]]
[[ 0.00203213  0.00026261 -0.00116229]]
[[ 0.00058293 -0.00155301 -0.0026413 ]]
[[ 0.0013086  -0.00078074 -0.00234821]]
[[ 0.00186987 -0.00103211 -0.00243933]]
[[-0.00660761 -0.00274876 -0.00389796]]
[[ 0.00141132 -0.00066695 -0.00527513]]
[[  4.04450196e-05   3.44850218e-03  -6.73128042e-03]]
[[ 0.00815586  0.00701603 -0.00069853]]
[[ 0.00453339  0.00461197  0.00370016]]
[[-0.00029627 -0.00124527 -0.00333455]]
[[ 0.00223062  0.00248825  0.00159489]]
[[ -5.61823905e-05  -2.60018490e-03  -1.51990747e-03]]
[[  1.97493718e-03  -5.77161502e-05   8.31434811e-04]]
[[ 0.00253888  0.00344171  0.00281667]]
[[-0.00230672 -0.00290928 -0.0028673 ]]
[[  8.27379983e-04  -2.83999071e-03   3.73723225e-05]]
[[ 0.00181874  0.00128243  0.00328618]]
[[ 0.00408928  0.00404223  0.00376585]]
[[ 0.00179814 -0.00082807  0.00198252]]
[[-0.00081205 -0.002912   -0.0023919 ]]
[[ 0.00244045  0.00166621  0.00513256]]
[[  2.39035556e-05  -4.16119767e-03   1.97097325e-03]]
[[ 0.00226967 -0.00200417  0.00664398]]
[[ 0.00352626  0.00199879  0.00517807]]
[[ 0.00165372 -0.00304408  0.00408639]]
[[-0.00347421 -0.00486664  0.00212564]]
[[ 0.00824592 -0.00311732  0.00956362]]
[[ 0.00148254 -0.0054285   0.00278584]]
[[ 0.00286994 -0.00031328  0.00085465]]
[[ 0.00256649  0.00069127  0.00078142]]
[[ 0.00332525 -0.00027647  0.00034872]]
[[ 0.00253616  0.00069091  0.00046524]]
[[ 0.00309654 -0.00062866  0.00029942]]
[[ 0.00265979  0.00058684  0.00068562]]
[[ 0.00172425 -0.0021283  -0.00052055]]
[[ 0.00114153 -0.00210671 -0.00075125]]
[[ 0.00220124 -0.00193013 -0.00047909]]
[[ 0.00151676 -0.00202212 -0.00047323]]
[[  2.09567457e-03  -1.66261927e-03   4.51518747e-05]]
[[ 0.00235089  0.00025383  0.00088411]]
[[ 0.00182298  0.00092072  0.0004848 ]]
[[ 0.00169649  0.00101567  0.0003843 ]]
[[ 0.00179046  0.00108627  0.00050414]]
[[ 0.00046225 -0.00162087 -0.00065521]]
[[ 0.00073257 -0.00164535 -0.00057926]]
[[  1.35354838e-03  -1.32548660e-03   8.93569422e-05]]
[[ 0.00341459 -0.00048106  0.00028615]]
[[ 0.00081562 -0.00206916 -0.00057478]]
[[ 0.00170453 -0.00219496 -0.00030668]]
[[ 0.00268408  0.00058461  0.00025082]]
[[ 0.0002716  -0.00147554 -0.00051422]]
[[ 0.00086683 -0.00178124 -0.00034971]]
[[ 0.00302256 -0.00018436 -0.0001608 ]]
[[ 0.00201259  0.00112347  0.00029601]]
[[  1.59315207e-03  -1.55746902e-03  -2.34906314e-05]]
[[ 0.00035988 -0.00134747 -0.00021899]]
[[ 0.00230824  0.00064625 -0.00030237]]
[[  1.42387846e-03  -1.02230971e-03   9.89497899e-05]]
[[ 0.00243525  0.00079844 -0.00079197]]
[[ 0.00210216  0.00111038 -0.00019016]]
[[ 0.00215118 -0.00023311 -0.00011633]]
[[ 0.00097942 -0.00103679  0.00019084]]
[[ 0.00201015  0.00143809 -0.00138136]]
[[ 0.00203029  0.00012658 -0.00059978]]
