[[-0.00251258  0.00040656 -0.00109568]]
[[-0.00140806  0.00042721 -0.00103944]]
[[ -1.92035533e-03   1.72403111e-05  -7.30573983e-04]]
[[-0.00243108  0.00116431 -0.00268874]]
[[-0.00029566  0.00270807 -0.00288712]]
[[ 0.00212351  0.00534772 -0.00037364]]
[[  6.04853842e-04   3.17982648e-03  -1.69768668e-07]]
[[ 0.00146416  0.00450245  0.00162045]]
[[-0.00050598  0.00222447 -0.0002473 ]]
[[-0.00081897  0.00123264 -0.00088197]]
[[-0.00109092  0.00137616 -0.00113557]]
[[ -2.99613658e-03  -9.19124866e-06  -1.53541841e-04]]
[[-0.00142389  0.00014492 -0.00064218]]
[[ -1.81576894e-03   6.66807746e-05  -1.28618169e-04]]
[[-0.00339991  0.00303404 -0.00532662]]
[[ 0.00573883  0.0070756  -0.0002096 ]]
[[ 0.00241385  0.00512613  0.00360529]]
[[-0.00106252  0.00076613 -0.00055635]]
[[  8.36586184e-05   2.78386753e-03   9.34058047e-04]]
[[-0.00068732  0.00144007 -0.00022148]]
[[-0.0005874   0.00212007  0.00015134]]
[[ 0.00087123  0.00369783  0.00146327]]
[[-0.00088026  0.00105236 -0.00027128]]
[[ -6.99680709e-04   1.36563266e-03   1.71362469e-07]]
[[ -5.41788456e-05   2.17263854e-03   1.03271345e-03]]
[[ 0.00211379  0.00483944  0.00276391]]
[[-0.00058037  0.0017523   0.00021975]]
[[-0.00085427  0.00103091 -0.00015273]]
[[ 0.00036436  0.0023162   0.00116021]]
[[ -7.28024292e-04   1.11651582e-03   3.21958600e-06]]
[[ -5.98152571e-05   1.66668722e-03   6.31573482e-04]]
[[ 0.00068835  0.0025627   0.00249389]]
[[-0.00050573  0.0013463   0.0002343 ]]
[[-0.00085146  0.00085485 -0.00017623]]
[[ 0.00052746  0.00159267  0.00080321]]
[[-0.0008543   0.00088892  0.00010482]]
[[-0.00114143  0.00090131  0.00127275]]
[[-0.00034088  0.00279746  0.00098119]]
[[-0.00013579  0.00252549  0.00074413]]
[[ 0.00018336  0.00388224  0.00099576]]
[[-0.00067034  0.00312503  0.00036177]]
[[ 0.00047458  0.00426396  0.00090262]]
[[-0.00396703 -0.00149366 -0.00124537]]
[[-0.00293936 -0.00261345 -0.00106839]]
[[ -2.99851347e-03  -1.57667022e-03   3.09947836e-05]]
[[ -1.59800182e-03  -2.35109883e-03   2.81795406e-05]]
[[-0.00185025 -0.00100144  0.00026334]]
[[-0.00185506  0.00062043  0.00185004]]
[[-0.00076342  0.00287281  0.00040771]]
[[ -6.71351137e-05   3.49240408e-03   6.21661282e-04]]
[[ 0.00023155  0.00378789  0.00070606]]
[[-0.00198708 -0.00244422 -0.00121684]]
[[-0.00017312 -0.00242045 -0.00033786]]
[[-0.00403538 -0.00065402  0.00066505]]
[[ -3.22978880e-04   3.14009542e-03   5.14600310e-05]]
[[-0.00320908 -0.00223509 -0.00195742]]
[[-0.0034485  -0.00107177 -0.00166953]]
[[ -6.75705229e-05   4.18409981e-03   1.80887863e-04]]
[[-0.00222989 -0.00186934 -0.00116222]]
[[-0.00296397 -0.00197599 -0.00195146]]
[[-0.00160892  0.00275964 -0.00073087]]
[[ 0.00015035  0.00385601  0.00033112]]
[[-0.00391841 -0.00100647 -0.00188788]]
[[-0.00147936 -0.00165788 -0.00110211]]
[[-0.00132422  0.00364843 -0.00055968]]
[[-0.0020786  -0.00173754 -0.00196671]]
[[-0.00210141  0.00273917 -0.00131857]]
[[ -3.18013119e-04   3.36314866e-03  -1.57457625e-05]]
[[ -2.63192246e-03  -9.02882891e-05  -1.67233212e-03]]
[[ 0.00027665 -0.00099191 -0.00211959]]
[[-0.00084524  0.0028836  -0.00123564]]
[[ -1.76645669e-03  -4.68116856e-06  -1.39636570e-03]]
[[-0.00215039 -0.00284818 -0.00104215]]
[[-0.00121953 -0.00240005 -0.00110328]]
[[-0.00179715 -0.00290958 -0.00062724]]
[[-0.0015068  -0.00243416 -0.00244324]]
[[ 0.00091743 -0.00114717 -0.00269784]]
[[ 0.00394737  0.00166351 -0.00019711]]
[[ 0.00244242 -0.00097649 -0.00033508]]
[[ 0.00375984  0.00095939  0.00117988]]
[[ 0.00029844 -0.0013698  -0.00091404]]
[[-0.000482   -0.00193993 -0.00127269]]
[[-0.00055545 -0.00197601 -0.00130742]]
[[-0.00270168 -0.00278609 -0.00016297]]
[[-0.00126363 -0.00237372 -0.00086057]]
[[-0.00162721 -0.00245568  0.00033983]]
[[-0.002012   -0.00017669 -0.00562448]]
[[  7.68492962e-03   4.12642512e-03   9.60670909e-05]]
[[ 0.00474717  0.00247977  0.00348461]]
[[-0.00087396 -0.00202101 -0.0010052 ]]
[[  2.10961783e-03  -1.20003419e-03   3.53302957e-05]]
[[-0.00025244 -0.00177885 -0.00109231]]
[[ 0.00038479 -0.00137108 -0.00080464]]
[[ 0.00333711  0.00035168  0.00060297]]
[[-0.00065306 -0.00182093 -0.00104933]]
[[ -9.64836182e-05  -1.68278982e-03  -1.08591200e-03]]
[[ 0.00205209 -0.00142259 -0.00024277]]
[[ 0.00474389  0.00239326  0.00217995]]
[[ 0.00045618 -0.00146801 -0.00095962]]
[[-0.00051861 -0.00169225 -0.00110844]]
[[  2.81371258e-03  -5.10048350e-04  -5.58847987e-05]]
[[ -4.81315537e-05  -1.56488028e-03  -1.18748480e-03]]
[[ 0.00166855 -0.00118196 -0.00085987]]
[[ 0.00315464  0.00067605  0.00164403]]
[[ 0.00041956 -0.00134923 -0.0012608 ]]
[[-0.00045652 -0.00156322 -0.00116046]]
[[ 0.00257216 -0.00068141 -0.00016185]]
[[  9.99334748e-05  -1.22563062e-03  -1.44389337e-03]]
[[ 0.00082805 -0.00472875  0.00101333]]
[[  4.96659455e-04  -4.17220133e-03  -5.08107571e-05]]
[[ 0.00153988 -0.00278467 -0.00050722]]
[[-0.00019113 -0.00031055 -0.00046926]]
[[ 0.00055064 -0.00192473 -0.00087829]]
[[ 0.00014574 -0.00015317 -0.00113749]]
[[-0.00138417 -0.00557748 -0.00184332]]
[[-0.00035379 -0.00648365 -0.00135496]]
[[-0.00028492 -0.00573874 -0.00020281]]
[[ 0.00066252 -0.00586692  0.00030819]]
[[ 0.00094391 -0.0055775   0.00104862]]
[[-0.00035513 -0.00467963  0.00116169]]
[[-0.00384431 -0.00489761 -0.0037421 ]]
[[-0.00361222  0.00260561 -0.0012653 ]]
[[-0.00369768  0.00195909 -0.00208106]]
[[ 0.0004045  -0.00583256 -0.00101537]]
[[ 0.00049042 -0.00527476 -0.00016842]]
[[ 0.00010542 -0.00490775  0.00156175]]
[[ 0.00095341 -0.0012929  -0.00178545]]
[[-0.00046833 -0.00616429 -0.00268555]]
[[-0.0008821  -0.00493832 -0.00249999]]
[[-0.00051166  0.00071528 -0.00199012]]
[[ 0.00046491 -0.00544175 -0.00177756]]
[[-0.00039879 -0.00561884 -0.0027546 ]]
[[-0.000624   -0.00109073 -0.00251842]]
[[-0.00332666  0.00325856 -0.00233447]]
[[-0.00162892 -0.00447696 -0.00265251]]
[[ 0.00044892 -0.00491595 -0.00182811]]
[[-0.00210638  0.00066803 -0.00243281]]
[[-0.00029382 -0.0047659  -0.00267194]]
[[-0.00093994 -0.0009462  -0.0026326 ]]
[[-0.00489032  0.00270595 -0.00162908]]
[[-0.00055279 -0.00318975 -0.00317351]]
[[ 0.00067815 -0.0043475  -0.00165064]]
[[ 0.00044182 -0.00052108 -0.00311989]]
[[ 0.00075172 -0.00253373 -0.00347513]]
[[-0.00156608  0.00028935 -0.00434053]]
[[  2.18435354e-05   1.16783438e-04  -4.31455114e-03]]
[[ -2.26769538e-04  -5.31093895e-05  -4.46540977e-03]]
[[-0.00132602  0.00109711 -0.00678973]]
[[ 0.00155379  0.00287754 -0.00622315]]
[[ 0.00411023  0.0057912  -0.00271284]]
[[ 0.00238781  0.00332208 -0.00187984]]
[[ 0.00327227  0.0046588   0.0004074 ]]
[[ 0.00115145  0.00237414 -0.00187773]]
[[ 0.00064933  0.00131337 -0.00298479]]
[[ 0.00056743  0.00144444 -0.00383147]]
[[ -3.10859663e-03  -9.83564917e-05  -2.42348692e-04]]
[[-0.00023999 -0.00045726 -0.00298462]]
[[ 0.00048731 -0.00060426 -0.00315403]]
[[-0.00204093  0.00357082 -0.01055796]]
[[ 0.00800148  0.00733409 -0.00220115]]
[[ 0.00441911  0.00500239  0.00265532]]
[[ 0.00023787  0.00072036 -0.00210035]]
[[  1.75404344e-03   2.75872064e-03  -4.69314873e-05]]
[[ 0.00076236  0.00160307 -0.00141576]]
[[ 0.00102188  0.00223705 -0.00072764]]
[[ 0.00253119  0.0036124   0.00088558]]
[[ 0.00045867  0.00117073 -0.00111575]]
[[ 0.00071254  0.00152776 -0.00056322]]
[[ 0.00149033  0.0020333   0.00067215]]
[[ 0.00394064  0.00443565  0.00233265]]
[[ 0.00089764  0.00180176 -0.00011487]]
[[ 0.0004851   0.00119288 -0.00050774]]
[[ 0.0018441   0.00207688  0.00105725]]
[[  5.80821534e-04   1.21757013e-03  -8.46095638e-05]]
[[ 0.00127951  0.00147178  0.00069307]]
[[ 0.00236436  0.00201621  0.00243425]]
[[ 0.00074001  0.0013187   0.00032484]]
[[ 0.00041977  0.00100393 -0.00018228]]
[[ 0.00194335  0.00121194  0.00095252]]
[[ 0.00030753  0.00072309  0.00033651]]
[[ 0.00372342  0.00086067 -0.00032473]]
[[ 0.00261985  0.00173335 -0.0005068 ]]
[[ 0.0031931   0.00048889 -0.00089486]]
[[ 0.0021337   0.00152298 -0.00062348]]
[[  2.68716293e-03  -5.87746395e-06  -7.83322557e-04]]
[[ 0.00207221  0.00117772 -0.0003491 ]]
[[ 0.00140217 -0.00152699 -0.00160721]]
[[ 0.00096637 -0.00152102 -0.00186097]]
[[ 0.00214577 -0.00124569 -0.0017002 ]]
[[ 0.00176526 -0.00132967 -0.001729  ]]
[[ 0.0029879  -0.00068613 -0.00108599]]
[[ 0.00465274  0.00117485  0.00091048]]
[[ 0.00157713  0.00184477 -0.00075773]]
[[ 0.00098988  0.0017875  -0.0005882 ]]
[[ 0.00090979  0.00156838 -0.00039446]]
[[ 0.0002365  -0.00112925 -0.00154002]]
[[ 0.00095768 -0.00104419 -0.00162804]]
[[ 0.00268642 -0.00015425  0.00012099]]
[[  2.71973216e-03  -5.65655061e-05  -7.98867740e-04]]
[[ 0.0003923  -0.00151091 -0.00157372]]
[[ 0.00105892 -0.00168546 -0.00134549]]
[[ 0.00174972  0.00085026 -0.00077651]]
[[-0.00019724 -0.00096105 -0.00130559]]
[[  4.48236240e-05  -1.26806825e-03  -1.25525551e-03]]
[[ 0.00171525 -0.00018803 -0.00109394]]
[[ 0.00083864  0.00120177 -0.00059209]]
[[ 0.00036139 -0.0012468  -0.00089862]]
[[-0.00045893 -0.0008052  -0.00092673]]
[[ 0.00073008  0.00035559 -0.00079247]]
[[  4.79160306e-05  -7.66512308e-04  -4.07657926e-04]]
[[  6.53561849e-04   7.19012403e-05  -6.11584784e-04]]
[[ 0.00042928  0.00056013 -0.00061478]]
[[ 0.00046713 -0.00035986 -0.00024699]]
[[-0.00028047 -0.00060088 -0.00025808]]
[[ 0.00041944  0.00035606 -0.00052578]]
[[ 0.00041101 -0.00017689 -0.00031254]]
[[-0.00121848 -0.00021951 -0.00260868]]
[[ 0.00050951 -0.00308052 -0.00429668]]
[[ 0.0002884  -0.00235678 -0.00306568]]
[[-0.00224274  0.00159205 -0.0060238 ]]
[[ 0.00140795  0.00272677 -0.00543418]]
[[ 0.00307647  0.00629906 -0.00163615]]
[[ 0.00203345  0.00308413 -0.0006271 ]]
[[ 0.00134022  0.00563208  0.0016319 ]]
[[  2.51040249e-03   1.05440903e-06  -8.13413473e-04]]
[[ 0.00173869 -0.00258134 -0.00271402]]
[[ 0.00223348 -0.00078517 -0.0031294 ]]
[[-0.00264253 -0.00021573  0.00226528]]
[[-0.00024336 -0.00427342 -0.00352385]]
[[-0.00016977 -0.00280436 -0.00117209]]
[[-0.0049034   0.00476074 -0.00987333]]
[[ 0.0047574   0.00929318 -0.00164906]]
[[ 0.00054308  0.00723472  0.00358598]]
[[ 0.00075344 -0.00372086 -0.00239547]]
[[ -4.25128445e-05   3.11873671e-03   1.33120130e-03]]
[[ 0.00106347 -0.0024022  -0.00102172]]
[[ 0.00125998  0.00018091  0.00063186]]
[[-0.00053713  0.00504087  0.00212342]]
[[ 0.00059302 -0.00368829 -0.00136736]]
[[ 0.00047017 -0.00216608 -0.00020867]]
[[-0.00119796  0.00288871  0.00150372]]
[[-0.00034987  0.00675671  0.00285822]]
[[ 0.00021172  0.0001945   0.00053255]]
[[ 0.00013223 -0.00363657 -0.00087421]]
[[-0.00117357  0.00366047  0.00160754]]
[[ -3.22794238e-04  -1.38294067e-03  -6.39760712e-05]]
[[-0.00137195  0.00221911  0.00091872]]
[[-0.00201805  0.00456524  0.0028406 ]]
[[-0.00078371  0.00070365  0.00048226]]
[[-0.00059165 -0.00268834  0.00014683]]
[[-0.00136809  0.00266856  0.00071779]]
[[ -1.50745818e-03   7.50580096e-04   1.16335208e-05]]
[[  2.80246116e-03  -8.20017350e-05  -7.32048946e-04]]
[[ 0.00031778  0.00140527 -0.00170338]]
[[  3.23478985e-03  -2.26247134e-05  -1.92214888e-03]]
[[-0.00077837  0.00465466 -0.0010081 ]]
[[ 0.00274502  0.00029405 -0.00046553]]
[[ -6.17109642e-04   4.28470537e-03   3.95669631e-05]]
[[  4.83391819e-03  -3.02016734e-03  -7.53346378e-05]]
[[ 0.00588814 -0.00606513 -0.00108346]]
[[ 0.0050729  -0.00353662 -0.00156678]]
[[ 0.00649984 -0.00668932 -0.00266749]]
[[ 0.00495588 -0.00195072 -0.00289657]]
[[ 0.00135646 -0.00027323  0.00079043]]
[[-0.00539792  0.00158003 -0.00498591]]
[[-0.00536297  0.00891302 -0.00154774]]
[[-0.00528635  0.00812784 -0.00064119]]
[[ 0.00558574 -0.00901855 -0.00200821]]
[[ 0.0067991  -0.01037175 -0.00354957]]
[[ 0.004269   -0.00048866 -0.00202926]]
[[ 0.00278146  0.00105127  0.00019509]]
[[ 0.00567513 -0.005046    0.00053039]]
[[ 0.00459095 -0.0019501   0.00109944]]
[[-0.00104208  0.00454181  0.00023132]]
[[ 0.00568392 -0.00875967  0.00082538]]
[[ 0.00507654 -0.00365632  0.00115013]]
[[ 0.00110295  0.00135765  0.00041276]]
[[ -5.00195135e-03   8.38843075e-03  -1.46218696e-05]]
[[ 0.00270896 -0.00119605  0.00195135]]
[[ 0.00710509 -0.0063864   0.00150177]]
[[-0.00325971  0.00432251  0.00078808]]
[[ 0.00324516 -0.00333868  0.00321977]]
[[-0.00224357  0.00196561  0.00170596]]
[[-0.00657186  0.00730085  0.0005028 ]]
[[ -3.08945666e-04  -1.71943101e-05   4.67591419e-03]]
[[ 0.00590602 -0.00512304  0.00274674]]
[[-0.00419432  0.00249564  0.00052179]]
[[-0.00538953 -0.0024183   0.002525  ]]
[[ -1.88362262e-03  -5.51235833e-06  -1.07728439e-03]]
[[ -8.35496962e-04   8.32722069e-05  -3.43642414e-04]]
[[-0.00133856 -0.00040821 -0.00027569]]
[[-0.00162165  0.00089681 -0.00218199]]
[[ 0.0003855   0.00222658 -0.00194259]]
[[ 0.00281428  0.00494916  0.00101002]]
[[ 0.00103283  0.00252692  0.00174218]]
[[ 0.00189744  0.00394321  0.00384059]]
[[-0.00011326  0.00167317  0.00146013]]
[[-0.00041877  0.00076706  0.00036448]]
[[ -4.70673728e-04   9.85677406e-04  -9.60090152e-05]]
[[-0.00262207 -0.00036618 -0.00046521]]
[[ -8.43458706e-04  -1.47374294e-04   2.69521596e-05]]
[[-0.00122444 -0.00045658  0.00018714]]
[[-0.0023631   0.00277255 -0.00492012]]
[[ 0.00670328  0.00662243  0.00099412]]
[[ 0.00315289  0.00448685  0.00551602]]
[[-0.00063586  0.00037357  0.00046327]]
[[  9.85956104e-05   1.82139742e-03   3.65577916e-03]]
[[-0.0006296   0.00068669  0.00164223]]
[[-0.00061735  0.00117612  0.0026615 ]]
[[ 0.00081936  0.00279753  0.00495094]]
[[-0.00076464  0.00039683  0.00114968]]
[[-0.00135478 -0.00017325  0.00273644]]
[[-0.00086103  0.00043507  0.00535944]]
[[ 0.00241803  0.00403265  0.00574512]]
[[-0.00151652 -0.00010863  0.00378528]]
[[-0.00137365 -0.00027992  0.00164466]]
[[-0.0001853   0.00122229  0.00737755]]
[[-0.00303045 -0.00250033  0.003647  ]]
[[-0.00193011 -0.00270266  0.00862754]]
[[ 0.0008377   0.00224576  0.00726253]]
[[-0.0029103  -0.00315017  0.00513294]]
[[-0.00275834 -0.0020032   0.00127972]]
[[ 0.00194704 -0.0026957   0.01109209]]
[[-0.00452433 -0.00464429  0.00345226]]
[[ 0.00103961 -0.00026725  0.00237243]]
[[ 0.00079526  0.00093269  0.00243602]]
[[ 0.00164139 -0.00016006  0.00226681]]
[[ 0.00074718  0.00111546  0.00252626]]
[[ 0.00132525 -0.00043319  0.00269411]]
[[ 0.000608    0.00121679  0.00334371]]
[[ -7.73728863e-06  -2.08151806e-03   2.10892678e-03]]
[[-0.00037911 -0.0021551   0.00149055]]
[[ 0.00058463 -0.00188761  0.0015681 ]]
[[ -4.15287600e-05  -1.99610892e-03   1.25973064e-03]]
[[ 0.00042524 -0.00166005  0.00159995]]
[[ 0.00013734  0.00032509  0.00213038]]
[[-0.00016987  0.00125487  0.00174093]]
[[-0.00025454  0.00154984  0.00192868]]
[[-0.0003865   0.0019111   0.00241873]]
[[-0.00095249 -0.00163274  0.00118318]]
[[-0.00072993 -0.00157411  0.00075822]]
[[-0.00030018 -0.00161379  0.00123631]]
[[ 0.00122813 -0.00014126  0.00344269]]
[[-0.00093027 -0.0021119   0.00237118]]
[[-0.00049423 -0.00202991  0.00325625]]
[[ -1.33121255e-05   1.57986947e-03   3.84729186e-03]]
[[-0.00133208 -0.00153431  0.00204328]]
[[-0.00143881 -0.00182198  0.00386127]]
[[-0.00019596  0.00066436  0.00421907]]
[[-0.00073468  0.00242712  0.00275556]]
[[-0.00163872 -0.00104396  0.00542499]]
[[-0.00170706 -0.00146158  0.00356493]]
[[-0.00190942  0.00256515  0.00455767]]
[[-0.00168948 -0.00115022  0.00686891]]
[[-0.00306317  0.00312744  0.00427291]]
[[-0.00198626  0.00329467  0.00287437]]
[[-0.00272186  0.00143123  0.00789273]]
[[-0.00168852 -0.0014739   0.0057733 ]]
[[-0.00482297  0.00369038  0.00102938]]
[[-0.00667323 -0.0013277   0.00475963]]
[[-0.00456302  0.0025876  -0.00450255]]
[[-0.00759578  0.00011136 -0.00566214]]
[[-0.0056803   0.00241532 -0.00654452]]
[[-0.00343218  0.00353749 -0.00477972]]
[[-0.002179    0.0031603  -0.00491124]]
[[ 0.00101665  0.00646185 -0.0009546 ]]
[[-0.00150942  0.00326572 -0.00048223]]
[[  9.82664333e-05   5.85650288e-03   2.14112974e-03]]
[[-0.00399645  0.0021848  -0.00136162]]
[[-0.00477595  0.00160117 -0.00258596]]
[[-0.00432851  0.00169028 -0.00321989]]
[[-0.00461568  0.00328206 -0.00287129]]
[[-0.01137422  0.00038672 -0.00454844]]
[[-0.00628517  0.00414182 -0.00677229]]
[[-0.00329757  0.00547418 -0.00617032]]
[[ 0.00580662  0.0085289  -0.00032728]]
[[ 0.00250578  0.00665521  0.00428588]]
[[-0.00460063  0.00158906 -0.0032849 ]]
[[-0.00231204  0.00323938  0.00107671]]
[[-0.00580241  0.00010199 -0.0015471 ]]
[[-0.00441901  0.00174544 -0.00011443]]
[[-0.00071925  0.00563694  0.00206822]]
[[-0.00675718 -0.00057415 -0.00307013]]
[[ -5.22954359e-03  -8.92353360e-05  -1.05010049e-03]]
[[-0.00242033  0.00331044  0.00081854]]
[[ 0.00220669  0.00685417  0.00357455]]
[[-0.00419348  0.00136979 -0.00016835]]
[[-0.00536829 -0.00054535 -0.00323971]]
[[-0.00066183  0.00463821  0.0011607 ]]
[[-0.00407421 -0.00025292 -0.00023218]]
[[-0.00108131  0.00334408 -0.0001319 ]]
[[ 0.00111985  0.00481662  0.00287118]]
[[-0.00198526  0.00175045  0.00031556]]
[[-0.00699006 -0.0017576   0.00187635]]
[[  5.25459732e-04   3.46862777e-03  -1.44571681e-05]]
[[-0.00145414  0.00186151 -0.00021034]]
[[ 0.00147931  0.00185076  0.00128863]]
[[ 0.00119402  0.00271941  0.00117861]]
[[ 0.0023546   0.001579    0.00094145]]
[[ 0.0013696  0.0026751  0.001047 ]]
[[ 0.00225882  0.00151834  0.0009625 ]]
[[ 0.00157764  0.00277167  0.00109759]]
[[ 0.00202793  0.00024608  0.0009468 ]]
[[ 0.00245516 -0.00092533  0.00074476]]
[[  2.22510412e-03  -8.50797676e-05   4.68674025e-04]]
[[ 0.00274616 -0.00144895 -0.00019942]]
[[ 0.00187713  0.00099828 -0.00035783]]
[[ 0.00050378  0.00204114  0.00143426]]
[[  1.13644974e-05   2.75498784e-03   8.65247328e-04]]
[[ 0.00015132  0.00280031  0.00071884]]
[[ 0.00031089  0.00296992  0.0006379 ]]
[[ 0.00296094 -0.00285001  0.0007519 ]]
[[ 0.00228466 -0.00444126 -0.00164286]]
[[ 0.00154787  0.00180441 -0.00033906]]
[[ 0.00248702  0.00214204  0.00053615]]
[[ 0.00252816 -0.00014093  0.00124023]]
[[ 0.00205924  0.00115103  0.00098505]]
[[  1.46593645e-03   2.86476717e-03   4.41910458e-05]]
[[ 0.00355037 -0.00267885  0.00180031]]
[[ 0.00225089  0.00150318  0.0006159 ]]
[[ 0.00160433  0.00230745 -0.0005642 ]]
[[  3.99805840e-04   2.94797201e-03   1.69875668e-05]]
[[  1.26653249e-03   2.01701823e-03   6.59264419e-05]]
[[ 0.0039937  -0.00024862  0.00130122]]
[[ 0.00060379  0.00236802 -0.00080388]]
[[ 0.0011532   0.00272565 -0.00014412]]
[[ 0.00061126  0.00227623 -0.00102872]]
[[ 0.00013573  0.00228334 -0.00050793]]
[[ 0.00089171  0.00250771 -0.00075648]]
[[ 0.00193715  0.00194028  0.00161063]]
[[ 0.00053207  0.00201994 -0.00134009]]
[[ 0.00113855  0.00275772 -0.00113753]]
[[ 0.00300647 -0.00084301 -0.00294693]]
[[-0.00103204 -0.00514756 -0.00420183]]
[[ 0.00206966 -0.0029095  -0.00402982]]
[[ 0.002757    0.00211189 -0.00367993]]
[[ 0.00461755  0.00226831 -0.00336504]]
[[  6.71081378e-03   6.35009655e-03  -1.10972541e-06]]
[[ 0.00573228  0.00289972  0.00033228]]
[[ 0.00569935  0.00558195  0.00240799]]
[[ 0.00399891 -0.00078572 -0.00083731]]
[[ 0.00186478 -0.00313984 -0.00234451]]
[[ 0.00288457 -0.00189318 -0.00157159]]
[[ 0.00285839 -0.00112698 -0.00119475]]
[[-0.00619945 -0.00411158 -0.00357822]]
[[ 0.00187848 -0.00171075 -0.00437194]]
[[ 0.0014533   0.00435606 -0.0058193 ]]
[[ 0.00986381  0.00831156  0.00021982]]
[[ 0.00629217  0.00620316  0.00442504]]
[[ 0.00033848 -0.00283882 -0.00331009]]
[[ 0.00461796  0.00273401  0.00191037]]
[[ 0.00138673 -0.00404429 -0.00171189]]
[[ 0.00398651 -0.00079631  0.00077667]]
[[ 0.00460875  0.00454327  0.00307862]]
[[-0.00152545 -0.00443422 -0.00319279]]
[[ 0.00236641 -0.00391942 -0.00042102]]
[[ 0.00390103  0.00180411  0.00324244]]
[[ 0.00564615  0.00562441  0.00418156]]
[[ 0.00380674 -0.00125285  0.00165949]]
[[  8.17594927e-05  -4.18598673e-03  -2.91303863e-03]]
[[ 0.00409062  0.00276851  0.00508674]]
[[ 0.00155204 -0.00482751  0.0012214 ]]
[[ 0.00381575 -0.00136236  0.00627826]]
[[ 0.00473325  0.00342862  0.00539931]]
[[ 0.00324108 -0.00304458  0.00333807]]
[[-0.00255316 -0.00580165  0.00142927]]
[[ 0.00949973 -0.00227834  0.00910063]]
[[ 0.00256578 -0.00568866  0.00186986]]
[[ 0.00325427  0.00037891  0.00111824]]
[[ 0.00279485  0.00172724  0.00102583]]
[[ 0.00373922  0.00055476  0.00056388]]
[[ 0.00273699  0.00185912  0.00066621]]
[[ 0.00348958  0.0002603   0.00043487]]
[[ 0.0028199   0.00173629  0.0008078 ]]
[[ 0.00224138 -0.00154419 -0.00039856]]
[[ 0.00167501 -0.00170996 -0.00060192]]
[[ 0.00270787 -0.00140851 -0.00024812]]
[[ 0.0020142  -0.00169867 -0.00022545]]
[[ 0.00253082 -0.00125595  0.00034846]]
[[ 0.0026751   0.00094922  0.00121416]]
[[ 0.00181727  0.00215445  0.00065105]]
[[ 0.00160325  0.00237779  0.00053298]]
[[ 0.00164403  0.0024267   0.00062902]]
[[ 0.00099315 -0.00136928 -0.00050565]]
[[ 0.00123023 -0.00145134 -0.00035404]]
[[ 0.00181709 -0.00106097  0.00038528]]
[[ 0.0037583   0.00038309  0.0003425 ]]
[[ 0.00131505 -0.00164627 -0.00053063]]
[[ 0.00216814 -0.00160307 -0.00028132]]
[[ 0.00278568  0.00163408  0.00028801]]
[[ 0.00077323 -0.00119225 -0.00045345]]
[[ 0.0012794  -0.00135931 -0.0003888 ]]
[[ 0.00327816  0.00057944 -0.00015445]]
[[ 0.00183466  0.00232711  0.000391  ]]
[[  1.94791867e-03  -1.00735398e-03  -7.24816014e-05]]
[[ 0.00078324 -0.00104399 -0.00023102]]
[[ 0.00233913  0.00152172 -0.0003082 ]]
[[  1.72430691e-03  -6.17779742e-04   5.65522446e-06]]
[[ 0.00256032  0.00140361 -0.00082993]]
[[ 0.00190611  0.00210312 -0.00010887]]
[[ 0.00237377  0.00023366 -0.00020634]]
[[ 0.00130087 -0.00072729  0.00013341]]
[[ 0.00207923  0.00203559 -0.0014533 ]]
[[ 0.00226587  0.00043623 -0.00067447]]
