[[-0.00262449  0.00043094 -0.00206904]]
[[-0.00138502  0.0004447  -0.00175117]]
[[ -2.00354682e-03   1.06025099e-05  -1.48773491e-03]]
[[-0.00244241  0.00126517 -0.00356764]]
[[-0.00013933  0.00286044 -0.00375619]]
[[ 0.00238701  0.005532   -0.00116351]]
[[ 0.00097505  0.0033883  -0.00072693]]
[[ 0.00195191  0.00476025  0.00105626]]
[[-0.00019487  0.00239482 -0.00082999]]
[[-0.00061242  0.00135879 -0.00150355]]
[[-0.00096525  0.00146745 -0.00184327]]
[[ -3.29806856e-03  -1.89526128e-05  -1.19589905e-03]]
[[-0.00143149  0.00011682 -0.0011554 ]]
[[-0.00193248  0.00012072 -0.00077805]]
[[-0.00348103  0.00313248 -0.00620764]]
[[ 0.00600097  0.00724624 -0.00097861]]
[[ 0.0029716   0.00535864  0.0030719 ]]
[[-0.00090276  0.00085149 -0.00100306]]
[[ 0.00060039  0.00301548  0.00042695]]
[[-0.00034495  0.00163643 -0.00069469]]
[[-0.00014239  0.00235376 -0.00025836]]
[[ 0.0015011   0.00399938  0.00113325]]
[[-0.00059135  0.00121549 -0.00059532]]
[[-0.00025816  0.00161812 -0.00030606]]
[[ 0.00054661  0.00241797  0.00077679]]
[[ 0.00286039  0.00509524  0.00248167]]
[[ -6.43666452e-05   2.01695421e-03   1.88509474e-06]]
[[-0.00046911  0.00125167 -0.00034195]]
[[ 0.00103651  0.00260104  0.00106958]]
[[-0.00024484  0.00138427 -0.00011962]]
[[ 0.00054218  0.00190508  0.0005824 ]]
[[ 0.00150067  0.0027929   0.0024514 ]]
[[  8.76957488e-07   1.59484371e-03   2.10550194e-04]]
[[-0.00041851  0.00110311 -0.00023399]]
[[ 0.00120472  0.00177427  0.0007902 ]]
[[-0.00041398  0.00102301  0.00014035]]
[[-0.00104432  0.00130586 -0.00038954]]
[[  1.40056622e-05   3.22257378e-03  -4.66851543e-04]]
[[ 0.00054775  0.00282188 -0.00060248]]
[[ 0.00098542  0.00408048 -0.00010723]]
[[ 0.00038858  0.00329133 -0.00056291]]
[[ 0.00152863  0.00429211  0.00020078]]
[[-0.00281654 -0.00115943 -0.00227423]]
[[-0.0019718  -0.00232238 -0.00232877]]
[[-0.00221604 -0.00119062 -0.00152332]]
[[-0.001099   -0.00207072 -0.00171073]]
[[-0.00172665 -0.00053942 -0.00176236]]
[[-0.00202354  0.00089617  0.00019958]]
[[-0.00049979  0.00320206 -0.00063342]]
[[ 0.00061368  0.00358563 -0.00020465]]
[[ 0.00116228  0.00369324  0.00017743]]
[[-0.00097753 -0.00214758 -0.00224441]]
[[ 0.00027587 -0.00222867 -0.00181943]]
[[-0.0043607  -0.00016108 -0.0014548 ]]
[[ 0.00088207  0.00317486 -0.00041899]]
[[-0.00197634 -0.0020152  -0.00267118]]
[[-0.00216169 -0.0008556  -0.00213767]]
[[  1.04691505e-03   4.07272247e-03  -9.40355401e-05]]
[[-0.00092363 -0.001566   -0.00167471]]
[[-0.00169402 -0.00182976 -0.0021435 ]]
[[-0.00045023  0.00267646 -0.00079687]]
[[ 0.0011649   0.00361937  0.0001268 ]]
[[-0.00268254 -0.00091468 -0.00188108]]
[[-0.00013879 -0.00138956 -0.00115618]]
[[-0.00030772  0.00342091 -0.00048527]]
[[-0.00095779 -0.00167904 -0.00176375]]
[[-0.00113812  0.0025571  -0.00106243]]
[[  6.37229563e-04   3.03094252e-03   4.35987257e-05]]
[[ -1.60054137e-03  -9.47932905e-05  -1.33682137e-03]]
[[ 0.00149236 -0.00079338 -0.00183474]]
[[  1.75263538e-05   2.69804877e-03  -8.50902328e-04]]
[[ -7.62805538e-04   9.19394749e-05  -9.42773943e-04]]
[[-0.00178963 -0.00291017 -0.00237228]]
[[-0.00092228 -0.0022946  -0.00193943]]
[[-0.00154339 -0.00295239 -0.00154513]]
[[-0.00100759 -0.002249   -0.00361413]]
[[ 0.00149219 -0.000729   -0.00383309]]
[[ 0.00466119  0.00238872 -0.00110599]]
[[ 0.00312837 -0.00020764 -0.00116957]]
[[ 0.00463582  0.00215204  0.00075263]]
[[ 0.00080462 -0.00077083 -0.00148031]]
[[ -6.29966818e-05  -1.53147863e-03  -1.94661915e-03]]
[[-0.00014943 -0.00167749 -0.00210627]]
[[-0.00239686 -0.00318931 -0.00161435]]
[[-0.00105409 -0.00232273 -0.00140728]]
[[-0.00136591 -0.00249563 -0.00045364]]
[[ -1.36868821e-03  -5.83959543e-05  -6.91039855e-03]]
[[ 0.00857607  0.00495359 -0.00084246]]
[[ 0.00583048  0.00389525  0.00308843]]
[[-0.00054793 -0.00169535 -0.00144124]]
[[ 0.00281516 -0.00021971 -0.00035932]]
[[ 0.00023599 -0.00115105 -0.00151435]]
[[ 0.00094131 -0.00055935 -0.00110026]]
[[ 0.00422307  0.00175513  0.00057554]]
[[-0.00025045 -0.00128509 -0.00129451]]
[[ 0.0004216  -0.0009118  -0.00126208]]
[[ 0.00272725 -0.00035042 -0.00022669]]
[[ 0.00584889  0.00406712  0.00228112]]
[[ 0.00101599 -0.00056277 -0.00098142]]
[[ -7.49190028e-05  -1.02512873e-03  -1.16519503e-03]]
[[ 0.00361739  0.00089054  0.00030782]]
[[ 0.00044195 -0.00076289 -0.00112551]]
[[ 0.00225487 -0.00016132 -0.00054089]]
[[ 0.004168    0.00234612  0.00215378]]
[[ 0.00091999 -0.00047883 -0.00098734]]
[[ -1.53276567e-05  -8.52556643e-04  -1.05888688e-03]]
[[ 0.00315316  0.00033209  0.00013604]]
[[ 0.00042393 -0.0006286  -0.00110575]]
[[ 0.00207837 -0.00382421 -0.00166871]]
[[ 0.0016699  -0.00215764 -0.00220377]]
[[ 0.00250254 -0.00056481 -0.00231444]]
[[ 0.00072677  0.00302787 -0.00155379]]
[[ 0.00120325  0.00102245 -0.00169261]]
[[ 0.00074356  0.00371686 -0.0011547 ]]
[[-0.00117969 -0.00344674 -0.00253605]]
[[ -6.58252654e-05  -4.86553348e-03  -2.35114481e-03]]
[[ 0.00020182 -0.0041646  -0.00146132]]
[[ 0.00121816 -0.00487902 -0.00114919]]
[[ 0.00165433 -0.00486619 -0.00065105]]
[[ 0.00133269 -0.00482634 -0.00181468]]
[[-0.00148947 -0.00239263 -0.00602743]]
[[-0.00105846  0.00659589 -0.00200414]]
[[-0.0012134   0.00658436 -0.00127917]]
[[ 0.00048689 -0.00450384 -0.00162041]]
[[ 0.00079531 -0.00449991 -0.00103561]]
[[  7.43827719e-04  -4.39327211e-03  -6.20347909e-05]]
[[ 0.00133159  0.00170666 -0.00162958]]
[[-0.00044077 -0.00429883 -0.00308978]]
[[-0.00091563 -0.00269181 -0.00257668]]
[[-0.00021643  0.00432096 -0.00124588]]
[[ 0.00035151 -0.00386647 -0.00201723]]
[[-0.00057796 -0.00375219 -0.00263804]]
[[-0.00048132  0.00154509 -0.00168096]]
[[-0.00142189  0.00743795 -0.00070282]]
[[-0.00183057 -0.00241577 -0.0022495 ]]
[[ 0.00019759 -0.00329206 -0.00174181]]
[[-0.00196223  0.00367506 -0.00120403]]
[[-0.0005819  -0.00310357 -0.00218997]]
[[-0.00100433  0.00110941 -0.00136126]]
[[-0.00339188  0.0060665   0.00027377]]
[[-0.00086472 -0.00149365 -0.00242062]]
[[ 0.00036079 -0.00284607 -0.00132121]]
[[ 0.00078038  0.00132429 -0.00174652]]
[[ 0.00046471 -0.00135785 -0.00258106]]
[[-0.00066584  0.00151034 -0.00142181]]
[[ 0.00039163  0.00084111 -0.00288565]]
[[ 0.00049775  0.00108533 -0.00286968]]
[[-0.00079272  0.00179862 -0.00428669]]
[[ 0.00163491  0.00319753 -0.00429757]]
[[ 0.00403394  0.00583518 -0.00132171]]
[[ 0.00233967  0.00338612 -0.00075993]]
[[ 0.00317697  0.00462607  0.00121238]]
[[ 0.00115997  0.00253468 -0.00099009]]
[[ 0.00076945  0.00165136 -0.00193344]]
[[ 0.00076078  0.00190613 -0.00252948]]
[[-0.00085534  0.00174281  0.00287169]]
[[ 0.00018255  0.00032019 -0.00204184]]
[[ 0.00117449  0.00030287 -0.00205764]]
[[-0.00171712  0.00388245 -0.00721353]]
[[ 0.00786401  0.00730264 -0.00082224]]
[[ 0.00431973  0.00493973  0.00338408]]
[[ 0.00042832  0.00113224 -0.00135695]]
[[ 0.00169474  0.00276848  0.00065805]]
[[ 0.00079822  0.00177336 -0.00068874]]
[[ 0.00098831  0.00228348 -0.00012948]]
[[ 0.00244849  0.00355792  0.00140702]]
[[ 0.0005498   0.00139621 -0.00057252]]
[[  7.07474902e-04   1.58818795e-03  -5.99176220e-05]]
[[ 0.00143814  0.00201467  0.00113432]]
[[ 0.00386317  0.00436867  0.00278563]]
[[ 0.00085769  0.00180039  0.00030018]]
[[ 0.0005211   0.0013027  -0.00011572]]
[[ 0.00178452  0.00203468  0.00141928]]
[[ 0.00056299  0.0012339   0.00025658]]
[[ 0.00123295  0.00144092  0.00102254]]
[[ 0.00231069  0.00196739  0.00274251]]
[[ 0.00071112  0.00131376  0.00063895]]
[[  4.31669737e-04   1.05785768e-03   9.77914470e-05]]
[[ 0.00187794  0.00113663  0.00121731]]
[[ 0.00029242  0.00074018  0.00063382]]
[[ 0.00231649  0.00023903  0.00167531]]
[[ 0.00195474  0.00096518  0.0009292 ]]
[[ 0.00262953  0.00019194  0.00024559]]
[[ 0.00181736  0.00116284  0.00021266]]
[[  2.38790355e-03  -1.90499802e-04  -8.52906230e-05]]
[[ 0.00188231  0.00096629  0.00019426]]
[[ 0.00109147 -0.00166725 -0.00092221]]
[[ 0.00052486 -0.00153745 -0.00101728]]
[[ 0.00156911 -0.00143231 -0.00061687]]
[[ 0.0008509  -0.00122989 -0.00033316]]
[[ 0.00166165 -0.00103301  0.00071815]]
[[  2.22163324e-03  -5.12916186e-05   2.89036029e-03]]
[[ 0.00105855  0.00104095  0.00025745]]
[[  7.38161059e-04   1.39928727e-03   7.06644540e-05]]
[[  7.58822057e-04   1.34474209e-03   3.94622476e-05]]
[[-0.00017102 -0.00103893 -0.00091863]]
[[ 0.0001641  -0.0007457  -0.00071474]]
[[ 0.00054817 -0.00044202  0.00186909]]
[[ 0.00253522 -0.00018068 -0.0003302 ]]
[[ 0.00012846 -0.00153743 -0.00103139]]
[[ 0.00086957 -0.00178032 -0.00089254]]
[[ 0.00162468  0.00070609 -0.000402  ]]
[[-0.00044114 -0.00092628 -0.00088766]]
[[-0.00012507 -0.0012951  -0.00089016]]
[[ 0.00159108 -0.00027156 -0.00076463]]
[[ 0.00074217  0.00105569 -0.00029689]]
[[ 0.00023371 -0.00131311 -0.00058216]]
[[-0.00061627 -0.00079479 -0.00063269]]
[[ 0.00064116  0.00025848 -0.00052547]]
[[ -6.57860864e-05  -7.97730317e-04  -1.44638250e-04]]
[[  5.69958336e-04   1.51404743e-06  -3.61205127e-04]]
[[ 0.00036349  0.00045995 -0.00040589]]
[[  3.75428717e-04  -4.09012720e-04  -7.93116973e-06]]
[[ -3.86964283e-04  -6.03325505e-04  -4.51471511e-05]]
[[ 0.00036097  0.00025943 -0.00030828]]
[[  3.16702694e-04  -1.88370868e-04  -9.82557740e-05]]
[[-0.00055118 -0.00025168 -0.00688124]]
[[ 0.0013891  -0.002691   -0.00633746]]
[[ 0.00084527 -0.00238475 -0.00554173]]
[[-0.00054258  0.0025661  -0.00935574]]
[[ 0.00341562  0.00377899 -0.00798986]]
[[ 0.00564638  0.00775111 -0.00321334]]
[[ 0.00441961  0.00440152 -0.00180107]]
[[ 0.00424402  0.0073601   0.00141915]]
[[ 0.00424637  0.00125847 -0.00156069]]
[[ 0.00308354 -0.00159643 -0.00393574]]
[[  3.61215939e-03   6.36711595e-05  -4.80527985e-03]]
[[-0.00356198 -0.00130561 -0.0023619 ]]
[[ 0.00037262 -0.00403295 -0.00474886]]
[[ 0.00028504 -0.00277805 -0.00334986]]
[[-0.00227771  0.00594094 -0.01383062]]
[[ 0.00781913  0.01040947 -0.00307044]]
[[ 0.00402778  0.00881594  0.00330433]]
[[ 0.00177409 -0.0028836  -0.00313932]]
[[ 0.00236536  0.00450571  0.00134112]]
[[ 0.00257937 -0.00114466 -0.00141559]]
[[ 0.00307237  0.0015903   0.00063727]]
[[ 0.00219456  0.00683009  0.00286074]]
[[ 0.00180587 -0.00254068 -0.00153048]]
[[  1.97344812e-03  -8.81311208e-04   1.97074495e-05]]
[[ 0.00094705  0.00418314  0.00233206]]
[[ 0.00292676  0.00862239  0.00401818]]
[[ 0.00187101  0.00152189  0.00108166]]
[[ 0.00137201 -0.00242739 -0.00059499]]
[[ 0.00118665  0.00525248  0.00298955]]
[[ 0.00099283 -0.00024207  0.00057067]]
[[ 0.00032117  0.00327288  0.00221366]]
[[ 0.00119583  0.00619181  0.00448988]]
[[ 0.00057004  0.00181646  0.00149608]]
[[ 0.00054338 -0.00156962  0.00068672]]
[[ 0.00037944  0.00338125  0.00185018]]
[[-0.00054113  0.00144166  0.00110091]]
[[ 0.00438745  0.00065172 -0.00282477]]
[[ 0.00106752  0.00230544 -0.00314517]]
[[ 0.00391781  0.00034827 -0.00303623]]
[[-0.00037618  0.00505321 -0.00184536]]
[[ 0.00318722  0.00055129 -0.00119697]]
[[-0.00030656  0.00453018 -0.00061275]]
[[ 0.00530017 -0.00277313 -0.00079286]]
[[ 0.00645118 -0.00593152 -0.00190669]]
[[ 0.00578729 -0.00327025 -0.00260939]]
[[ 0.00757007 -0.00677365 -0.00404401]]
[[ 0.00647103 -0.0015615  -0.00474944]]
[[ 0.00401529  0.00115038 -0.00134854]]
[[-0.00483812  0.00251134 -0.00594662]]
[[-0.00511546  0.00932449 -0.00221608]]
[[-0.0051382   0.00837172 -0.00121076]]
[[ 0.00613671 -0.00902724 -0.00257766]]
[[ 0.00775784 -0.01071034 -0.00436517]]
[[ 0.00668906 -0.00023365 -0.00390278]]
[[ 0.00314046  0.00127121 -0.00043502]]
[[  6.07129182e-03  -4.87128266e-03  -9.95733752e-05]]
[[ 0.00495281 -0.00173682  0.0004931 ]]
[[-0.00077919  0.00475965 -0.0003703 ]]
[[ 0.0060683  -0.00868314  0.00034033]]
[[ 0.00538384 -0.00348077  0.00058736]]
[[ 0.00138792  0.00154991 -0.0001929 ]]
[[-0.00488807  0.00859848 -0.00054121]]
[[ 0.00299043 -0.00100734  0.00138749]]
[[ 0.00739464 -0.00628582  0.00103538]]
[[-0.00309017  0.00450624  0.00022691]]
[[ 0.00347701 -0.00321192  0.0027264 ]]
[[-0.00210823  0.0021753   0.00117134]]
[[ -6.50534367e-03   7.48760272e-03   8.65755250e-06]]
[[-0.00010557  0.00016239  0.00426652]]
[[ 0.00611615 -0.00506627  0.00227307]]
[[ -4.16804281e-03   2.78944012e-03   1.39451104e-05]]
[[-0.00508404 -0.00239428  0.00215653]]
[[-0.00333314 -0.00120777 -0.00036792]]
[[-0.00193883 -0.00103699 -0.0002379 ]]
[[ -2.45796787e-03  -1.50915724e-03   3.68802947e-05]]
[[-0.0037623  -0.00075273 -0.00189813]]
[[-0.00157701  0.00088098 -0.0018482 ]]
[[ 0.00042761  0.00348361  0.00066035]]
[[-0.00114917  0.00119069  0.00121443]]
[[-0.00076268  0.00228924  0.00261528]]
[[-0.0016866   0.00028182  0.00075587]]
[[ -1.72570669e-03  -5.21559461e-04   3.74571007e-05]]
[[-0.00189339 -0.00031413 -0.00023372]]
[[-0.00381989 -0.00111999  0.00034654]]
[[ -1.74617761e-03  -1.18763472e-03  -8.54223057e-05]]
[[-0.00213349 -0.00136534  0.00071442]]
[[-0.00527473  0.00131185 -0.0048437 ]]
[[ 0.00387898  0.00555199  0.00058937]]
[[ -7.19003249e-05   2.98150564e-03   4.53352206e-03]]
[[ -1.70281707e-03  -8.51454602e-04   6.11301489e-05]]
[[-0.00200784  0.00052389  0.00222258]]
[[-0.00198019 -0.00066531  0.00074929]]
[[-0.00214893 -0.00018595  0.00139879]]
[[-0.00154736  0.00119633  0.0028995 ]]
[[-0.00189179 -0.0009112   0.00033067]]
[[-0.00253333 -0.0013245   0.00133417]]
[[-0.00253014 -0.00060525  0.00318291]]
[[-0.00046839  0.00231757  0.00342617]]
[[-0.00272912 -0.00120838  0.00205913]]
[[-0.00237438 -0.00143688  0.00048521]]
[[ -1.98068072e-03  -7.67395370e-05   4.65485865e-03]]
[[-0.00379264 -0.00325859  0.00193714]]
[[-0.0028471  -0.00323639  0.00591716]]
[[-0.00176787  0.00084866  0.00443091]]
[[-0.00361648 -0.00386831  0.00297279]]
[[ -3.45390690e-03  -2.84344126e-03  -1.20911294e-05]]
[[ 0.00122446 -0.00276174  0.00856251]]
[[-0.00479745 -0.00502954  0.0012885 ]]
[[ 0.00112634 -0.00024079  0.00193024]]
[[ 0.00092988  0.0009081   0.00197647]]
[[ 0.00174583 -0.00012953  0.00173204]]
[[ 0.00093305  0.00105753  0.00194066]]
[[ 0.00147216 -0.00038391  0.00200402]]
[[ 0.00087643  0.00114448  0.0025639 ]]
[[ 0.00011559 -0.0019171   0.00141776]]
[[-0.00030356 -0.00192946  0.00091546]]
[[ 0.00066389 -0.0017738   0.00102719]]
[[  1.35870791e-05  -1.83263095e-03   8.04900214e-04]]
[[ 0.00048435 -0.00155146  0.00114648]]
[[ 0.00027049  0.00030541  0.00172611]]
[[ -1.41760247e-05   1.19651206e-03   1.38058864e-03]]
[[ -4.19860407e-05   1.45217757e-03   1.46678393e-03]]
[[ -8.67670347e-05   1.77044679e-03   1.81757111e-03]]
[[-0.00088652 -0.00138881  0.00074006]]
[[-0.00068377 -0.00139172  0.00041322]]
[[-0.00024944 -0.00144536  0.00083395]]
[[  1.49163417e-03  -4.57295413e-05   2.50987350e-03]]
[[-0.00079104 -0.00181275  0.00162468]]
[[-0.00025223 -0.00179873  0.00232848]]
[[ 0.00044141  0.0015043   0.00275459]]
[[-0.00120898 -0.00120616  0.0014513 ]]
[[-0.00115521 -0.00136842  0.00280507]]
[[ 0.00037826  0.00082579  0.0028709 ]]
[[-0.00026451  0.00223142  0.00193571]]
[[-0.00109058 -0.00070066  0.0040193 ]]
[[-0.00147259 -0.00096586  0.00272294]]
[[-0.00090198  0.00240987  0.00285515]]
[[-0.00106158 -0.00027501  0.00512602]]
[[-0.00163873  0.00351277  0.00207866]]
[[-0.00109085  0.00291454  0.00171355]]
[[-0.00135957  0.00210191  0.00550971]]
[[-0.00122736 -0.00056549  0.00452033]]
[[-0.00255308  0.00403175 -0.00109405]]
[[ -4.54580202e-03  -2.11231527e-06   2.36149773e-03]]
[[-0.00286241  0.00342871 -0.00754772]]
[[-0.00593927  0.00072669 -0.00791303]]
[[-0.00412526  0.0036204  -0.00956397]]
[[-0.00140714  0.00373108 -0.00709111]]
[[ 0.00012095  0.00297242 -0.00674442]]
[[ 0.00309741  0.00553404 -0.00251363]]
[[ 0.00089891  0.00235917 -0.00146452]]
[[ 0.00199452  0.00418793  0.00140298]]
[[-0.00138429  0.00204492 -0.00210341]]
[[-0.00259519  0.00203527 -0.00373782]]
[[-0.00208283  0.0020701  -0.00491095]]
[[-0.00345177  0.00449191 -0.00616027]]
[[-0.010015    0.00091426 -0.00609735]]
[[-0.00572369  0.00572099 -0.01030922]]
[[-0.00177016  0.00515431 -0.00787537]]
[[ 0.00726982  0.00723051 -0.00167481]]
[[ 0.00374751  0.0047869   0.00349947]]
[[-0.00264889  0.00213007 -0.00405665]]
[[-0.00013597  0.00189047  0.00096871]]
[[-0.00343864  0.00028852 -0.00172638]]
[[ -1.90713834e-03   1.21161288e-03   4.69435584e-05]]
[[ 0.00074771  0.00386583  0.00207483]]
[[-0.00459904 -0.00013995 -0.00306794]]
[[-0.00317464 -0.0002171  -0.00052103]]
[[-0.00074742  0.00197021  0.00123164]]
[[ 0.00314424  0.0049555   0.00335635]]
[[-0.00225423  0.00068605  0.00043966]]
[[-0.00338531 -0.00034412 -0.0027274 ]]
[[ 0.00045434  0.0029595   0.00156792]]
[[-0.00244338 -0.00056855  0.00062388]]
[[  7.77122675e-05   2.05055504e-03   7.21023576e-04]]
[[ 0.00180051  0.00306042  0.00298335]]
[[-0.00064618  0.0010449   0.00127047]]
[[-0.00536186 -0.00173134  0.00261402]]
[[ 0.00128215  0.00203701  0.00082975]]
[[-0.00024015  0.00132027  0.00089041]]
[[ 0.00225403  0.00089325 -0.00045801]]
[[ 0.00186907  0.00167773 -0.00026868]]
[[  3.01780193e-03  -8.56087070e-05  -4.75955795e-04]]
[[  1.96015542e-03   1.09540348e-03  -3.58544158e-06]]
[[  2.75983566e-03  -5.58700359e-04   7.45419494e-05]]
[[ 0.00200001  0.00099799  0.00055744]]
[[ 0.00206605 -0.00259491 -0.00027884]]
[[ 0.00248083 -0.00427869 -0.00122045]]
[[ 0.00256993 -0.00227394 -0.00168586]]
[[ 0.00302046 -0.00365113 -0.00269246]]
[[ 0.00248855 -0.0001882  -0.00290322]]
[[ 0.00130444  0.0015856  -0.00033102]]
[[ 0.00059703  0.00178893 -0.00012028]]
[[  7.14905573e-04   1.42298164e-03  -6.27360067e-05]]
[[ 0.00078156  0.00143659  0.00016123]]
[[ 0.00130435 -0.00655598 -0.00211226]]
[[ 0.00137376 -0.00661717 -0.00441642]]
[[ 0.00193047  0.00107997 -0.00292901]]
[[  2.80041406e-03   6.99983008e-05   1.94004376e-04]]
[[ 0.00231484 -0.00369416  0.00031029]]
[[ 0.00198809 -0.00161702  0.00061537]]
[[  1.71269525e-03   1.13084688e-03  -3.26336729e-05]]
[[ 0.00162729 -0.00675616  0.00049584]]
[[ 0.00189754 -0.00167992  0.00030366]]
[[ 0.00175862  0.00045509 -0.00048246]]
[[ 0.00074548  0.00143556 -0.00014137]]
[[ 0.00100777 -0.00046798  0.00028367]]
[[ 0.00223871 -0.00381089  0.00069964]]
[[ 0.00071279  0.00089253 -0.00051678]]
[[  7.50976303e-04   9.47641269e-05   3.16540493e-04]]
[[ 0.00065067  0.00084398 -0.00056248]]
[[ 0.00036603  0.00098759 -0.00041936]]
[[  6.22625464e-04   7.02386533e-04   2.63225735e-05]]
[[ 0.00051875 -0.00102472  0.00181956]]
[[ 0.00050281  0.00088968 -0.00073155]]
[[ 0.00065542  0.0013662  -0.00038851]]
[[ 0.00244446  0.00023404 -0.00527099]]
[[-0.00137224 -0.00310569 -0.00583516]]
[[ 0.00185157 -0.00125548 -0.00617547]]
[[ 0.0016685   0.00288062 -0.00581543]]
[[ 0.00297473  0.00350831 -0.00529636]]
[[ 0.00475937  0.00685782 -0.00179036]]
[[ 0.00328426  0.00403998 -0.001002  ]]
[[ 0.00334039  0.00574173  0.00133409]]
[[ 0.0021779   0.00125981 -0.00169946]]
[[ 0.00088165 -0.00066635 -0.00331434]]
[[ 0.001699   0.0001009 -0.0031901]]
[[ 0.0026042  -0.00050766 -0.00364305]]
[[-0.00612829 -0.00221991 -0.00458156]]
[[ 0.0023375  -0.00012931 -0.00643696]]
[[ 0.00035942  0.00455525 -0.0075097 ]]
[[ 0.00807311  0.00823715 -0.00132226]]
[[ 0.00415285  0.00589979  0.00335244]]
[[  2.32899442e-05  -4.68956932e-04  -3.82205852e-03]]
[[ 0.00204362  0.00358959  0.00131219]]
[[  8.25496079e-05  -1.63930381e-03  -1.87472918e-03]]
[[ 0.00196414  0.00096009  0.0005693 ]]
[[ 0.00227564  0.00456935  0.00272111]]
[[-0.0021206  -0.00202498 -0.00310112]]
[[  8.34634120e-04  -1.88888802e-03  -7.04540128e-05]]
[[ 0.00151823  0.00228394  0.00330621]]
[[ 0.00352233  0.00526439  0.0036776 ]]
[[ 0.00168114  0.00012536  0.00196965]]
[[-0.00073272 -0.00201661 -0.00242386]]
[[ 0.00208351  0.00263609  0.00529676]]
[[ -4.71826673e-05  -3.30173909e-03   2.07288036e-03]]
[[ 0.0019552  -0.00118755  0.0068764 ]]
[[ 0.00288992  0.00305314  0.00531788]]
[[ 0.00148793 -0.00224204  0.00430894]]
[[-0.00346077 -0.00403411  0.00224119]]
[[ 0.00777661 -0.00237412  0.00975054]]
[[ 0.00126188 -0.00477214  0.00307878]]
[[  2.76452215e-03   5.14953149e-04  -5.42916604e-05]]
[[  2.14983187e-03   1.78272617e-03  -1.91515059e-05]]
[[ 0.00291329  0.0006243  -0.00036363]]
[[  1.82725928e-03   1.80940837e-03  -9.45803268e-05]]
[[ 0.0024744   0.00024844 -0.000151  ]]
[[ 0.00180263  0.00162489  0.00039388]]
[[ 0.00128418 -0.00133353 -0.0009115 ]]
[[ 0.00084238 -0.00136245 -0.0012165 ]]
[[ 0.00193465 -0.00114866 -0.0010563 ]]
[[ 0.00141482 -0.00133473 -0.00109734]]
[[ 0.00205272 -0.00092828 -0.00070437]]
[[  2.35857500e-03   9.27457152e-04  -2.12275709e-05]]
[[ 0.00110403  0.00202617 -0.0003301 ]]
[[ 0.00063023  0.00214847 -0.00023528]]
[[ 0.00054936  0.0021388   0.00016509]]
[[ 0.00019075 -0.00093785 -0.00098205]]
[[ 0.00062689 -0.00102486 -0.00100385]]
[[ 0.00145526 -0.00065673 -0.00069202]]
[[ 0.00269469  0.00029699  0.00011223]]
[[ 0.00038486 -0.00136027 -0.00083041]]
[[ 0.00115556 -0.00146194 -0.00048263]]
[[ 0.00181427  0.00147978  0.00020736]]
[[-0.00010568 -0.00080986 -0.0006998 ]]
[[ 0.00037294 -0.00113746 -0.00041084]]
[[  2.28748946e-03   4.55849639e-04  -8.42683243e-05]]
[[ 0.00078862  0.00202649  0.00023225]]
[[  1.01830260e-03  -9.33035415e-04  -1.08836630e-05]]
[[ -6.48809365e-05  -7.26280112e-04  -2.75027591e-04]]
[[ 0.00149096  0.00135548 -0.0001305 ]]
[[ 0.00093772 -0.00048034  0.00018357]]
[[ 0.00178572  0.00128048 -0.00054709]]
[[  1.00637489e-03   1.81960414e-03  -3.94859395e-05]]
[[  1.62752208e-03   2.60848043e-04   3.90188300e-05]]
[[ 0.00055517 -0.00049282  0.00023703]]
[[ 0.00136801  0.0017942  -0.00118139]]
[[ 0.00157563  0.00047904 -0.00036959]]
