[[-0.00286018  0.00093324 -0.00289659]]
[[-0.00149882  0.00061136 -0.00239372]]
[[-0.00222221  0.00032996 -0.00221382]]
[[-0.00241127  0.00192329 -0.00417367]]
[[ -7.24937471e-05   3.25038516e-03  -4.32077894e-03]]
[[ 0.00259211  0.00594763 -0.00152628]]
[[ 0.00113314  0.00363591 -0.00103068]]
[[ 0.0021625   0.00502478  0.0009089 ]]
[[ -7.19136407e-05   2.59979844e-03  -1.13529786e-03]]
[[-0.00055627  0.00152694 -0.00192116]]
[[-0.00094649  0.00173832 -0.00236823]]
[[-0.00376404  0.00065096 -0.00202727]]
[[-0.00157658  0.00018361 -0.00162836]]
[[-0.00228999  0.0004517  -0.00150666]]
[[-0.0034041   0.00387825 -0.00662478]]
[[ 0.00624626  0.00769332 -0.00121375]]
[[ 0.00321211  0.00562463  0.00300755]]
[[-0.00088683  0.00096438 -0.00132702]]
[[ 0.00074852  0.00317464  0.00029886]]
[[-0.00024171  0.00177081 -0.00092477]]
[[ -1.09310723e-05   2.50605119e-03  -4.15808764e-04]]
[[ 0.00166006  0.00416317  0.0010797 ]]
[[-0.00051687  0.00132293 -0.00077728]]
[[-0.00015605  0.0017264  -0.000421  ]]
[[ 0.0006622   0.00252345  0.00073443]]
[[ 0.00303675  0.00525284  0.00248369]]
[[  4.35373210e-05   2.12563834e-03  -7.12100329e-05]]
[[-0.00038459  0.00134428 -0.00043532]]
[[ 0.00114831  0.00270431  0.00106388]]
[[-0.00016043  0.00146655 -0.00016878]]
[[ 0.00062736  0.00197814  0.00057501]]
[[ 0.00162412  0.00289093  0.00247822]]
[[  7.96365019e-05   1.66877874e-03   1.84327901e-04]]
[[-0.00034277  0.00117788 -0.0002779 ]]
[[ 0.00128703  0.00183513  0.00078351]]
[[-0.00035612  0.00106536  0.00012186]]
[[-0.00056697  0.00233627 -0.00057394]]
[[ 0.0004741   0.00381706 -0.00058577]]
[[ 0.00100901  0.00321603 -0.00062136]]
[[  1.29713665e-03   4.30569875e-03  -6.71823881e-05]]
[[ 0.00066449  0.00344386 -0.00048232]]
[[ 0.00171376  0.00438367  0.0002827 ]]
[[-0.00251432 -0.00094976 -0.00223663]]
[[-0.00156483 -0.0020367  -0.00238498]]
[[-0.00164982 -0.00063054 -0.00175141]]
[[-0.00038989 -0.0013101  -0.00233497]]
[[-0.00108566  0.0011054  -0.00303705]]
[[-0.00144624  0.00190635  0.00013891]]
[[-0.00010117  0.00363972 -0.00055453]]
[[ 0.00089618  0.00376463 -0.00011565]]
[[ 0.00134229  0.00377212  0.00026445]]
[[-0.00051786 -0.00184639 -0.00229173]]
[[ 0.00115883 -0.0014258  -0.00251442]]
[[-0.00420804  0.00240104 -0.00346532]]
[[ 0.00103801  0.00324535 -0.00033225]]
[[-0.00176464 -0.00189061 -0.00260357]]
[[-0.00199829 -0.00076607 -0.00205883]]
[[  1.15762330e-03   4.11596629e-03  -1.73906401e-05]]
[[-0.00069321 -0.0014295  -0.00160672]]
[[-0.00157811 -0.00176472 -0.00206865]]
[[-0.00035642  0.00271514 -0.00072434]]
[[ 0.00127721  0.00365841  0.00019918]]
[[-0.00258641 -0.00086847 -0.00180972]]
[[ -1.21073447e-05  -1.31558439e-03  -1.08535566e-03]]
[[-0.00023893  0.003444   -0.00042453]]
[[-0.00088904 -0.00164133 -0.00170243]]
[[-0.00108087  0.00257732 -0.00100447]]
[[  7.10469362e-04   3.05242120e-03   9.89118880e-05]]
[[ -1.54182241e-03  -6.71230326e-05  -1.27939651e-03]]
[[ 0.00157023 -0.00074832 -0.00177743]]
[[  7.18856123e-05   2.71103892e-03  -7.98189202e-04]]
[[-0.00071078  0.00012115 -0.00088831]]
[[-0.00113585 -0.00272233 -0.00255368]]
[[-0.00056104 -0.00223139 -0.00214619]]
[[-0.00101942 -0.0028397  -0.00177797]]
[[-0.00031489 -0.00181257 -0.00365673]]
[[ 0.001932   -0.00049456 -0.0039047 ]]
[[ 0.00506052  0.00273034 -0.00106511]]
[[  3.38714542e-03  -1.23811370e-05  -1.15215595e-03]]
[[ 0.00486618  0.00239542  0.00083836]]
[[ 0.00103545 -0.00060905 -0.00152221]]
[[ 0.00018974 -0.00140777 -0.00204886]]
[[ 0.00021207 -0.00151233 -0.0022323 ]]
[[-0.00151262 -0.00305796 -0.00172638]]
[[-0.00075908 -0.00230566 -0.0015588 ]]
[[-0.00080423 -0.00250417 -0.00074795]]
[[-0.00059577  0.00050189 -0.00671429]]
[[ 0.00901281  0.0053533  -0.00065655]]
[[ 0.00606992  0.00415881  0.00325212]]
[[-0.00032366 -0.00160688 -0.00152987]]
[[  2.96875750e-03  -7.40242123e-05  -2.96561768e-04]]
[[ 0.00040506 -0.00102795 -0.00154125]]
[[ 0.00109217 -0.00042697 -0.00109854]]
[[ 0.00435536  0.00190779  0.00065268]]
[[ -9.04426628e-05  -1.18206479e-03  -1.32441695e-03]]
[[ 0.00053588 -0.00081027 -0.00125426]]
[[ 0.00282317 -0.00024854 -0.00016283]]
[[ 0.00598304  0.00422633  0.00240105]]
[[ 0.0011157  -0.00046432 -0.0009614 ]]
[[  3.84676634e-05  -9.34761870e-04  -1.16500591e-03]]
[[ 0.00369975  0.00099121  0.00037679]]
[[ 0.00052085 -0.00068433 -0.00110516]]
[[  2.31806243e-03  -8.96334544e-05  -4.85805318e-04]]
[[ 0.00425228  0.00244905  0.0022449 ]]
[[ 0.00098648 -0.00040746 -0.0009554 ]]
[[  6.66454578e-05  -7.79367948e-04  -1.04661059e-03]]
[[ 0.00320579  0.00038695  0.00017561]]
[[ 0.0004734  -0.00058367 -0.00107264]]
[[ 0.00203694 -0.00306609 -0.00091438]]
[[ 0.00162424 -0.00146632 -0.00158241]]
[[ 0.00249458 -0.00018911 -0.00182881]]
[[ 0.00073241  0.00331899 -0.0011654 ]]
[[ 0.00121469  0.00120738 -0.00139319]]
[[ 0.0007586   0.0038538  -0.00091651]]
[[-0.00115124 -0.00327085 -0.00233302]]
[[ -4.71586374e-05  -4.63624273e-03  -2.12603779e-03]]
[[ 0.00023107 -0.00383907 -0.00117983]]
[[ 0.00124072 -0.00449206 -0.00085614]]
[[ 0.00168287 -0.00429595 -0.00031189]]
[[ 0.00130854 -0.00358459 -0.00073709]]
[[-0.00154885 -0.00155627 -0.00507254]]
[[-0.00102345  0.00690803 -0.00152052]]
[[-0.00117612  0.00673049 -0.00101369]]
[[ 0.00051637 -0.00427673 -0.00147341]]
[[ 0.00083852 -0.0041397  -0.00086053]]
[[ 0.00087742 -0.00385766  0.0002026 ]]
[[ 0.00134736  0.00180629 -0.00143925]]
[[-0.00042916 -0.00416205 -0.00292801]]
[[-0.00089386 -0.00259082 -0.0024343 ]]
[[-0.00020243  0.00439425 -0.00109418]]
[[ 0.00037092 -0.0037249  -0.00190345]]
[[-0.00057019 -0.00366555 -0.00252479]]
[[-0.0004676   0.00160573 -0.00155406]]
[[-0.00139363  0.00751659 -0.00054699]]
[[-0.00181536 -0.00235287 -0.00214856]]
[[ 0.00021151 -0.00319933 -0.00165667]]
[[-0.00195184  0.00371973 -0.00110249]]
[[-0.00057556 -0.00304739 -0.00210881]]
[[-0.00099515  0.00114421 -0.00127151]]
[[-0.00337054  0.00611384  0.00037284]]
[[-0.00085504 -0.00145216 -0.00234596]]
[[ 0.00037207 -0.002783   -0.00125769]]
[[ 0.0007994   0.00134344 -0.00167034]]
[[ 0.00047326 -0.00131842 -0.00251216]]
[[-0.00064744  0.00153465 -0.00134655]]
[[ 0.00041355  0.00086945 -0.00283259]]
[[ 0.00052009  0.00111154 -0.00281149]]
[[-0.00077826  0.00181562 -0.00422836]]
[[ 0.00164761  0.00321319 -0.00424465]]
[[ 0.00404508  0.00584878 -0.00127599]]
[[ 0.00234961  0.00339801 -0.00071891]]
[[ 0.00318602  0.00463754  0.00124773]]
[[ 0.00117162  0.00254906 -0.00095411]]
[[ 0.0007854   0.0016718  -0.00189327]]
[[ 0.00077677  0.00192533 -0.00248371]]
[[-0.00083592  0.00176541  0.00295783]]
[[ 0.00021018  0.00035284 -0.00200142]]
[[ 0.00119972  0.00032556 -0.00200468]]
[[-0.00170252  0.00389963 -0.00715574]]
[[ 0.00787599  0.0073165  -0.00077833]]
[[ 0.00432967  0.00495098  0.00341748]]
[[ 0.0004482   0.00115571 -0.00132511]]
[[ 0.00170262  0.0027781   0.00069069]]
[[ 0.00081087  0.00178968 -0.00065667]]
[[ 0.00099741  0.00229422 -0.00010162]]
[[ 0.00245533  0.00356611  0.00143439]]
[[ 0.00056543  0.00141468 -0.00054682]]
[[  7.17068578e-04   1.59965603e-03  -3.47580816e-05]]
[[ 0.00144463  0.00202199  0.00115956]]
[[ 0.00387078  0.00437677  0.00281123]]
[[ 0.00086494  0.00180848  0.00032202]]
[[  5.33107366e-04   1.31625502e-03  -9.50671100e-05]]
[[ 0.00179031  0.0020415   0.00144134]]
[[ 0.00057067  0.00124262  0.00027561]]
[[ 0.0012382   0.00144656  0.00104266]]
[[ 0.00231727  0.00197418  0.00276288]]
[[ 0.00071727  0.00132068  0.00065777]]
[[ 0.00044134  0.00106831  0.00011409]]
[[ 0.00188177  0.00113883  0.0012332 ]]
[[ 0.00029805  0.00074598  0.00065241]]
[[ 0.00230952  0.00024042  0.00173839]]
[[ 0.00195138  0.00096284  0.00098139]]
[[ 0.00262606  0.00019311  0.00029314]]
[[ 0.00181551  0.00116236  0.00025258]]
[[  2.38597582e-03  -1.89574475e-04  -4.86646227e-05]]
[[ 0.00188136  0.00096618  0.00022565]]
[[ 0.00108945 -0.00166593 -0.00088629]]
[[ 0.00052095 -0.00153282 -0.00097743]]
[[ 0.00156545 -0.00143036 -0.00057006]]
[[ 0.00084434 -0.00122305 -0.00028095]]
[[ 0.00165599 -0.00103381  0.00078074]]
[[  2.21212382e-03  -4.73272074e-05   2.96020906e-03]]
[[ 0.00105791  0.0010405   0.00030244]]
[[ 0.00073861  0.00139948  0.00010597]]
[[  7.59863242e-04   1.34530426e-03   6.69543992e-05]]
[[-0.00017265 -0.00103085 -0.0008856 ]]
[[ 0.00016097 -0.00073481 -0.0006723 ]]
[[ 0.00054563 -0.00044595  0.00193475]]
[[ 0.00253422 -0.00017978 -0.00030138]]
[[ 0.00012589 -0.00153343 -0.00100071]]
[[ 0.00086868 -0.00177892 -0.00086484]]
[[ 0.0016243   0.00070596 -0.00037728]]
[[-0.00044195 -0.00091971 -0.00086192]]
[[-0.00012667 -0.00129173 -0.00086651]]
[[ 0.00159064 -0.0002704  -0.00074183]]
[[ 0.00074355  0.00105628 -0.00027558]]
[[ 0.00023332 -0.00131162 -0.0005604 ]]
[[-0.00061644 -0.00078948 -0.00061238]]
[[ 0.00064096  0.00025875 -0.00050596]]
[[ -6.66317960e-05  -7.95221399e-04  -1.25809790e-04]]
[[  5.69824443e-04   1.80081386e-06  -3.42388598e-04]]
[[ 0.00036504  0.00046065 -0.00038925]]
[[  3.75118017e-04  -4.07575029e-04   9.97859071e-06]]
[[ -3.86608967e-04  -5.99010766e-04  -2.90082255e-05]]
[[ 0.00036255  0.00025786 -0.00029141]]
[[  3.16337873e-04  -1.85103042e-04  -8.13806541e-05]]
[[ 0.00165438  0.00130164 -0.00557573]]
[[ 0.0023446  -0.00206869 -0.00641282]]
[[ 0.0028608  -0.00096719 -0.00581632]]
[[ 0.00097462  0.00393415 -0.00794112]]
[[ 0.00407455  0.0043879  -0.00705659]]
[[ 0.00603153  0.00814342 -0.00253374]]
[[ 0.00467342  0.00464201 -0.00132391]]
[[ 0.00440942  0.00753323  0.00176902]]
[[ 0.00453884  0.00154192 -0.0013356 ]]
[[ 0.00349773 -0.00122451 -0.00374466]]
[[ 0.00433966  0.00071039 -0.004568  ]]
[[ 0.00090686  0.00075528 -0.00083613]]
[[ 0.00121698 -0.00356011 -0.00495857]]
[[ 0.00303569 -0.00208708 -0.00442372]]
[[-0.00108034  0.00685497 -0.01108874]]
[[ 0.00812414  0.01070912 -0.00217488]]
[[ 0.00417773  0.00895837  0.00369937]]
[[ 0.00219327 -0.00253642 -0.00310534]]
[[ 0.00249174  0.00463032  0.00161426]]
[[ 0.00278448 -0.00093877 -0.00123738]]
[[ 0.00321984  0.00173438  0.00079369]]
[[ 0.00228075  0.00691626  0.00306018]]
[[ 0.00202719 -0.00233187 -0.00143796]]
[[ 0.00208607 -0.00076897  0.00014774]]
[[ 0.00101983  0.00425206  0.00249468]]
[[ 0.0030092   0.00869636  0.00422914]]
[[ 0.0019553   0.00160185  0.00118806]]
[[ 0.00149875 -0.0023059  -0.00051201]]
[[ 0.00124008  0.00530607  0.00311812]]
[[ 0.00106286 -0.00017268  0.00065629]]
[[ 0.00036583  0.00331506  0.00232062]]
[[ 0.00124956  0.00623965  0.00462158]]
[[ 0.00062315  0.00186812  0.0015784 ]]
[[ 0.00062481 -0.00149221  0.00074979]]
[[ 0.00040985  0.00340046  0.00192859]]
[[-0.00049871  0.00147821  0.00117881]]
[[ 0.003507    0.00033514 -0.00119485]]
[[ 0.00077149  0.0018625  -0.0020593 ]]
[[ 0.00369466  0.00027379 -0.00224689]]
[[-0.00045249  0.00492268 -0.00131607]]
[[ 0.00311569  0.00052948 -0.00079075]]
[[-0.00033202  0.0044836  -0.00031846]]
[[ 0.00522956 -0.00277365 -0.00040837]]
[[ 0.00630375 -0.00583917 -0.00139184]]
[[ 0.00556785 -0.00327433 -0.00188447]]
[[ 0.00709803 -0.00652972 -0.00301435]]
[[ 0.00566653 -0.00166772 -0.00330991]]
[[ 0.00227343  0.00030469  0.00033261]]
[[-0.00502611  0.00204633 -0.00517854]]
[[-0.00515     0.00918194 -0.00179099]]
[[-0.00513965  0.00832298 -0.00096498]]
[[ 0.00602897 -0.00887342 -0.00220608]]
[[ 0.00741084 -0.01032525 -0.00372004]]
[[ 0.0051987  -0.00024981 -0.00241795]]
[[ 0.00311479  0.00126621 -0.00019882]]
[[ 0.00601255 -0.00482289  0.00018265]]
[[ 0.00492886 -0.00173132  0.00071407]]
[[-0.00078821  0.00473911 -0.0001918 ]]
[[ 0.00603141 -0.00860458  0.00055671]]
[[ 0.00535884 -0.00345216  0.00075506]]
[[  1.37838420e-03   1.55214692e-03  -4.42512346e-05]]
[[-0.00488109  0.00857988 -0.00039204]]
[[ 0.00298152 -0.00100076  0.00152611]]
[[ 0.00738303 -0.00624058  0.00117136]]
[[-0.00309401  0.00449912  0.0003421 ]]
[[ 0.00346711 -0.00319684  0.00283667]]
[[-0.00211273  0.00217522  0.00127457]]
[[-0.0064972   0.00748152  0.00010453]]
[[-0.00010935  0.00016852  0.0043646 ]]
[[ 0.00611465 -0.00503994  0.00236288]]
[[-0.00416354  0.00277873  0.00010127]]
[[-0.00508614 -0.0023791   0.00224343]]
[[-0.00171586  0.00013329 -0.00139526]]
[[-0.00065396  0.0002517  -0.00060776]]
[[-0.00117737 -0.00026248 -0.00054722]]
[[-0.00139869  0.0010756  -0.00249674]]
[[ 0.00064328  0.00242944 -0.00229207]]
[[ 0.00312014  0.00517372  0.00066363]]
[[ 0.00136404  0.00276802  0.00135676]]
[[ 0.00228241  0.0042023   0.0034585 ]]
[[ 0.00016353  0.00190799  0.00111381]]
[[ -1.75119432e-04   9.95694920e-04   6.63519731e-05]]
[[-0.00025686  0.00117254 -0.00039813]]
[[-0.00250362 -0.00030344 -0.0007756 ]]
[[ -6.79393224e-04   1.17532618e-05  -1.59883817e-04]]
[[ -1.06516721e-03  -3.01440228e-04  -5.94648943e-05]]
[[-0.00209529  0.00291434 -0.00521429]]
[[ 0.00707837  0.00679606  0.00070784]]
[[ 0.00361812  0.00468346  0.00520505]]
[[-0.00041707  0.00058912  0.00024976]]
[[ 0.00051244  0.0021094   0.00320783]]
[[-0.00031481  0.00097861  0.00130849]]
[[-0.00025648  0.0014792   0.00224752]]
[[ 0.00130575  0.0031132   0.0044671 ]]
[[-0.00047859  0.00067316  0.00091674]]
[[-0.00093006  0.00021623  0.00232054]]
[[-0.00030567  0.00081576  0.00479552]]
[[ 0.00299325  0.00426694  0.00533928]]
[[-0.00102178  0.00029479  0.00328792]]
[[ -9.88305356e-04   7.97848848e-05   1.37613238e-03]]
[[ 0.00045626  0.00159105  0.00673457]]
[[-0.00242243 -0.00194022  0.00315872]]
[[-0.0011356  -0.00213722  0.00784924]]
[[ 0.00157683  0.0025093   0.00673632]]
[[-0.00222917 -0.00262213  0.00455052]]
[[-0.00222039 -0.00150308  0.00101516]]
[[ 0.00292061 -0.0021765   0.01019872]]
[[-0.00377444 -0.00419414  0.00292848]]
[[ 0.00271042  0.00113256  0.00391695]]
[[ 0.00210609  0.00293013  0.00367387]]
[[ 0.00378195  0.00156237  0.00338707]]
[[ 0.00245358  0.00347976  0.00329038]]
[[ 0.00389688  0.00155423  0.00305935]]
[[ 0.00262148  0.00359427  0.00324682]]
[[ 0.00310696 -0.00118293  0.00228335]]
[[ 0.00249959 -0.00200529  0.00198571]]
[[ 0.00320414 -0.00116961  0.00255721]]
[[ 0.00231574 -0.00199347  0.00237018]]
[[ 0.00244603 -0.0012327   0.00307259]]
[[ 0.00124902  0.00177236  0.00384481]]
[[ 0.00056662  0.00338599  0.00270837]]
[[ 0.00071699  0.00397695  0.00253397]]
[[ 0.00085415  0.00434985  0.00243791]]
[[ 0.00168201 -0.00203379  0.00148958]]
[[ 0.00151376 -0.00203563  0.00156509]]
[[ 0.00158119 -0.00158607  0.0027701 ]]
[[ 0.00401702  0.00183954  0.00288496]]
[[ 0.00207409 -0.00181825  0.00190422]]
[[ 0.00269415 -0.00108372  0.00245872]]
[[ 0.00229109  0.00382542  0.00275372]]
[[ 0.00137841 -0.0017567   0.00163011]]
[[ 0.00141615 -0.00133198  0.00242181]]
[[ 0.0027806   0.00255525  0.00239119]]
[[ 0.00077402  0.00467815  0.00204209]]
[[  1.42518084e-03  -2.24781113e-05   3.47636854e-03]]
[[ 0.00082512 -0.00137185  0.00243019]]
[[ 0.00048775  0.00422295  0.00205569]]
[[  9.49017095e-04  -3.78434877e-05   4.33075047e-03]]
[[-0.00026283  0.00477046  0.00108572]]
[[-0.00024796  0.00480214  0.00128619]]
[[ 0.00031343  0.00283135  0.00466348]]
[[ 0.00063094 -0.0007523   0.0039831 ]]
[[-0.00160726  0.00534662 -0.00210304]]
[[-0.00293173  0.00035678  0.00147164]]
[[-0.00243679  0.00287183 -0.00624247]]
[[-0.00538388  0.00092032 -0.00693929]]
[[-0.00339298  0.00335921 -0.00830347]]
[[-0.00134771  0.00321638 -0.00632921]]
[[ 0.00027419  0.00281293 -0.00610358]]
[[ 0.00315238  0.00538021 -0.00208353]]
[[ 0.00098565  0.00231414 -0.00110163]]
[[ 0.00203639  0.0041368   0.00165497]]
[[-0.00126264  0.00205035 -0.00176954]]
[[-0.00236871  0.00213308 -0.00326843]]
[[-0.00182918  0.00202864 -0.00429527]]
[[-0.00290318  0.0033414  -0.00479152]]
[[-0.00926498  0.00132954 -0.00548661]]
[[-0.00400574  0.00559217 -0.0087623 ]]
[[-0.00173231  0.00469344 -0.00741321]]
[[ 0.00732376  0.00706479 -0.00134489]]
[[ 0.00379193  0.00472372  0.00370879]]
[[-0.00233529  0.00229921 -0.00371513]]
[[ -8.23167010e-05   1.87944728e-03   1.19290426e-03]]
[[-0.00331696  0.00035522 -0.00145729]]
[[-0.0018363   0.00122151  0.00024624]]
[[ 0.00077723  0.00384322  0.0022371 ]]
[[ -4.43532222e-03  -4.34243484e-05  -2.86583825e-03]]
[[-0.00310505 -0.00018261 -0.00035602]]
[[-0.00071206  0.00196738  0.00137462]]
[[ 0.00317593  0.00492615  0.00349433]]
[[-0.00220976  0.00069388  0.00056592]]
[[-0.00329056 -0.00029051 -0.00259931]]
[[ 0.00047703  0.00295151  0.00167803]]
[[-0.00239881 -0.00054758  0.00072623]]
[[ 0.00010099  0.00204926  0.00081932]]
[[ 0.00182583  0.00304803  0.00307889]]
[[-0.00061556  0.00105373  0.00136122]]
[[-0.00530053 -0.00169828  0.0026975 ]]
[[ 0.00129676  0.00202027  0.00090544]]
[[-0.00021012  0.00133016  0.00097642]]
[[ 0.00219201  0.00053925 -0.00013988]]
[[  1.85048038e-03   1.37924646e-03   1.03669782e-05]]
[[ 0.00298316 -0.00028342 -0.00021679]]
[[ 0.00195095  0.00092984  0.00020566]]
[[ 0.00274029 -0.00066821  0.00026587]]
[[ 0.00199458  0.00090272  0.00071239]]
[[  2.02961632e-03  -2.71153746e-03  -4.79298334e-05]]
[[ 0.00242036 -0.0044077  -0.00094592]]
[[ 0.00249589 -0.00248852 -0.0013519 ]]
[[ 0.00289549 -0.00391279 -0.00230559]]
[[ 0.00235128 -0.00061093 -0.00242462]]
[[  1.21987513e-03   1.21915260e-03  -4.95817683e-05]]
[[  6.20181704e-04   1.52274662e-03   4.97259280e-05]]
[[  7.28980825e-04   1.26933136e-03   8.28835453e-05]]
[[ 0.00079158  0.00134654  0.00027444]]
[[ 0.0012355  -0.00666772 -0.00186416]]
[[ 0.00120716 -0.00687475 -0.00406343]]
[[ 0.00166528  0.00052271 -0.00241971]]
[[  2.78937999e-03   7.64576165e-06   3.33286269e-04]]
[[ 0.00228168 -0.00375671  0.00049557]]
[[ 0.00197157 -0.00168026  0.00077045]]
[[  1.70993253e-03   1.07164203e-03   8.01351286e-05]]
[[ 0.00159607 -0.00680407  0.00066029]]
[[ 0.00187996 -0.00171392  0.00042832]]
[[ 0.00175296  0.00041881 -0.00038214]]
[[  7.53977000e-04   1.37981782e-03  -5.72123923e-05]]
[[ 0.00099963 -0.00050424  0.0003904 ]]
[[ 0.0022248  -0.00383481  0.00081116]]
[[ 0.00071159  0.00085604 -0.00043559]]
[[  7.41811916e-04   7.25265978e-05   4.04449377e-04]]
[[ 0.00064831  0.00081779 -0.00048579]]
[[ 0.00037367  0.00095238 -0.00035752]]
[[ 0.00061744  0.00067998  0.00010529]]
[[ 0.00051247 -0.00103887  0.00189654]]
[[ 0.00050603  0.00085965 -0.00066346]]
[[ 0.00064813  0.00135975 -0.00031827]]
[[ 0.00215331  0.00039121 -0.0048567 ]]
[[-0.00147818 -0.00286736 -0.00545587]]
[[ 0.001623   -0.00104712 -0.00578129]]
[[ 0.00140492  0.0029181  -0.00550164]]
[[ 0.00280389  0.00358701 -0.00498006]]
[[ 0.00462653  0.00688241 -0.00153738]]
[[ 0.00319885  0.00408747 -0.0007651 ]]
[[ 0.00327305  0.00576166  0.00151585]]
[[ 0.00211926  0.00133115 -0.00147708]]
[[ 0.00083404 -0.00053345 -0.00304273]]
[[ 0.00157795  0.0002242  -0.00288362]]
[[ 0.00217475 -0.00032679 -0.00323221]]
[[-0.00615172 -0.00193824 -0.00429126]]
[[ 0.00204566  0.00015702 -0.00605415]]
[[  8.96398555e-05   4.58386420e-03  -7.27966676e-03]]
[[ 0.00792883  0.00826114 -0.00112229]]
[[ 0.00407931  0.00591859  0.00350215]]
[[  2.02028773e-05  -3.06880534e-04  -3.60726898e-03]]
[[ 0.00200013  0.00362184  0.00148304]]
[[  6.70565168e-05  -1.55485356e-03  -1.68127804e-03]]
[[ 0.00193442  0.00100233  0.00072421]]
[[ 0.00223846  0.00458219  0.00285199]]
[[-0.00210987 -0.00192244 -0.00294817]]
[[  8.27806851e-04  -1.84108826e-03   6.44573423e-05]]
[[ 0.00149568  0.00230376  0.0034261 ]]
[[ 0.00348238  0.00527661  0.00378749]]
[[ 0.00166573  0.00015069  0.00207886]]
[[-0.00072236 -0.0019537  -0.00231537]]
[[ 0.00206386  0.00264731  0.00539305]]
[[ -4.98155714e-05  -3.27205750e-03   2.16408588e-03]]
[[ 0.00194236 -0.0011764   0.00696488]]
[[ 0.00286895  0.00306431  0.00539945]]
[[ 0.00148124 -0.00222336  0.00439309]]
[[-0.0034522  -0.00399304  0.00231697]]
[[ 0.00776    -0.00237717  0.00982083]]
[[ 0.00125884 -0.00475183  0.0031594 ]]
[[ 0.00256182  0.00052229  0.00012943]]
[[ 0.00199209  0.00176925  0.00014382]]
[[ 0.00277894  0.0006254  -0.00020487]]
[[  1.72499499e-03   1.80059149e-03   4.49898428e-05]]
[[  2.38758838e-03   2.46869058e-04  -2.04282822e-05]]
[[ 0.0017372   0.00161754  0.00050708]]
[[ 0.00120321 -0.00132548 -0.0007929 ]]
[[ 0.00074276 -0.00133271 -0.00108754]]
[[ 0.00181126 -0.00113064 -0.0009145 ]]
[[ 0.00126508 -0.00128475 -0.00094877]]
[[ 0.00187706 -0.00089994 -0.00054918]]
[[ 0.00209495  0.00092     0.00016243]]
[[ 0.00093864  0.00200201 -0.0001937 ]]
[[ 0.000526    0.00213242 -0.00011392]]
[[ 0.00048436  0.00212845  0.00026284]]
[[ 0.0001004  -0.00089119 -0.00088721]]
[[ 0.00049247 -0.00095295 -0.00090121]]
[[ 0.00126392 -0.00063803 -0.0005609 ]]
[[ 0.0026385   0.00029507  0.00021618]]
[[ 0.00031759 -0.00133953 -0.00072658]]
[[ 0.00110255 -0.00145664 -0.00038899]]
[[ 0.00177219  0.00147316  0.0002957 ]]
[[-0.00016595 -0.00077728 -0.00062075]]
[[ 0.00032772 -0.0011225  -0.00033067]]
[[  2.25023500e-03   4.55556711e-04  -3.41616002e-06]]
[[ 0.00074883  0.00201963  0.00030701]]
[[  9.82735729e-04  -9.28839068e-04   6.20923010e-05]]
[[-0.00010506 -0.00070303 -0.00021159]]
[[  1.46246049e-03   1.35169582e-03  -6.23242527e-05]]
[[ 0.0009076  -0.00047087  0.00024627]]
[[ 0.00176156  0.00127831 -0.00048233]]
[[  9.81317720e-04   1.81560237e-03   1.72810092e-05]]
[[  1.60309001e-03   2.64172756e-04   9.79082875e-05]]
[[ 0.0005283  -0.00047626  0.00028708]]
[[ 0.00135188  0.00178351 -0.00112535]]
[[ 0.00155272  0.00048798 -0.00031484]]
