[[-0.00353527 -0.00062243 -0.00038023]]
[[-0.00215132 -0.00050699 -0.00081895]]
[[-0.00266891 -0.00089764 -0.00036454]]
[[-0.00404726 -0.00026883 -0.00233177]]
[[-0.00175265  0.00153078 -0.00265698]]
[[ 0.00032237  0.00409823 -0.00045335]]
[[-0.00105294  0.00197689 -0.00018159]]
[[-0.00059001  0.00305442  0.00092373]]
[[-0.00164638  0.00099298 -0.0005782 ]]
[[-0.0017419   0.00012154 -0.00095819]]
[[-0.00209113  0.00025796 -0.00108443]]
[[-0.00378663 -0.00067573  0.0006404 ]]
[[-0.00199203 -0.00070886 -0.00061709]]
[[-0.00238884 -0.00069204  0.00037792]]
[[-0.00566781  0.0017418  -0.00517484]]
[[ 0.0036538   0.00617853 -0.0003669 ]]
[[ -2.37888057e-05   3.77851025e-03   3.11144864e-03]]
[[-0.0017738  -0.00027536 -0.00072203]]
[[-0.00155011  0.00155453  0.00012423]]
[[-0.00167494  0.00023408 -0.00067877]]
[[-0.00173143  0.00085403 -0.00053652]]
[[-0.00099096  0.00219637  0.00021311]]
[[ -1.66494761e-03  -9.70235283e-05  -7.15394587e-04]]
[[-0.00161498  0.00023897 -0.00076137]]
[[-0.00142098  0.00106161 -0.00022488]]
[[ -8.12874316e-05   3.18416170e-03   1.21631973e-03]]
[[-0.00156147  0.00061678 -0.00072863]]
[[ -1.59625699e-03  -6.37261024e-05  -8.04021769e-04]]
[[-0.00117027  0.00097726 -0.00044429]]
[[-0.00144434  0.00017511 -0.00091191]]
[[-0.00104674  0.0008002  -0.00084979]]
[[-0.00148659  0.0011074   0.00072807]]
[[-0.00124945  0.00041961 -0.00096107]]
[[ -1.45976231e-03  -8.73984326e-05  -9.02160600e-04]]
[[-0.00045599  0.00103528 -0.0004566 ]]
[[-0.00128893  0.00026721 -0.00110571]]
[[-0.00018167  0.0008028   0.00065285]]
[[ 0.00070865  0.00252981  0.00043661]]
[[ 0.00112403  0.00234464  0.00030444]]
[[ 0.00143953  0.00345453  0.00065584]]
[[ 0.00074082  0.00284569  0.00022683]]
[[ 0.00180596  0.00373807  0.00088104]]
[[-0.00248898 -0.00135354 -0.00133026]]
[[-0.00160985 -0.00238755 -0.00131586]]
[[-0.00164086 -0.00140547 -0.00043957]]
[[-0.00048369 -0.00214999 -0.00053553]]
[[-0.00086367 -0.00088455 -0.00040192]]
[[-0.00095264  0.000494    0.00118139]]
[[  2.26205970e-04   2.47485479e-03   3.41300870e-05]]
[[ 0.00109591  0.00294283  0.00038539]]
[[ 0.0014866   0.0031307   0.00069314]]
[[-0.00051355 -0.00207876 -0.00130241]]
[[ 0.00106064 -0.00208551 -0.00069212]]
[[-0.00311186 -0.00037608  0.00010212]]
[[ 0.0010687   0.00278883  0.00028705]]
[[-0.00179436 -0.00207179 -0.00180262]]
[[-0.0019892  -0.00102091 -0.00132992]]
[[ 0.00121109  0.0035903   0.00054029]]
[[-0.00063972 -0.00153185 -0.00088121]]
[[-0.00160879 -0.0018961  -0.00139076]]
[[-0.00034877  0.00236605 -0.0001274 ]]
[[ 0.00138172  0.00313366  0.0005947 ]]
[[-0.00259268 -0.00106097 -0.00114638]]
[[  4.80771188e-05  -1.39012743e-03  -4.74792371e-04]]
[[-0.00019679  0.00306763  0.00011465]]
[[-0.00091779 -0.00178125 -0.00108555]]
[[-0.00104929  0.00231955 -0.0004404 ]]
[[ 0.00078049  0.00267049  0.0004687 ]]
[[-0.00155021 -0.00021844 -0.00066925]]
[[ 0.00161777 -0.00083634 -0.0012359 ]]
[[  9.25343346e-05   2.41594059e-03  -2.81695051e-04]]
[[ -7.85225014e-04   7.02747745e-05  -3.22682731e-04]]
[[-0.00162014 -0.00291168 -0.00100142]]
[[-0.0008223  -0.00252674 -0.00106422]]
[[-0.00139492 -0.00301411 -0.00056353]]
[[-0.00073704 -0.00237991 -0.00234712]]
[[ 0.00169292 -0.00119579 -0.00266835]]
[[  4.96736885e-03   1.82960790e-03  -5.46949151e-05]]
[[ 0.00341901 -0.00097702 -0.00029626]]
[[ 0.00501131  0.00131784  0.00140503]]
[[ 0.00096325 -0.00141941 -0.00087145]]
[[  2.56202845e-05  -2.04483436e-03  -1.25323351e-03]]
[[ -1.01675848e-05  -2.07254552e-03  -1.25399698e-03]]
[[ -2.16602778e-03  -2.89725199e-03  -9.13232587e-05]]
[[-0.00092832 -0.0025169  -0.00081832]]
[[-0.00128817 -0.0025925   0.00038411]]
[[ -9.39789962e-04  -5.16817715e-05  -5.51051986e-03]]
[[ 0.00911968  0.00441603  0.00029202]]
[[ 0.0065039   0.00299989  0.00381749]]
[[-0.00045785 -0.00214715 -0.00097624]]
[[ 0.00318355 -0.00110831  0.00013157]]
[[ 0.00033411 -0.00182274 -0.00108162]]
[[ 0.00113053 -0.00134012 -0.00075773]]
[[ 0.00465504  0.00081889  0.00086212]]
[[-0.0001655  -0.00189926 -0.00102236]]
[[ 0.00055215 -0.00165835 -0.00107108]]
[[  3.13915553e-03  -1.23263555e-03  -9.51786988e-05]]
[[ 0.0066101   0.00304854  0.00262565]]
[[ 0.0012334  -0.00136264 -0.00089643]]
[[  2.16173193e-05  -1.71604414e-03  -1.07698720e-03]]
[[  4.08542865e-03   2.47574245e-05   2.82633496e-04]]
[[ 0.00059691 -0.00147723 -0.00115664]]
[[ 0.00264387 -0.00090903 -0.0006698 ]]
[[ 0.00494765  0.00140185  0.00219202]]
[[ 0.00114936 -0.00118297 -0.00114319]]
[[  9.02511453e-05  -1.53252107e-03  -1.12084171e-03]]
[[  3.69527270e-03  -3.79044933e-04   1.22640616e-05]]
[[ 0.00069683 -0.00120233 -0.00133562]]
[[ 0.00183698 -0.00361337  0.00040304]]
[[ 0.0017881  -0.00232378 -0.00044193]]
[[ 0.00274798 -0.0009275  -0.00081783]]
[[ 0.00132854  0.00233551 -0.00034974]]
[[ 0.00177218  0.00042482 -0.00072348]]
[[ 0.00157429  0.00289432 -0.00043873]]
[[-0.00076785 -0.0039657  -0.00177974]]
[[ 0.00016815 -0.00524682 -0.001484  ]]
[[ 0.00038074 -0.00445785 -0.00039638]]
[[  1.19753796e-03  -4.96710347e-03  -7.21817059e-06]]
[[ 0.00153383 -0.00476885  0.00068304]]
[[ 0.00084316 -0.00391527  0.00064693]]
[[-0.00116627 -0.00242743 -0.00388716]]
[[ -8.46711202e-05   5.92185993e-03  -6.24549248e-04]]
[[  3.06126088e-05   5.77927166e-03  -4.77390838e-04]]
[[ 0.00072104 -0.0048202  -0.00102853]]
[[ 0.00084106 -0.00453813 -0.00029551]]
[[ 0.0006181  -0.00427822  0.00118251]]
[[ 0.00204823  0.00108611 -0.0011065 ]]
[[ -4.88363843e-05  -4.78551747e-03  -2.53883718e-03]]
[[-0.0003717  -0.00326069 -0.0021375 ]]
[[ 0.00065818  0.00354595 -0.00091857]]
[[ 0.00070561 -0.00430236 -0.00162582]]
[[-0.00010769 -0.00425396 -0.0023682 ]]
[[ 0.00026743  0.00100266 -0.00151704]]
[[-0.00016437  0.00668434 -0.00034417]]
[[-0.00125453 -0.00293686 -0.00207413]]
[[ 0.00060853 -0.00376386 -0.00153236]]
[[-0.00113153  0.00303883 -0.00118255]]
[[-0.00011021 -0.00355577 -0.00212588]]
[[-0.00034454  0.00067998 -0.00143442]]
[[-0.00225162  0.00545243  0.00031689]]
[[-0.00034343 -0.00192207 -0.00243762]]
[[ 0.00077699 -0.00329114 -0.001255  ]]
[[ 0.00144328  0.00099288 -0.00179579]]
[[ 0.00090971 -0.00165251 -0.00268701]]
[[  2.66178179e-05   1.45197464e-03  -1.87162881e-03]]
[[ 0.00086002  0.00065635 -0.00340325]]
[[ 0.00117425  0.0009705  -0.00339706]]
[[-0.0001798   0.00188903 -0.00466456]]
[[ 0.00210499  0.0032043  -0.0047128 ]]
[[ 0.00442279  0.00591473 -0.00166301]]
[[ 0.00264418  0.00340616 -0.00110282]]
[[ 0.00343354  0.00469022  0.00094813]]
[[ 0.00144126  0.00252115 -0.00134527]]
[[ 0.00107388  0.00157496 -0.00234294]]
[[ 0.00119355  0.00185425 -0.00297487]]
[[  4.89996516e-05   1.60982118e-03   2.49041027e-03]]
[[  5.97445140e-04   4.57107098e-05  -2.45780705e-03]]
[[  2.05713970e-03   3.83966759e-05  -2.57461622e-03]]
[[-0.00111209  0.00397239 -0.00744051]]
[[ 0.0082656   0.00737571 -0.00105393]]
[[ 0.00458417  0.00500115  0.0031931 ]]
[[ 0.00070651  0.00099606 -0.00169779]]
[[ 0.00190037  0.00279037  0.00039164]]
[[ 0.0009976   0.00173677 -0.00100477]]
[[ 0.00118465  0.0022928  -0.00040183]]
[[ 0.00262856  0.00361138  0.00119779]]
[[ 0.00073228  0.00132128 -0.00083334]]
[[ 0.00085131  0.00158434 -0.00030286]]
[[ 0.00158339  0.00204127  0.0009315 ]]
[[ 0.00404673  0.00442043  0.00262996]]
[[  9.99385770e-04   1.82137796e-03   9.10557464e-05]]
[[ 0.00065245  0.00126687 -0.00031655]]
[[ 0.00191236  0.00207509  0.00125551]]
[[  6.70995628e-04   1.24466059e-03   7.74338019e-05]]
[[ 0.0013404   0.00147153  0.00086189]]
[[ 0.00244162  0.00200626  0.00262038]]
[[ 0.00080997  0.00133103  0.00047072]]
[[  5.31376111e-04   1.04291055e-03  -5.42878387e-05]]
[[ 0.00199031  0.00118382  0.00108058]]
[[ 0.00037337  0.00073115  0.00047165]]
[[ 0.00273552  0.00026552  0.00149717]]
[[ 0.0022964   0.00101926  0.00075825]]
[[  2.93706602e-03   2.25822019e-04   6.53827442e-05]]
[[  2.06569691e-03   1.21055050e-03   4.32560016e-05]]
[[ 0.00261201 -0.00015506 -0.00025321]]
[[  2.06294279e-03   1.00909202e-03   4.14222257e-05]]
[[ 0.00130782 -0.00165401 -0.00107331]]
[[ 0.00077089 -0.00155958 -0.00117295]]
[[ 0.00186109 -0.00143224 -0.00077315]]
[[ 0.0011825  -0.00127837 -0.00048308]]
[[ 0.00204119 -0.00105416  0.00058657]]
[[  2.75167016e-03   1.17698796e-05   2.73534018e-03]]
[[ 0.00141978  0.00111878  0.00012362]]
[[  9.95714215e-04   1.46430498e-03  -6.88631057e-05]]
[[  9.44238162e-04   1.39759722e-03  -8.52807136e-05]]
[[  6.99799402e-05  -1.08779886e-03  -1.02225854e-03]]
[[ 0.00048504 -0.00082694 -0.00080105]]
[[ 0.00097695 -0.00045021  0.00180157]]
[[ 0.00270057 -0.00014776 -0.00047761]]
[[ 0.00031435 -0.00154943 -0.00117204]]
[[ 0.0010314  -0.00176564 -0.0010244 ]]
[[ 0.00175722  0.0007448  -0.00053227]]
[[-0.00025984 -0.00095793 -0.00098748]]
[[  1.53296162e-05  -1.30116812e-03  -1.00886397e-03]]
[[ 0.00171616 -0.00024509 -0.00088881]]
[[ 0.00087536  0.00109876 -0.00040072]]
[[ 0.00035677 -0.00129952 -0.00069388]]
[[-0.00047921 -0.00081512 -0.00072123]]
[[ 0.00074249  0.00028863 -0.00063438]]
[[  4.00944266e-05  -7.96591780e-04  -2.45079083e-04]]
[[  6.61359555e-04   2.63020824e-05  -4.68521927e-04]]
[[ 0.00046274  0.00049377 -0.00049057]]
[[ 0.00046927 -0.00039676 -0.00010539]]
[[-0.00028184 -0.00061491 -0.00012056]]
[[ 0.00043901  0.00030131 -0.00040113]]
[[ 0.00040922 -0.00018674 -0.00019018]]
[[ 0.00163824 -0.00015427 -0.00184419]]
[[ 0.00265264 -0.00424921 -0.00368852]]
[[ 0.00249436 -0.0030243  -0.00216433]]
[[ 0.00174269  0.00254885 -0.00494758]]
[[ 0.00569969  0.00283035 -0.00446258]]
[[ 0.00796911  0.00731277 -0.0003452 ]]
[[ 0.00722695  0.00330749  0.00033789]]
[[ 0.00682392  0.00717517  0.0030334 ]]
[[ 0.00650924 -0.00070418 -0.00013692]]
[[ 0.00463443 -0.00389263 -0.00228548]]
[[ 0.00554458 -0.00158029 -0.00226303]]
[[-0.00013787 -0.00017009  0.00309523]]
[[ 0.00124118 -0.00550183 -0.00315701]]
[[ 0.00132066 -0.00367392 -0.00055189]]
[[-0.00020829  0.00607066 -0.00884327]]
[[ 0.00991191  0.01044717 -0.00035926]]
[[ 0.00637183  0.00904058  0.00490327]]
[[ 0.00272023 -0.00510598 -0.0021983 ]]
[[ 0.00518571  0.00364035  0.00239117]]
[[ 0.00427623 -0.00350143 -0.00082542]]
[[ 0.00540898 -0.0001745   0.00118835]]
[[ 0.00468449  0.00674698  0.00353095]]
[[ 0.00285815 -0.00493299 -0.0013292 ]]
[[  3.79010372e-03  -2.93257243e-03  -6.01418929e-05]]
[[ 0.00351072  0.0036654   0.00254107]]
[[ 0.00519711  0.00889524  0.00480824]]
[[ 0.00422876  0.00010274  0.0009881 ]]
[[ 0.00252972 -0.0046452  -0.0008896 ]]
[[ 0.00332182  0.00532347  0.0029789 ]]
[[ 0.00279221 -0.00181201 -0.00011946]]
[[ 0.00233487  0.00304726  0.001786  ]]
[[ 0.00316757  0.00648725  0.00475163]]
[[ 0.00249507  0.00096393  0.000661  ]]
[[  1.68977541e-03  -3.40253577e-03  -1.40371138e-05]]
[[ 0.0022673   0.00339157  0.00130003]]
[[  9.40585698e-04   4.61968480e-04  -4.74031175e-06]]
[[ 0.00386111 -0.00014892  0.00027898]]
[[ 0.00142384  0.00143477 -0.00078708]]
[[  4.51430788e-03  -3.74406894e-05  -1.13760564e-03]]
[[ 0.00051603  0.00474147 -0.00041888]]
[[  4.16601834e-03   3.69257158e-04  -9.17208846e-05]]
[[ 0.00075103  0.00443803  0.00018516]]
[[ 0.00618161 -0.00316284  0.00023418]]
[[ 0.0070913  -0.00635802 -0.00062234]]
[[ 0.00628143 -0.00376051 -0.00088028]]
[[ 0.00755503 -0.00708555 -0.00190241]]
[[ 0.00595736 -0.0022895  -0.0019483 ]]
[[  2.37065609e-03  -9.20810827e-05   1.85777731e-03]]
[[-0.0042062   0.00182055 -0.00406007]]
[[-0.00403764  0.00920461 -0.00091708]]
[[-0.00391085  0.00847746 -0.00042337]]
[[ 0.0067767  -0.00943656 -0.00160354]]
[[ 0.00786528 -0.01088963 -0.00290207]]
[[ 0.00523527 -0.00093075 -0.00101785]]
[[ 0.00422423  0.0012255   0.00010623]]
[[ 0.00693536 -0.00524617  0.00058227]]
[[ 0.00595895 -0.00201111  0.00100112]]
[[  2.44767353e-04   4.77839616e-03  -5.08790833e-05]]
[[ 0.00689693 -0.00909298  0.00089204]]
[[ 0.00627416 -0.00378346  0.00084371]]
[[  2.41700580e-03   1.58224905e-03  -6.97760988e-05]]
[[-0.003717    0.00878676 -0.0001778 ]]
[[ 0.00393501 -0.00118     0.00152104]]
[[ 0.00823576 -0.00664388  0.00128112]]
[[-0.00218802  0.00457769  0.00019277]]
[[ 0.00426515 -0.00341385  0.0027033 ]]
[[-0.00130014  0.00222907  0.00100455]]
[[ -5.49383750e-03   7.69223019e-03   6.67380094e-05]]
[[  6.48097542e-04   7.33845322e-05   4.15524194e-03]]
[[ 0.00687241 -0.00533849  0.00230962]]
[[-0.00340632  0.00295654 -0.00016084]]
[[-0.00438315 -0.00243851  0.00197742]]
[[ -1.83601653e-03  -2.82628817e-05  -9.71815413e-04]]
[[ -7.94732876e-04   3.83578186e-05  -2.22064303e-04]]
[[-0.00129854 -0.00043995 -0.00016607]]
[[-0.00155723  0.00088012 -0.00206069]]
[[ 0.00045303  0.00218589 -0.00179211]]
[[ 0.00291161  0.00492806  0.00120623]]
[[ 0.001135    0.0024614   0.00198066]]
[[ 0.00205823  0.00391951  0.00415968]]
[[ -2.64952070e-05   1.59438298e-03   1.70881894e-03]]
[[-0.00036586  0.00069004  0.00054424]]
[[ -4.11293380e-04   9.38316594e-04   6.32968993e-05]]
[[-0.00257133 -0.00038203 -0.00036618]]
[[-0.00079666 -0.0001974   0.00012876]]
[[-0.00119296 -0.00050193  0.00027334]]
[[-0.00227605  0.00276602 -0.00481813]]
[[ 0.00683397  0.00661794  0.00115271]]
[[ 0.00336865  0.00448683  0.0057716 ]]
[[-0.00057642  0.00029029  0.00061064]]
[[ 0.00026269  0.00170277  0.00405392]]
[[-0.00055761  0.00055422  0.0019196 ]]
[[-0.00048502  0.00102337  0.00306269]]
[[ 0.00110082  0.00272745  0.00550776]]
[[-0.00068278  0.00025429  0.00137259]]
[[-0.0012588  -0.00045683  0.00320861]]
[[-0.00056123  0.00015783  0.0060867 ]]
[[ 0.00281055  0.00401545  0.00619448]]
[[-0.00130928 -0.00045167  0.00447256]]
[[-0.00126496 -0.00056467  0.00199528]]
[[ 0.00042659  0.00106501  0.0085079 ]]
[[-0.00292037 -0.00321699  0.004452  ]]
[[-0.00131279 -0.00350652  0.01012358]]
[[ 0.00170621  0.00224212  0.00810738]]
[[-0.00250305 -0.00398917  0.00642792]]
[[-0.00263862 -0.00263408  0.00176041]]
[[ 0.00355173 -0.00377834  0.0131623 ]]
[[-0.003962   -0.00602501  0.00485007]]
[[ 0.00113883 -0.00029186  0.00244457]]
[[ 0.00091134  0.0009048   0.00251627]]
[[ 0.00179825 -0.00019331  0.00236043]]
[[ 0.0009379   0.00107887  0.00263004]]
[[ 0.00158868 -0.00047504  0.00280966]]
[[ 0.00094976  0.00116668  0.00346353]]
[[ 0.0002669  -0.00212619  0.00216478]]
[[-0.00017743 -0.00220479  0.00154684]]
[[ 0.00074814 -0.00192141  0.00162869]]
[[  8.53199495e-05  -2.03478055e-03   1.31282084e-03]]
[[ 0.0005283  -0.00168797  0.00165496]]
[[ 0.00022307  0.00031928  0.00219437]]
[[ -4.56125815e-05   1.23448627e-03   1.82708932e-03]]
[[ -5.77664646e-05   1.52280128e-03   2.05010436e-03]]
[[ -3.89618616e-05   1.87355036e-03   2.58586482e-03]]
[[-0.00073635 -0.00167892  0.00121776]]
[[-0.00059049 -0.0016113   0.00079594]]
[[-0.00020745 -0.00163647  0.00129236]]
[[ 0.00171531 -0.00018031  0.00355421]]
[[-0.00058367 -0.00216528  0.00239794]]
[[  1.33745578e-05  -2.08056439e-03   3.25596980e-03]]
[[ 0.00065536  0.00150394  0.00390831]]
[[-0.00097417 -0.00157874  0.00204315]]
[[-0.00080936 -0.0018329   0.00375661]]
[[ 0.00079627  0.00066594  0.00418443]]
[[ -5.05694373e-05   2.36390463e-03   2.95301739e-03]]
[[-0.00064572 -0.0010467   0.00518326]]
[[-0.00109602 -0.00145837  0.0034564 ]]
[[-0.00045323  0.00241882  0.00429141]]
[[-0.0004669  -0.00087348  0.0063624 ]]
[[-0.00093131  0.00330201  0.00372978]]
[[-0.00054417  0.00313471  0.00301461]]
[[-0.0005878   0.00177699  0.00698484]]
[[-0.00057874 -0.00121769  0.00543161]]
[[-0.00147542  0.00393935  0.00062979]]
[[-0.0034274  -0.00026481  0.00376008]]
[[-0.00156753  0.00329879 -0.00394692]]
[[-0.00361393  0.00213084 -0.00399806]]
[[-0.00235107  0.00358398 -0.00542061]]
[[-0.00047787  0.00376251 -0.00451655]]
[[ 0.00161988  0.00378399 -0.00425487]]
[[ 0.00445188  0.00645973 -0.00058277]]
[[ 0.00266232  0.00367511  0.00025475]]
[[ 0.00348447  0.00549189  0.00261471]]
[[ 0.00102482  0.00337066 -0.00019287]]
[[ 0.0002483   0.00378418 -0.00094205]]
[[ -7.50741749e-05   2.93790863e-03  -1.84314719e-03]]
[[-0.00236787  0.00335236 -0.00245334]]
[[-0.00707619  0.00315973 -0.00208499]]
[[-0.00285218  0.00522554 -0.00589772]]
[[-0.0009149   0.00535672 -0.00608672]]
[[ 0.00845135  0.0081539  -0.00013441]]
[[ 0.00502424  0.00601929  0.00457958]]
[[ 0.00072587  0.00426536 -0.00110428]]
[[ 0.00158046  0.00331842  0.00197696]]
[[ -4.96994638e-04   2.20355986e-03  -4.55130264e-05]]
[[ 0.00047365  0.00268613  0.00090059]]
[[ 0.00215313  0.00515461  0.0026313 ]]
[[-0.00135922  0.00183363 -0.00124213]]
[[-0.00055913  0.00159529  0.00010323]]
[[ 0.00077772  0.00330946  0.00159346]]
[[ 0.00432245  0.00615615  0.00395254]]
[[-0.00019836  0.0021447   0.00053827]]
[[ -7.77547668e-05   1.43539297e-03  -2.33674229e-03]]
[[ 0.00164448  0.00410111  0.00164884]]
[[-0.00014821  0.00124268  0.00060577]]
[[ 0.00130473  0.00320911  0.00058322]]
[[ 0.0027993   0.00410576  0.00325141]]
[[ 0.00096392  0.00234194  0.00075042]]
[[ -2.33329928e-03   1.60373929e-05   2.98320362e-03]]
[[ 0.00227105  0.00295963  0.00041288]]
[[ 0.00116335  0.00217813  0.00021849]]
[[ 0.00250139  0.00069815  0.00068649]]
[[ 0.00217116  0.00165733  0.00071634]]
[[  3.43396995e-03   3.54410123e-05   4.25098910e-04]]
[[ 0.00236148  0.00135796  0.00071302]]
[[ 0.00326319 -0.00025271  0.00067466]]
[[ 0.0024444   0.00138025  0.00099719]]
[[ 0.00263555 -0.00241302  0.00037816]]
[[ 0.00298862 -0.00419138 -0.00040505]]
[[ 0.00300907 -0.0022929  -0.00066568]]
[[ 0.00333746 -0.00382425 -0.00152797]]
[[ 0.00270257 -0.00061539 -0.00150595]]
[[ 0.00143529  0.00138703  0.00081999]]
[[ 0.0009161   0.00188581  0.00062773]]
[[ 0.00108579  0.0017571   0.00052841]]
[[ 0.0011816   0.00187634  0.00055176]]
[[ 0.00191427 -0.00648811 -0.00133784]]
[[ 0.00175448 -0.0068257  -0.0033514 ]]
[[ 0.00200598  0.00037103 -0.0014556 ]]
[[ 0.0033274   0.00045732  0.00051237]]
[[ 0.00289412 -0.00347563  0.00078045]]
[[ 0.0025926  -0.00133507  0.00095009]]
[[ 0.00214287  0.00154442  0.00015309]]
[[ 0.00231233 -0.0065617   0.00096284]]
[[ 0.00246313 -0.00141952  0.00049235]]
[[ 0.00224999  0.00084206 -0.00039189]]
[[  1.13066793e-03   1.89182928e-03   5.28591323e-05]]
[[ 0.00156072 -0.00016532  0.00037062]]
[[ 0.00289494 -0.00357695  0.00091693]]
[[ 0.00108764  0.00127248 -0.00052279]]
[[ 0.00124322  0.0003556   0.00030354]]
[[ 0.00103016  0.00117016 -0.00063818]]
[[ 0.00070074  0.00139726 -0.00037372]]
[[  1.06643821e-03   9.71825644e-04  -5.37409879e-05]]
[[ 0.0010877  -0.00079289  0.00185105]]
[[ 0.00085092  0.00122498 -0.00083861]]
[[ 0.00111183  0.0015747  -0.00049428]]
[[ 0.00222442  0.00016382 -0.00417074]]
[[-0.00130642 -0.00314827 -0.0048206 ]]
[[ 0.00166546 -0.00137005 -0.0050575 ]]
[[ 0.00154967  0.00269233 -0.0049219 ]]
[[ 0.00306586  0.00337448 -0.00443074]]
[[ 0.00493618  0.00674289 -0.00106163]]
[[ 0.00359962  0.00392914 -0.00035472]]
[[ 0.00367464  0.00569804  0.00183824]]
[[ 0.00250915  0.00110419 -0.00107502]]
[[ 0.00116585 -0.00079456 -0.00256704]]
[[  1.83693365e-03  -5.21387950e-05  -2.30896147e-03]]
[[ 0.00218753 -0.00051143 -0.00250948]]
[[-0.0059422  -0.00225426 -0.00375057]]
[[ 0.00196759 -0.00023162 -0.00533051]]
[[ 0.00028091  0.00443099 -0.00682392]]
[[ 0.00826821  0.00817604 -0.00072235]]
[[ 0.00450116  0.00589008  0.00379557]]
[[ 0.00039233 -0.00061969 -0.00319136]]
[[ 0.00245332  0.00351754  0.00173915]]
[[ 0.00048917 -0.00175421 -0.00137774]]
[[ 0.00238264  0.00082671  0.00095011]]
[[ 0.00266778  0.00455208  0.00302592]]
[[-0.00163888 -0.00218423 -0.00268687]]
[[ 0.00128043 -0.00198994  0.00020435]]
[[ 0.00194836  0.00224722  0.00353278]]
[[ 0.00392524  0.00527532  0.00396444]]
[[  2.12358286e-03   3.19530775e-05   2.14889768e-03]]
[[-0.00022455 -0.00216603 -0.00219761]]
[[ 0.00247422  0.00265053  0.00544789]]
[[ 0.00038346 -0.00336747  0.00216361]]
[[ 0.00233858 -0.00118757  0.00695711]]
[[ 0.00329068  0.00308676  0.00548654]]
[[ 0.00188467 -0.00228516  0.0043459 ]]
[[-0.00298006 -0.00415391  0.00231949]]
[[ 0.00815345 -0.00238384  0.00978038]]
[[ 0.00164805 -0.00486377  0.00308068]]
[[ 0.00267964  0.00038836  0.00051216]]
[[ 0.0021692   0.00162427  0.00047934]]
[[  2.98307128e-03   5.12696244e-04   9.91521034e-05]]
[[ 0.00196805  0.0016925   0.00029667]]
[[ 0.00264199  0.00016308  0.00019327]]
[[ 0.00201034  0.00154011  0.00067197]]
[[ 0.00143555 -0.00144073 -0.00058811]]
[[ 0.00094005 -0.00147143 -0.00085481]]
[[ 0.00199239 -0.00126562 -0.00063023]]
[[ 0.00139895 -0.00143466 -0.0006438 ]]
[[ 0.00198312 -0.00106503 -0.00018557]]
[[ 0.00217427  0.00083034  0.00056134]]
[[ 0.00116685  0.0018923   0.00011197]]
[[ 0.00081693  0.00205581  0.00012818]]
[[ 0.00080548  0.00208104  0.00042691]]
[[ 0.0003029  -0.00103608 -0.00069671]]
[[ 0.00063787 -0.00110611 -0.00066204]]
[[ 0.00133619 -0.0008207  -0.00018128]]
[[ 0.00291342  0.0002408   0.00034132]]
[[ 0.00054949 -0.00145508 -0.00057723]]
[[ 0.00136154 -0.00154673 -0.00026659]]
[[ 0.00204399  0.0014213   0.00037849]]
[[  6.64924463e-05  -9.03189608e-04  -4.92535314e-04]]
[[ 0.00056903 -0.0012184  -0.00025653]]
[[  2.52273025e-03   4.23849591e-04   4.36897549e-05]]
[[ 0.00106453  0.00199353  0.00039532]]
[[ 0.00123891 -0.00099525  0.00011335]]
[[ 0.00013352 -0.00081164 -0.00013965]]
[[  1.71839758e-03   1.31988372e-03  -4.81095709e-05]]
[[ 0.00113642 -0.00054462  0.00026384]]
[[ 0.00199978  0.00125688 -0.00049073]]
[[  1.27287291e-03   1.80553136e-03   4.70382077e-05]]
[[  1.83245786e-03   2.16173456e-04   9.53821988e-05]]
[[ 0.00075723 -0.00056534  0.00031422]]
[[ 0.00159099  0.00179384 -0.00112853]]
[[ 0.00177765  0.0004561  -0.00033933]]
