[[ -5.22356930e-04   6.67984756e-05  -2.14129745e-04]]
[[ 0.00957882 -0.00484391 -0.01131114]]
[[-0.0026358  -0.00555041 -0.0001267 ]]
[[-0.00590551 -0.00061665 -0.00295193]]
[[-0.0001758  -0.00028943 -0.00042567]]
[[-0.00756635  0.00101581  0.00033529]]
[[-0.00788375  0.00198429  0.00097948]]
[[ -3.73428581e-05  -6.25820093e-04   6.08158857e-04]]
[[-0.00624641  0.0021123  -0.00015745]]
[[-0.00249942  0.00046473  0.00157121]]
[[-0.00661812  0.00181242  0.00075626]]
[[-0.00205143  0.00141091 -0.00148426]]
[[-0.00803167  0.00245809 -0.00081537]]
[[  5.84978929e-05  -3.47331444e-04  -6.31433394e-04]]
[[-0.00775047  0.00139453 -0.00089659]]
[[-0.00666481 -0.00408486  0.00192738]]
[[-0.00064752 -0.0012567   0.00065818]]
[[ 0.00060769 -0.00594656 -0.00551488]]
[[-0.00115807 -0.00047797 -0.00753481]]
[[-0.00276049  0.0003849  -0.00286309]]
[[ -4.51402006e-03  -7.62116503e-06   2.82744256e-03]]
[[-0.00051625 -0.00089004  0.00174927]]
[[-0.00674388 -0.00452912  0.00767965]]
[[-0.00274178 -0.00063736  0.00510897]]
[[-0.00395918  0.0004584   0.0002441 ]]
[[-0.00052238 -0.00139123 -0.00035423]]
[[-0.00492927  0.00508364 -0.00312923]]
[[-0.00074673  0.00219836  0.0030319 ]]
[[-0.00153133 -0.00203322 -0.00039398]]
[[ 0.00253876  0.00065941 -0.00186151]]
[[-0.00830558 -0.00285813  0.00560342]]
[[-0.0055749   0.00035024  0.001823  ]]
[[-0.00355575 -0.00367897  0.0073983 ]]
[[ -1.46012990e-04  -4.07050553e-05   2.72739274e-04]]
[[ -4.91624698e-05  -1.12584002e-03  -6.03695214e-05]]
[[-0.00242332  0.00042388  0.00128025]]
[[-0.00602373 -0.00242591  0.00620946]]
[[-0.00323393  0.00118685  0.00099017]]
[[-0.00166833 -0.00209262  0.00321194]]
[[ -7.76186255e-04  -1.72194549e-04   3.55053458e-05]]
[[-0.0032248  -0.00122759  0.0024648 ]]
[[ -4.31032295e-04   2.57066246e-04   4.24911202e-05]]
[[-0.00547349 -0.00115945  0.00261958]]
[[-0.00062873  0.00035504  0.00038799]]
[[-0.00263686 -0.00041786  0.00015814]]
[[ -4.72370383e-04  -9.71033849e-05   3.37661939e-04]]
[[-0.0047857  -0.00158764  0.00105832]]
[[-0.00103439 -0.00090389  0.0013175 ]]
[[-0.00076773 -0.00015732 -0.00025008]]
[[-0.00233627  0.00028244 -0.00020381]]
[[ -3.98746557e-04  -6.16765598e-04  -5.09882402e-05]]
[[ 0.01117489 -0.00890566  0.00754141]]
[[ 0.01689048  0.0029937   0.0023604 ]]
[[ 0.01491297 -0.00680806  0.00645929]]
[[-0.0011406 -0.0006199  0.0033728]]
[[ 0.01303857 -0.01362832  0.00430042]]
[[ 0.01731608 -0.00924951  0.00531562]]
[[-0.00058356 -0.00058086  0.00160706]]
[[ 0.00974799 -0.02246625  0.00823601]]
[[ 0.00532751 -0.00294558 -0.00484287]]
[[ 0.0087841  -0.02228608  0.00629951]]
[[ 0.00471396 -0.00807427  0.00491568]]
[[ 0.01057138 -0.02345937 -0.00010088]]
[[-0.00086833 -0.00518055 -0.00048166]]
[[ 0.01889851 -0.02817632 -0.00278138]]
[[ 0.02033275 -0.01619125 -0.01536462]]
[[-0.00127192 -0.00117642 -0.00604637]]
[[ 0.01814447 -0.0026851  -0.00022447]]
[[ 0.00017615 -0.0081149   0.00720251]]
[[-0.00488196 -0.00780555  0.00169578]]
[[-0.01165323 -0.00642817 -0.01075282]]
[[ 0.00080158  0.00121934 -0.00271409]]
[[-0.00697341  0.01289506 -0.02865643]]
[[-0.00157158  0.00648171 -0.01547756]]
[[ 0.00026489  0.00058782 -0.00090112]]
[[-0.0007527   0.00539367  0.0027844 ]]
[[-0.00893606  0.00183422 -0.00420633]]
[[-0.00047277  0.00125564 -0.00032494]]
[[-0.00212889 -0.00138115 -0.00278841]]
[[-0.0001117  -0.00029378 -0.00150475]]
[[-0.00149536 -0.00031895 -0.00477011]]
[[-0.00010822 -0.00042011 -0.00023478]]
[[-0.00044856 -0.00131563 -0.00632044]]
[[-0.00122183 -0.00047306 -0.00146122]]
[[-0.00027741 -0.00089889 -0.00087721]]
[[ 0.00053728 -0.00015099 -0.00189655]]
[[-0.00564043 -0.00079529 -0.00145482]]
[[-0.00232595  0.00038546  0.00123517]]
[[ 0.00020913 -0.00017288 -0.00035934]]
[[-0.00121934 -0.00132133 -0.00172547]]
[[-0.00362303 -0.01141405 -0.01189349]]
[[-0.00407834 -0.00376146 -0.00956386]]
[[-0.00804127 -0.00117997 -0.01112307]]
[[  4.27013254e-04   9.52150062e-04  -6.61868956e-05]]
[[ -5.34026197e-03  -7.12969036e-04  -9.76871033e-05]]
[[ -5.43845434e-06  -2.81136481e-03  -6.10670968e-03]]
[[ 0.00083329 -0.01105708 -0.00010598]]
[[-0.00073308 -0.00109776  0.00138585]]
[[  7.57565361e-05  -1.94860935e-03  -2.11232293e-03]]
[[ 0.00037012 -0.00152484 -0.00028378]]
[[-0.00014486 -0.00134837  0.0003946 ]]
[[ 0.01211579 -0.01570035  0.00216568]]
[[ 0.00995391 -0.01599443 -0.00043076]]
[[ 0.00738913 -0.01391965 -0.00162002]]
[[-0.00135494 -0.00144579  0.00088855]]
[[ 0.00643387 -0.01157677 -0.00505912]]
[[ 0.00088907 -0.01310574 -0.00889575]]
[[-0.00080637 -0.00174636 -0.00129923]]
[[-0.00497815 -0.008944   -0.00645222]]
[[-0.00243151 -0.00219467 -0.00113573]]
[[ 0.0009223  -0.00856467 -0.00739051]]
[[-0.00063711 -0.00189706  0.00046284]]
[[ 0.00734757 -0.00682529 -0.00376097]]
[[-0.00019286 -0.00081253 -0.00117187]]
[[ 0.00361185 -0.00017676 -0.00259537]]
[[ 0.0013513  -0.01237274 -0.00165023]]
[[ -1.53861670e-03  -1.49559053e-03  -2.47754665e-05]]
[[ 0.00692599 -0.01559967 -0.00517153]]
[[-0.00259661 -0.01223402  0.00660289]]
[[-0.00196553 -0.0138182   0.00765622]]
[[ 0.00040269 -0.00929767 -0.00171314]]
[[-0.00011573 -0.00151909  0.00107333]]
[[-0.0011428  -0.0113076  -0.00016286]]
[[-0.00040947 -0.00208116  0.00183962]]
[[-0.00017208 -0.00100531 -0.00031806]]
[[ 0.00060899 -0.00523049 -0.0007865 ]]
[[ 0.00138339 -0.01114644  0.0017248 ]]
[[ 0.00131113 -0.00530599 -0.00042268]]
[[ 0.00019662 -0.00127533 -0.00059898]]
[[-0.00058654 -0.00218038  0.00224082]]
[[ 0.00224487 -0.02669577  0.00766037]]
[[ 0.00225407 -0.00065805 -0.0007085 ]]
[[ 0.00119144 -0.01375642  0.01634933]]
[[ 0.00230749  0.0001985   0.00193785]]
[[ 0.00052056 -0.00579983 -0.00052872]]
[[-0.0011387  -0.00021299  0.00070228]]
[[-0.00018693 -0.03043294  0.02005112]]
[[-0.00084812 -0.001006   -0.00023917]]
[[-0.0013701  -0.01093218  0.01221998]]
[[  1.63396058e-03  -7.91589420e-05   1.06040900e-03]]
[[-0.0008913  -0.02178376  0.00802564]]
[[-0.00104732 -0.0016425  -0.00216607]]
[[-0.00506166 -0.01309852  0.01133497]]
[[ 0.00174464 -0.00492674  0.00014346]]
[[-0.00246923 -0.00089367 -0.00018089]]
[[  1.69261484e-04  -7.65830475e-05   6.49958670e-04]]
[[ 0.00111912 -0.02272027  0.00456725]]
[[-0.00302565 -0.00334103  0.00412862]]
[[-0.00139795 -0.00315941 -0.00219528]]
[[ 0.00060022 -0.00049622  0.00011755]]
[[ 0.00045132 -0.00132593 -0.00089973]]
[[ 0.01310274 -0.01508146 -0.00223365]]
[[ 0.01463792 -0.01300837 -0.00104668]]
[[ 0.01635101 -0.01198745 -0.00259464]]
[[-0.00071188 -0.00029535 -0.00053503]]
[[ 0.01390898 -0.01057228 -0.00056701]]
[[ 0.01367228 -0.00918983 -0.00379717]]
[[ -6.90885302e-04  -1.98814396e-05  -1.34434791e-03]]
[[ 0.00977005 -0.00872141  0.00040099]]
[[ 0.00398432 -0.00167933 -0.00326123]]
[[ 0.00976301 -0.00768895 -0.00164468]]
[[ 0.00356892 -0.00374491  0.0024724 ]]
[[ 0.01265023 -0.01120457  0.00183677]]
[[-0.00104596 -0.00120959  0.00174889]]
[[ 0.01366852 -0.01010851 -0.00143289]]
[[ 0.01494134 -0.0125889  -0.00102652]]
[[-0.00103363 -0.00107717  0.00057184]]
[[ 0.01206056 -0.0116427  -0.00090271]]
[[ 0.00034052 -0.00762239 -0.00461565]]
[[ 0.00284072 -0.00847639 -0.00709371]]
[[ 0.00656663 -0.0082336  -0.01837603]]
[[ 0.0014736   0.00378091 -0.00677393]]
[[ 0.00181536  0.00013589 -0.02375918]]
[[ 0.00673434  0.00048847 -0.01131404]]
[[ 0.00396837 -0.0038249  -0.00071183]]
[[-0.00055073  0.00070509 -0.00273856]]
[[ 0.00611029 -0.01616599 -0.02318194]]
[[ 0.00470022 -0.00774167 -0.00623713]]
[[-0.00631834 -0.00263554 -0.00725393]]
[[ 0.00055656 -0.00079851 -0.00766633]]
[[ 0.00273215 -0.01209457 -0.00592549]]
[[ 0.00250121 -0.00195491 -0.00200759]]
[[ 0.00278873 -0.0095256  -0.00564861]]
[[-0.00087087 -0.0015379  -0.00181882]]
[[ 0.00060893 -0.00495996 -0.00089336]]
[[ 0.00269301 -0.00065512 -0.00244783]]
[[-0.00046265 -0.01338969 -0.00587264]]
[[ 0.00203151 -0.00120429 -0.00119948]]
[[-0.00015844 -0.00049131 -0.00046988]]
[[-0.00274375 -0.00193747 -0.0024409 ]]
[[ 0.0035247  -0.01070659 -0.00600906]]
[[-0.00067618 -0.00319252 -0.00349662]]
[[ 0.00582092 -0.00814903 -0.00577687]]
[[ 0.00219255 -0.00466159 -0.00090881]]
[[ 0.00254138  0.00014366 -0.0005844 ]]
[[-0.00052738 -0.00147734 -0.00354298]]
[[ 0.00580217 -0.01128218 -0.00402152]]
[[  5.62094515e-04   1.19488141e-05  -9.39312055e-04]]
[[-0.00062402 -0.0026465  -0.00312035]]
[[  2.58625569e-03  -3.37238418e-04   7.36980853e-05]]
[[-0.00025721 -0.00049261 -0.00238654]]
[[ 0.00356597  0.00549767 -0.01999313]]
[[-0.00306295  0.00433824 -0.00965666]]
[[-0.00265562  0.0035426  -0.01000548]]
[[ 0.00050691  0.00124333 -0.00551256]]
[[-0.00346225  0.00352296 -0.00762977]]
[[-0.00391514  0.00388568 -0.00925231]]
[[ 0.00069934  0.00090624 -0.00502089]]
[[-0.003947    0.00450405 -0.01002071]]
[[ 0.00027559 -0.00066675 -0.00020882]]
[[-0.00073051  0.00300337 -0.00962497]]
[[-0.00266779  0.00155107 -0.00116189]]
[[-0.00074717  0.00193309 -0.00649085]]
[[ 0.00012365  0.00111755 -0.00344912]]
[[ 0.0001759   0.00204306 -0.00791593]]
[[ 0.00055815  0.0012118  -0.00612268]]
[[ 0.00042821  0.00103264 -0.00321237]]
[[ 0.00352242  0.00131544 -0.01041756]]
[[ 0.00382383  0.00857531 -0.02587013]]
[[ 0.00266884  0.00355893 -0.02482918]]
[[-0.00204661 -0.00440048 -0.0128169 ]]
[[ 0.00067755  0.0003363  -0.00450042]]
[[-0.00357461 -0.006662   -0.0110216 ]]
[[ 0.00030155  0.00128006 -0.00280899]]
[[ 0.00022455 -0.00075764 -0.00038432]]
[[ 0.00030534 -0.00325051 -0.00047028]]
[[-0.00063533 -0.00461148 -0.01067812]]
[[ 0.00067204 -0.00265603 -0.00045114]]
[[-0.00196553 -0.00296905 -0.00387749]]
[[ 0.00130555  0.00144777 -0.00301714]]
[[ 0.0013931  -0.01142918 -0.01554472]]
[[ 0.00373696 -0.00187987 -0.00306765]]
[[-0.00306105 -0.00829632 -0.01674625]]
[[-0.00529821 -0.00159029 -0.00446637]]
[[-0.00014452 -0.00536347 -0.00202896]]
[[ 0.00196369 -0.00250402 -0.00275454]]
[[ 0.00058902 -0.01292282 -0.02522504]]
[[ 0.00494064 -0.00350894 -0.00541977]]
[[ 0.00037177  0.00413204 -0.00797099]]
[[-0.0073162  -0.00428276 -0.00600023]]
[[ -2.44272484e-05  -4.51466183e-03  -8.94642127e-03]]
[[-0.00147146 -0.00271837 -0.00428862]]
[[-0.00268418 -0.00652264 -0.01267516]]
[[  6.78610242e-04  -2.55155212e-03  -6.51552456e-05]]
[[ -1.90532827e-03  -7.19389947e-04  -1.90642241e-05]]
[[-0.0026288  -0.003958   -0.00582551]]
[[-0.00187302 -0.00773184 -0.01870079]]
[[ 0.00215509  0.00271443 -0.00489045]]
[[-0.00282013 -0.00579485 -0.00844741]]
[[-0.00209796  0.00033557 -0.00056279]]
[[ 0.00015602  0.00026011 -0.00109467]]
[[ 0.00253227  0.00355043 -0.0127375 ]]
[[ -6.35411863e-05   3.11146017e-03  -9.86767883e-03]]
[[ 0.00187067  0.00043547 -0.00641625]]
[[ 0.00025538  0.00103761 -0.00341099]]
[[ 0.00189933  0.00077504 -0.00722938]]
[[  2.51266270e-03   4.99844261e-05  -6.34348037e-03]]
[[ 0.00040597  0.00087323 -0.00329436]]
[[ 0.00242477  0.00069681 -0.00835396]]
[[ 0.00259902 -0.00117601 -0.00148809]]
[[ 0.00531348 -0.00083755 -0.00918007]]
[[-0.00029422 -0.00050181  0.00015477]]
[[ 0.0053657  -0.0017899  -0.00761108]]
[[-0.00022218  0.00089557 -0.0037853 ]]
[[ 0.00565938 -0.0014283  -0.00753441]]
[[ 0.00554424 -0.00136006 -0.00850253]]
[[ 0.00026431  0.00101968 -0.00431466]]
[[ 0.00719877 -0.00126618 -0.01004482]]
[[ 0.00263537  0.00596    -0.01631353]]
[[ 0.00258399  0.00491143 -0.01399471]]
[[-0.00036305  0.00101108 -0.00454229]]
[[ 0.00055636  0.00075292 -0.00211761]]
[[ 0.00022015  0.00161122 -0.00578183]]
[[ 0.00029177  0.00132868 -0.00263951]]
[[ 0.00087507 -0.00010366 -0.00030499]]
[[ -1.00297520e-04   5.39611364e-04  -7.82079542e-05]]
[[-0.00025462  0.00207835 -0.00582945]]
[[ -1.89588035e-04   7.78823417e-04  -3.27911194e-05]]
[[-0.0011882  -0.00069151 -0.00148465]]
[[ 0.00093735  0.00143559 -0.00250481]]
[[ 0.00015136  0.00042367 -0.00631312]]
[[ 0.00071026 -0.000348   -0.00085352]]
[[-0.0007634   0.00100702 -0.00642123]]
[[-0.00139571 -0.00046599 -0.00131173]]
[[ -7.02398023e-05   8.41840437e-05  -3.67369539e-04]]
[[ 0.00066561 -0.00016259 -0.00069072]]
[[-0.00090033 -0.00019693 -0.00529768]]
[[ 0.00042486 -0.00041664 -0.00041755]]
[[ 0.00013818  0.00063049 -0.00234666]]
[[-0.00131376 -0.00088741 -0.00120438]]
[[ 0.00141299  0.00245943 -0.00591015]]
[[-0.00027195 -0.00066348 -0.00133793]]
[[ 0.00227067  0.00192592 -0.00648595]]
[[ -4.75873926e-05   3.84347628e-04  -2.30747410e-04]]
[[ 0.00099598  0.00013774 -0.00010774]]
[[-0.00041832 -0.00080135 -0.00168057]]
[[ 0.00119398  0.00175586 -0.00642687]]
[[ 0.00131665  0.00111077 -0.0029847 ]]
[[-0.00044232 -0.00140528 -0.00150073]]
[[  2.61079516e-04  -8.65762835e-05  -1.63360725e-04]]
[[ 0.00126933 -0.00018278 -0.00116134]]
[[ 0.01827532 -0.00014054 -0.01859481]]
[[ 0.00599526 -0.01170781 -0.00371934]]
[[ 0.01873132 -0.00639305 -0.00088045]]
[[  9.08995224e-05   1.79524654e-03  -1.88491057e-03]]
[[ 0.01674981 -0.00341851  0.00235951]]
[[ 0.01613458 -0.00410908 -0.00223219]]
[[-0.00016853  0.00145452 -0.00159875]]
[[ 0.01836054  0.00321579 -0.00273062]]
[[ 0.00616991 -0.00012255 -0.00272238]]
[[ 0.00652066  0.00770557 -0.00844677]]
[[ 0.00090374  0.00104575 -0.00225897]]
[[  9.53739476e-03  -2.63442391e-05   1.67373891e-03]]
[[-0.00190334  0.00323547  0.00175713]]
[[ 0.00870023  0.00041107  0.00162828]]
[[ 0.01714904 -0.00692913  0.01227364]]
[[ 0.00038713  0.00119025  0.00506537]]
[[ 0.01794782 -0.0125823  -0.00036249]]
[[ 0.0037353   0.01141911 -0.02080385]]
[[ 0.01017616  0.00648911 -0.01408151]]
[[ 0.01288062  0.00041271  0.00566666]]
[[ 0.00100883 -0.00411408  0.00023106]]
[[ 0.02237619 -0.03369684  0.01895396]]
[[ 0.00040977 -0.00642196  0.0149413 ]]
[[ 0.00953951  0.00068085 -0.00140995]]
[[ 0.00462553 -0.01827222 -0.0023783 ]]
[[ 0.00856075 -0.0142253  -0.00548441]]
[[-0.00103312 -0.00826476  0.00046076]]
[[-0.00198999 -0.00029433 -0.0012561 ]]
[[ 0.00089796  0.00110819  0.00016581]]
[[ 0.00192344 -0.0098125   0.00283441]]
[[ 0.00041227 -0.00038032 -0.00062933]]
[[ 0.01066299 -0.00270057  0.00889207]]
[[ 0.00474689  0.00164313  0.00412917]]
[[ -8.88599711e-05  -1.27907379e-03  -3.92085305e-04]]
[[ 0.00291721 -0.00067088 -0.00091721]]
[[ 0.00415762 -0.01040739  0.00337793]]
[[ 0.00225832 -0.00079032 -0.00038019]]
[[-0.00019761 -0.00361033  0.0020168 ]]
[[ 0.00081847 -0.00060631  0.00068202]]
[[ 0.00982992  0.00749213  0.00494104]]
[[ 0.00484015  0.00191188  0.0073166 ]]
[[ 0.01828042 -0.00347569  0.00343123]]
[[ 0.0020847  -0.00469343 -0.00037555]]
[[ 0.00998522  0.00194211  0.00032758]]
[[ 0.00057247  0.00149422  0.00270673]]
[[ 0.00735948  0.00679922 -0.00470989]]
[[ 0.00271813  0.00223565 -0.00401413]]
[[  1.10444190e-04  -3.83803114e-05   9.43391918e-04]]
[[ 0.00329783  0.00104481  0.00124567]]
[[ 0.00035571  0.00061468  0.00118484]]
[[ 0.0274746  -0.00571125  0.01300928]]
[[ 0.03426061  0.00581076  0.00152764]]
[[ 0.02571851 -0.00078262  0.00133801]]
[[ 0.00016311  0.00133437  0.00205202]]
[[ 0.01869485 -0.00106468 -0.00038778]]
[[ 0.01739095  0.00341794  0.00033103]]
[[ 0.00110811  0.00266334  0.00099839]]
[[ 0.00562608 -0.00099485  0.00819699]]
[[ 0.00201894  0.00195302 -0.00048648]]
[[ 0.02107322 -0.0049725   0.00683959]]
[[ 0.00571055 -0.00294864  0.008602  ]]
[[ 0.02445339 -0.00591281  0.00294985]]
[[ 0.00229534 -0.00126391 -0.00029486]]
[[ 0.03099375 -0.00579671 -0.00458964]]
[[ 0.0295367  -0.00212297 -0.01376536]]
[[-0.00012117  0.00203385 -0.00655404]]
[[ 0.02783687  0.00552665 -0.00302534]]
[[ 0.00903642 -0.00088484  0.01610084]]
[[ 0.00410253 -0.00054961  0.01162284]]
[[ 0.00949703  0.00395562  0.00137299]]
[[-0.00076165  0.00391569 -0.00033192]]
[[-0.00605628  0.03064538 -0.00031397]]
[[ 0.00099844  0.0030566  -0.00720088]]
[[-0.00436943 -0.00136623  0.00058918]]
[[-0.00385492  0.01589666  0.00129826]]
[[ 0.01350995  0.01719673  0.00609407]]
[[ 0.00124939  0.00862949 -0.00016547]]
[[ 0.00662297  0.00275039  0.00564992]]
[[ 0.00131625  0.00074647 -0.00242756]]
[[ 0.01028237  0.01334901 -0.00441491]]
[[ 0.0061793  -0.00014147 -0.00125763]]
[[  5.71319306e-05   7.18374681e-03  -1.08180890e-02]]
[[-0.00137934 -0.00067196 -0.0017121 ]]
[[ 0.00055033  0.00286065  0.00122675]]
[[  1.52544938e-03  -3.20816908e-05  -3.39624741e-04]]
[[ 0.00845728  0.01375537 -0.0053979 ]]
[[ 0.00336859 -0.00023382 -0.00064181]]
[[ 0.00158725  0.00534916 -0.00378713]]
[[ 0.00243345  0.00244604  0.00163369]]
[[ 0.00059907 -0.00630763  0.00188189]]
[[ -1.08319430e-03  -2.37442113e-05  -1.63822884e-03]]
[[-0.00420888  0.00172948  0.00396254]]
[[-0.00041213  0.00152498  0.00028568]]
[[ -2.32712407e-03  -1.39297788e-03   4.12128083e-05]]
[[ 0.00113295  0.00059192  0.00085472]]
[[ 0.01176968 -0.00233783  0.01068349]]
[[-0.00028355 -0.00060359  0.00263963]]
[[ 0.0017457   0.00347556  0.003334  ]]
[[ 0.00657921 -0.00146573  0.00134674]]
[[ -3.00818825e-05  -1.87811658e-04   9.19265440e-04]]
[[ 0.0010697  -0.00410563  0.01020281]]
[[ 0.00296973 -0.00356101  0.0078091 ]]
[[ 0.00196655 -0.00175854  0.00551937]]
[[-0.0003036  -0.00076331  0.00297294]]
[[ 0.00135489 -0.00176676  0.00636789]]
[[ 0.00105942 -0.00114324  0.00559866]]
[[-0.00044882 -0.00059218  0.00295095]]
[[ 0.00016256 -0.00149846  0.00847508]]
[[-0.00153477  0.00103384  0.0009054 ]]
[[-0.00156634 -0.00012751  0.00869113]]
[[ 0.00142924 -0.00013888  0.0007145 ]]
[[-0.0009893   0.00022063  0.00767743]]
[[ 0.00026143 -0.00063822  0.00386411]]
[[-0.00066554 -0.00020607  0.0063966 ]]
[[-0.00021324 -0.00026867  0.00697336]]
[[-0.00013278 -0.00055733  0.0035597 ]]
[[-0.00161185 -0.00050492  0.0078922 ]]
[[-0.00156141 -0.00469884  0.01326715]]
[[-0.00137936 -0.00387948  0.011523  ]]
[[ 0.00178973 -0.00056248  0.0044054 ]]
[[-0.00045104 -0.00065817  0.00181071]]
[[ 0.00114896 -0.00094804  0.00568044]]
[[-0.00016469 -0.00113661  0.00238696]]
[[ -2.37514770e-04   7.90197740e-05   2.14908969e-04]]
[[ 0.00013728 -0.0003863   0.00010554]]
[[ 0.00162126 -0.00167458  0.00484471]]
[[  2.09460012e-04  -6.93649959e-04   7.07443060e-05]]
[[ 0.00122637  0.00067924  0.00152109]]
[[-0.00066236 -0.00108468  0.00193146]]
[[ 0.00039378 -0.00023554  0.00547717]]
[[-0.0003643   0.00028977  0.00064906]]
[[ 0.00135832 -0.00068896  0.00563888]]
[[ 0.00144237  0.00047191  0.00133724]]
[[  9.14518771e-05  -1.32625642e-05   3.73830161e-04]]
[[-0.00030972  0.00010167  0.00053413]]
[[ 0.0015921   0.00030288  0.0046092 ]]
[[ -2.77465606e-05   2.84724092e-04   3.03549792e-04]]
[[ -5.36802268e-05  -5.06453527e-04   1.98000771e-03]]
[[ 0.00136702  0.00090687  0.00122212]]
[[-0.00055178 -0.00217198  0.00534514]]
[[ 0.00044672  0.00068623  0.00137508]]
[[-0.0010836  -0.00160836  0.00602614]]
[[ 0.00014853 -0.000455    0.00019978]]
[[ -3.96609340e-04  -4.85156318e-05   1.22535015e-04]]
[[ 0.00047504  0.00082183  0.00169805]]
[[  9.26782787e-05  -1.41746700e-03   5.88126781e-03]]
[[-0.00099509 -0.0009352   0.00249275]]
[[ 0.00048654  0.00136836  0.00152604]]
[[  3.52252963e-04   3.10385359e-05   2.85325269e-04]]
[[ 0.00068891  0.00043047  0.00181547]]
[[ 0.00094595 -0.00510042  0.01441348]]
[[ 0.00550727 -0.00449267  0.00724813]]
[[ 0.00539278 -0.0036046   0.00681396]]
[[-0.00028742 -0.00066527  0.00371921]]
[[ 0.00547933 -0.00366218  0.00546116]]
[[ 0.00564229 -0.00332748  0.00553534]]
[[-0.00040819 -0.00033367  0.00302587]]
[[ 0.00486169 -0.00375903  0.00687695]]
[[ 0.00069709  0.00034711 -0.00042714]]
[[ 0.00246189 -0.00249413  0.00626523]]
[[ 0.00242689 -0.00144031  0.00123875]]
[[ 0.00305586 -0.00240169  0.00492471]]
[[-0.00015964 -0.00072435  0.00266175]]
[[ 0.00242231 -0.00230941  0.005533  ]]
[[ 0.00256207 -0.00200484  0.0045469 ]]
[[-0.00037251 -0.00065239  0.0024342 ]]
[[ -1.98592954e-05  -1.86907884e-03   7.75349773e-03]]
[[-0.00179559 -0.00563191  0.01859484]]
[[ 0.00046    -0.00193545  0.01792834]]
[[ 0.005719    0.00377482  0.00957733]]
[[ -2.23299665e-05  -1.15573424e-04   2.83602359e-03]]
[[ 0.00603069  0.00567553  0.00871467]]
[[-0.00019472 -0.00084955  0.00188559]]
[[ 0.0012356   0.00037094 -0.00022264]]
[[-0.00016437  0.00242745  0.00033138]]
[[ 0.00477493  0.00356594  0.00841219]]
[[-0.00042664  0.00185173  0.00041357]]
[[ 0.00227996  0.00275737  0.00375872]]
[[-0.00075823 -0.00083431  0.00195077]]
[[ 0.00118127  0.01132883  0.01038869]]
[[-0.0012778   0.00136969  0.00214981]]
[[ 0.01178392  0.00708488  0.01063978]]
[[ 0.00673096  0.00222454  0.00506214]]
[[ -2.14148553e-05   4.00415327e-03   1.85074706e-03]]
[[ 0.00214945  0.00079065 -0.00057801]]
[[ 0.0089408   0.01264837  0.02134048]]
[[-0.00090284  0.00153146  0.00241128]]
[[-0.00040729 -0.00303446  0.00592689]]
[[ 0.00939819  0.00519411  0.00708621]]
[[ 0.00314531  0.00462364  0.00388555]]
[[ 0.00114561  0.00173998  0.00291078]]
[[ 0.00622039  0.00422284  0.00491124]]
[[  2.84297018e-04   1.02580750e-03   5.65440596e-05]]
[[ 0.00326948  0.00076122 -0.00030112]]
[[ 0.00241764  0.00231198  0.0025434 ]]
[[ 0.00429803  0.00649072  0.01199562]]
[[-0.00071747 -0.00136119  0.00246808]]
[[ 0.00283014  0.0038071   0.00594266]]
[[ 0.00288521 -0.00046962  0.00037559]]
[[ 0.00039263  0.00123757  0.00029428]]
[[ 0.00826077  0.00617562 -0.00552003]]
[[ 0.0015133   0.00470931  0.00133179]]
[[ 0.0003148   0.00615234 -0.00024424]]
[[ 0.00069019  0.00120892 -0.00053242]]
[[-0.00120415  0.0056585   0.00078744]]
[[-0.00191378  0.00702158  0.00056252]]
[[  8.68179461e-04   1.28381029e-03  -2.34211175e-05]]
[[-0.0018974   0.00722829 -0.00012281]]
[[-0.00089286  0.00159471  0.00154324]]
[[-0.00169873  0.00686472 -0.00017753]]
[[-0.00144736  0.00270441 -0.00079197]]
[[ -1.60435375e-03   6.94999465e-03   5.38561732e-05]]
[[ 0.00076739  0.0016088  -0.00082932]]
[[ -1.00839681e-03   6.01023016e-03   3.71454602e-05]]
[[ 0.00071761  0.00559813  0.00191337]]
[[  6.84038139e-04   1.44271201e-03  -2.31728096e-05]]
[[ 0.00330606  0.00490687 -0.00043397]]
[[ 0.00441689  0.00878936 -0.00410985]]
[[ 0.00421144  0.00928772 -0.00071824]]
[[ 0.0125168   0.00922569  0.01784507]]
[[-0.00076224 -0.00262938  0.00389493]]
[[ 0.01557589  0.00759855  0.0216439 ]]
[[-0.00368316  0.00044723  0.00728386]]
[[  4.14772231e-03   3.66240162e-03  -4.56963770e-05]]
[[ 0.00197211  0.00124558  0.00272135]]
[[ 0.01185382  0.01191944  0.00977464]]
[[-0.00258945  0.00480919  0.0044273 ]]
[[ 0.00561265  0.0019172   0.00674913]]
[[ 0.00198586  0.00186923  0.00078743]]
[[ 0.00213725  0.01023158  0.00268205]]
[[ 0.000195    0.0009877   0.00055387]]
[[ 0.00196243  0.00861757  0.00265707]]
[[ 0.00146119  0.00162919  0.0023089 ]]
[[ -6.86675948e-05   4.09458771e-03   7.28074294e-04]]
[[ -8.84698146e-06   3.66317802e-04   1.43546224e-03]]
[[ 0.00458643  0.01095282  0.00378389]]
[[ 0.00042465  0.00060057  0.00059482]]
[[ 0.00047864  0.00070936 -0.00030465]]
[[ 0.00309184  0.00212795  0.00266139]]
[[ 0.00253058  0.011986    0.00385332]]
[[ 0.00233406  0.00349864  0.0043539 ]]
[[ 0.00366347  0.00994741  0.00489374]]
[[-0.00091701  0.0039353   0.00052069]]
[[ 0.00222709  0.00097476  0.00082098]]
[[ 0.00104922  0.00211156  0.004545  ]]
[[ 0.00150035  0.01305537  0.00304452]]
[[ 0.00090211  0.00068967 -0.00103152]]
[[ 0.00106533  0.00298346  0.00385259]]
[[ 0.00106309  0.00026883  0.00068931]]
[[  6.08608695e-04   1.08056072e-03   1.47884474e-05]]
[[ 0.00625535  0.00367756  0.00199181]]
[[ 0.00903893  0.00362796  0.00045581]]
[[ 0.01525411 -0.0020665   0.00557352]]
[[ 0.00016785  0.00103106  0.00198699]]
[[ 0.01338878 -0.00414328  0.00623335]]
[[ 0.01942328 -0.00370874  0.01040783]]
[[-0.00065843  0.00119784  0.00320967]]
[[ 0.01919446 -0.00987367  0.00956603]]
[[ 0.0075394  -0.00117126 -0.00359529]]
[[ 0.01101804 -0.00894703  0.00496519]]
[[ 0.00508087 -0.00519783  0.0022557 ]]
[[ 0.01091401 -0.01199242  0.00296897]]
[[-0.00143968 -0.00100088  0.00157588]]
[[ 0.01659923 -0.01593482  0.0019314 ]]
[[ 0.0215255  -0.00501336 -0.00243774]]
[[ 0.00057644  0.00127966 -0.00115333]]
[[ 0.01542961  0.00055569  0.00465352]]
[[ 0.00425978  0.00871682 -0.00065694]]
[[ 0.00456594  0.01041507 -0.00258832]]
[[ 0.00422557  0.00768143  0.00242054]]
[[ 0.00029636  0.00134838 -0.00097478]]
[[ 0.00449464  0.00946438  0.00179711]]
[[ 0.00043932  0.00140787 -0.00122183]]
[[  1.50450780e-03   5.84353006e-04  -8.93609792e-05]]
[[-0.00039463  0.0040926   0.00054403]]
[[ 0.00358781  0.00966675 -0.00088945]]
[[-0.00103387  0.00438539  0.00032821]]
[[ 0.00079723  0.00165551  0.00154875]]
[[ 0.00088063  0.00196109 -0.00223489]]
[[ 0.00098047  0.02539876 -0.00581553]]
[[-0.00063294  0.00058309  0.0003557 ]]
[[ 0.00272474  0.01317115 -0.01418553]]
[[-0.00073286  0.00031995 -0.00072611]]
[[-0.0003935   0.00548354  0.00064291]]
[[  2.43137150e-03  -3.65375329e-05  -1.08296114e-03]]
[[ 0.00629924  0.02928371 -0.01723189]]
[[ 0.00306795  0.00032138 -0.00030606]]
[[ 0.00188793  0.01050259 -0.01103158]]
[[ 0.00055171  0.00137307  0.00041194]]
[[ 0.00346839  0.01458357 -0.00513065]]
[[ 0.00118746  0.00139665  0.0021079 ]]
[[ 0.00690296  0.00964199 -0.00678715]]
[[-0.00081628  0.00312638 -0.00023741]]
[[  3.44661040e-03   7.86605297e-04   2.74932212e-05]]
[[ 0.00057168  0.00058136  0.00023221]]
[[ 0.0052919   0.01633883  0.00030583]]
[[ 0.00285188  0.00231602 -0.00246777]]
[[ 0.00216714  0.00362134  0.00305198]]
[[ 0.0026801  -0.00043734  0.00049828]]
[[ 0.00095359  0.0003727   0.00062606]]
[[ 0.00523125  0.00332758 -0.00378237]]
[[-0.00130467 -0.00705898 -0.00200463]]
[[ 0.00081633  0.00259389 -0.00429605]]
[[ 0.00095191  0.00112473 -0.00192263]]
[[-0.00107962  0.01055158 -0.0025474 ]]
[[-0.00710941  0.00883645 -0.00536824]]
[[ 0.00097998  0.00123472 -0.00143581]]
[[-0.00254939  0.02344394 -0.00659152]]
[[-0.00313527  0.00388039  0.00380165]]
[[-0.00293017  0.02497302 -0.00726843]]
[[-0.00381424  0.00878019 -0.00354622]]
[[-0.00152726  0.02147286  0.002025  ]]
[[ 0.0011967   0.00582455  0.00093822]]
[[-0.00663592  0.02520525  0.00121025]]
[[-0.00441047  0.01032184  0.01377741]]
[[ 0.00136809  0.0021522   0.00492781]]
[[-0.00019898 -0.00277743 -0.0017383 ]]
[[  2.78231247e-03   7.66931540e-03  -2.17470034e-05]]
[[ 0.00827817  0.00543547  0.00538577]]
[[ 0.01952706  0.0056489   0.0147913 ]]
[[-0.0008212  -0.00199355  0.00381169]]
[[ 0.01343729 -0.01703096  0.03630277]]
[[ 0.00155911 -0.00852431  0.01906451]]
[[ 0.00190894 -0.00086365  0.00032804]]
[[ 0.00127413 -0.00775858 -0.0033242 ]]
[[ 0.01639992 -0.00540696  0.00687571]]
[[ 0.00107412 -0.0032753   0.00031558]]
[[ 0.00368712  0.00202737  0.00457444]]
[[ 0.00015304 -0.0002309   0.00237921]]
[[ 0.00463395 -0.00130322  0.00924465]]
[[ 0.00129755  0.00035805  0.00013162]]
[[ 0.00563828 -0.00060829  0.01109119]]
[[ 0.00343733  0.00109279  0.00343346]]
[[  4.93751608e-04   2.08571897e-05   1.34570305e-03]]
[[ 0.00100653 -0.00033266  0.00170501]]
[[ 0.01213694 -0.00033479  0.00428885]]
[[ 0.004747   -0.00094175 -0.00189489]]
[[ -3.46259243e-05   1.39360838e-04   1.63915992e-03]]
[[ 0.00337312  0.00266475  0.00344998]]
[[ 0.00673129  0.0075127   0.01714009]]
[[ 0.00547363  0.00438565  0.0112702 ]]
[[ 0.01382399 -0.00227708  0.01803737]]
[[ 0.00063961 -0.00350403  0.00031746]]
[[ 0.00856588  0.00100177  0.000741  ]]
[[ 0.00063631  0.00375093  0.00841597]]
[[ 0.00640264  0.00862538  0.00538659]]
[[ 0.00069506  0.00082843 -0.00022336]]
[[ 0.00057096  0.00335698  0.00378107]]
[[ 0.00359968  0.00152849  0.00119762]]
[[ 0.00114488  0.00022489 -0.00052503]]
[[ 0.00797276  0.00184241  0.00310703]]
[[ 0.0160654   0.00141767 -0.00117766]]
[[  2.06324974e-02  -4.64619589e-03   8.10019826e-05]]
[[  3.39246793e-05   1.14376292e-03  -9.79485477e-04]]
[[ 0.01922709 -0.00603573 -0.00098947]]
[[ 0.01925363 -0.00584431 -0.0044165 ]]
[[ -5.58929733e-05   1.49387238e-03  -2.14776314e-03]]
[[ 0.01397339 -0.00566747  0.00020046]]
[[ 0.00565345 -0.00116806 -0.00369082]]
[[ 0.01507728 -0.00488298 -0.00247736]]
[[ 0.00460453 -0.00338067  0.00341357]]
[[ 0.01929227 -0.00834206  0.00276604]]
[[-0.00046694  0.0003384   0.00187735]]
[[ 0.02070679 -0.00642378 -0.00071835]]
[[ 0.02202642 -0.00226775 -0.00145159]]
[[ 0.00036507  0.00160465 -0.00013158]]
[[ 0.0145814   0.00177476  0.00431918]]
[[ 0.00632337  0.00517301 -0.00356952]]
[[ 0.00900542  0.00363654 -0.00738453]]
[[ 0.0124196   0.00171828 -0.00519803]]
[[ 0.00117436  0.00190288 -0.00408886]]
[[ 0.0130322   0.00955652 -0.01026455]]
[[ 0.00382945  0.00177246 -0.00766922]]
[[ 0.00703553 -0.00071216 -0.00077606]]
[[ 0.00058481  0.00306819  0.00055119]]
[[ 0.01357609 -0.00019904 -0.002702  ]]
[[ 0.00043718 -0.00047708 -0.0028092 ]]
[[ 0.00240175  0.00243499  0.00081996]]
[[-0.00072067  0.0012601  -0.0022565 ]]
[[ 0.01465818  0.00392649 -0.01298159]]
[[ 0.01000677 -0.00091761 -0.00362553]]
[[ 0.0067626   0.00663946 -0.01512695]]
[[  1.14883578e-05  -2.02066616e-04  -8.35562742e-04]]
[[  2.35669274e-04   1.94411370e-03  -4.23640558e-05]]
[[ 0.0047655  -0.00087771 -0.0025758 ]]
[[ 0.01046077  0.00241496 -0.01173329]]
[[ 0.00591775 -0.00223876 -0.00195285]]
[[ 0.00268777  0.00311246 -0.00579348]]
[[  1.01236875e-03   8.33021277e-05  -5.07003889e-04]]
[[ 0.00763877  0.00291214 -0.00674759]]
[[ 0.00088276 -0.00046513 -0.00036641]]
[[ 0.01105655  0.00318148 -0.00690478]]
[[ 0.0011338  -0.00039974 -0.00071934]]
[[ 0.0053469   0.00082872 -0.00026012]]
[[  7.53349044e-04  -8.12108369e-05  -1.00016970e-03]]
[[ 0.00995527  0.00301481 -0.00447309]]
[[ 0.00264303  0.00177618 -0.00369306]]
[[  1.11773040e-03  -3.66139717e-04  -9.40681876e-05]]
[[ 0.004712   -0.00058657  0.00050684]]
