[[-0.00106873 -0.00247054 -0.00023295]]
[[-0.0010273  -0.00136499 -0.0004266 ]]
[[-0.00099043 -0.00098473 -0.00023929]]
[[-0.00100638 -0.00121855 -0.00018712]]
[[-0.00105579 -0.00107947 -0.00030153]]
[[-0.00106353 -0.00108419 -0.00017513]]
[[-0.0010455  -0.00124981 -0.00024152]]
[[-0.00114884 -0.00159993  0.00013379]]
[[-0.00112345 -0.0017078  -0.00042516]]
[[-0.00110257 -0.00161691 -0.00084166]]
[[-0.00080764 -0.00176397 -0.00116646]]
[[-0.00046032 -0.00135951 -0.00131645]]
[[-0.00023565 -0.00106841 -0.00131549]]
[[  8.59229323e-05  -8.00676236e-04  -1.08181169e-03]]
[[  4.17876404e-05  -6.48742372e-04  -1.01323135e-03]]
[[ 0.00022552 -0.00044065 -0.00085593]]
[[-0.00132158 -0.00023856  0.00039768]]
[[-0.00100951 -0.00098098 -0.00047011]]
[[ -1.04437239e-03  -1.01143613e-03  -1.32775291e-05]]
[[-0.00126775 -0.00243061 -0.00029543]]
[[-0.00134546 -0.00117739 -0.00074693]]
[[-0.00147581 -0.00198736 -0.0008711 ]]
[[-0.00064828 -0.00178295 -0.00055325]]
[[-0.00109649 -0.00234206 -0.00157851]]
[[-0.00109456 -0.00109141 -0.00122714]]
[[-0.00051022 -0.00165814 -0.00158404]]
[[-0.00022622 -0.00151291 -0.00090995]]
[[-0.00025155 -0.00134879 -0.00165316]]
[[-0.00052952 -0.00071095 -0.00125037]]
[[  7.17148842e-05  -9.38126562e-04  -8.67574617e-04]]
[[ 0.00011833 -0.00077921 -0.00117344]]
[[ -7.12996520e-05  -8.51927880e-04  -1.07193958e-03]]
[[-0.00019355 -0.00044758 -0.00097463]]
[[ 0.00015125 -0.00056707 -0.0006869 ]]
[[ 0.00027918 -0.00042488 -0.00079834]]
[[ 0.00020211 -0.00025467 -0.00092293]]
[[ -9.29881455e-04  -1.04254151e-03   8.95845895e-05]]
[[-0.00097734 -0.00119564  0.00030887]]
[[-0.00101006 -0.00116731  0.00032742]]
[[-0.00088959 -0.00136599  0.00036677]]
[[-0.00072746 -0.00125451  0.00028009]]
[[-0.00110343 -0.00138364  0.00065635]]
[[-0.00104371 -0.00142829  0.00025473]]
[[ -1.04647037e-03  -1.26437631e-03  -7.04068829e-05]]
[[-0.00078557 -0.00134019  0.00038951]]
[[-0.00095455 -0.00140684  0.00047442]]
[[-0.0007391  -0.00092647  0.00066158]]
[[-0.00079845 -0.00076341  0.00055472]]
[[-0.00067014 -0.0005935   0.00059782]]
[[-0.00066754 -0.00037101  0.00054545]]
[[-0.00057036 -0.00028433  0.00054729]]
[[ -4.19847412e-04  -6.02808939e-05   5.10876614e-04]]
[[-0.00102568 -0.00108059  0.00032785]]
[[-0.00040973 -0.00118965 -0.00039776]]
[[-0.00105091 -0.00168508  0.00232658]]
[[-0.00056012 -0.00144249  0.00043578]]
[[-0.00082222 -0.00145253  0.00039111]]
[[-0.00109123 -0.00090132  0.00026893]]
[[-0.00135076 -0.00193502  0.00064514]]
[[-0.00057099 -0.0010484   0.00054066]]
[[-0.00071571 -0.0008998   0.00067892]]
[[-0.00089609 -0.00054703  0.00041307]]
[[-0.00095111 -0.00095486  0.00062188]]
[[-0.00052697 -0.00069842  0.00050729]]
[[-0.00063167 -0.00063372  0.00051833]]
[[-0.00078482 -0.00040029  0.00069821]]
[[-0.00068091 -0.00029388  0.00043061]]
[[-0.00042956 -0.00040588  0.00045271]]
[[-0.00062455 -0.0003565   0.00051657]]
[[ -3.25336148e-04   5.94169292e-05   5.35339415e-04]]
[[-0.00041077 -0.00010474  0.00038028]]
[[-0.00032505 -0.00014682  0.00057016]]
[[-0.00033564  0.00212961 -0.00014134]]
[[-0.00020064  0.00315023  0.0003596 ]]
[[-0.00053698  0.0023452   0.00081133]]
[[ 0.00051829  0.00268185  0.00101952]]
[[ 0.00200322  0.00233382  0.00130766]]
[[ 0.00302774  0.00259413  0.00037195]]
[[ 0.00167923  0.00380999 -0.00060873]]
[[ 0.00015669  0.00173047 -0.00042908]]
[[ 0.00067863  0.00207233  0.00111917]]
[[ -6.64267335e-05   2.74762628e-03   1.10869234e-03]]
[[ 0.00028449  0.00149766  0.00135734]]
[[  2.55566699e-05   1.51141196e-03   1.19212359e-03]]
[[  9.87023067e-05   9.83202296e-04   1.21406105e-03]]
[[ -2.70033262e-05   8.66779454e-04   9.84849934e-04]]
[[  6.21255871e-05   6.84609428e-04   9.54599202e-04]]
[[  4.75030119e-05   6.51944458e-04   9.68250143e-04]]
[[-0.00075132  0.00184428  0.00057857]]
[[ 0.00234002  0.00140314  0.00124196]]
[[  3.13693487e-03   1.23794488e-03  -5.52254935e-05]]
[[ 0.00025171  0.00200268  0.00074005]]
[[ 0.00102384  0.00143603  0.00116957]]
[[-0.00045749  0.00197445  0.00072623]]
[[  1.37810705e-05   3.99481807e-03   2.47467177e-03]]
[[  3.20678041e-05   1.56961864e-03   8.69508860e-04]]
[[ 0.00059162  0.00100696  0.0013224 ]]
[[-0.00012719  0.00144104  0.00112153]]
[[ 0.00019299  0.00195975  0.00172077]]
[[ -8.40071908e-05   1.07239774e-03   8.27458476e-04]]
[[ 0.0003255   0.00063359  0.00113256]]
[[  8.81438675e-05   9.97377054e-04   1.17072914e-03]]
[[-0.00012165  0.00086801  0.00091999]]
[[ -9.57416332e-05   7.62714892e-04   6.97269770e-04]]
[[ 0.00021705  0.00042686  0.00090304]]
[[ 0.00022957  0.00077375  0.00112492]]
[[  6.43005835e-05   8.23547120e-04   8.34625743e-04]]
[[ -5.53313375e-05   5.82653555e-04   1.16836305e-03]]
[[ 0.00156483  0.00093427 -0.00028597]]
[[ 0.0012434   0.00181784  0.00080906]]
[[ 0.00266607  0.00255441  0.00028577]]
[[ 0.00156655  0.0039437  -0.00065434]]
[[-0.00037145  0.0030225  -0.00010787]]
[[-0.00044278  0.0021168   0.00044019]]
[[ 0.00022759  0.00169706  0.00023483]]
[[ 0.00106213  0.00205845 -0.00123127]]
[[ 0.00136384  0.00303447 -0.00148815]]
[[ 0.00150382  0.00161484 -0.00110104]]
[[ 0.0010176   0.00108188 -0.00115035]]
[[ 0.00097342  0.0007561  -0.0008857 ]]
[[ 0.00067559  0.00053672 -0.00088618]]
[[ 0.00064232  0.00035048 -0.0007504 ]]
[[  4.00200881e-04   6.64221739e-05  -6.80905664e-04]]
[[ 0.00034615  0.0001133  -0.00051466]]
[[ 0.00294911  0.00146144 -0.00022141]]
[[-0.00061678  0.00245942 -0.00057809]]
[[-0.00068586  0.00180594  0.00016476]]
[[ 0.00284709  0.00353928 -0.00268752]]
[[ 0.00068217  0.00268737 -0.0016299 ]]
[[ 0.00149897  0.00105715 -0.00076431]]
[[ 0.00078077  0.00171092 -0.0008368 ]]
[[ 0.0014204   0.00117313 -0.00134123]]
[[ 0.00082733  0.00105739 -0.00127618]]
[[ 0.00096447  0.00050325 -0.00067745]]
[[ 0.00064153  0.00088207 -0.0007692 ]]
[[ 0.00089971  0.00067984 -0.0009072 ]]
[[ 0.00060596  0.0005126  -0.00096414]]
[[ 0.00046393  0.00043868 -0.00062873]]
[[ 0.00061613  0.00024985 -0.000579  ]]
[[  3.05771214e-04  -4.49969875e-05  -8.19928662e-04]]
[[  3.50148535e-04   1.40920123e-05  -6.68945514e-04]]
[[ 0.00030394  0.00020654 -0.00044214]]
[[ 0.00035405  0.00011508 -0.00040618]]
[[  2.60262820e-04   2.98576843e-06  -5.48350164e-04]]
