c\b	mol	0	1	2	3	4	5	6	7	8	9	10	11	12
0	0	[]	[]	[]	[]	[]	[]	[]	[]	[]	[]	[]	[]	[]
0	1	[]	[]	[]	[]	[]	[]	[]	[]	[]	[]	[]	[]	[]
1	0	[]	[]	[]	[]	[]	[]	[]	[]	[]	[]	[]	[]	[]
1	1	[]	[]	[]	[]	[]	[]	[]	[]	[]	[]	[]	[]	[]
2	0	[]	[]	[]	[]	[]	[]	[]	[]	[]	[]	[]	[]	[]
2	1	[]	[]	[]	[]	[]	[]	[]	[]	[]	[]	[]	[]	[]
3	0	[]	[]	[]	[]	[]	[]	[]	[]	[]	[]	[]	[]	[]
3	1	[]	[]	[]	[]	[]	[]	[]	[]	[]	[]	[]	[]	[]
4	0	[]	[]	[]	[]	[]	[]	[]	[]	[]	[]	[]	[]	[]
4	1	[]	[]	[]	[]	[]	[]	[]	[]	[]	[]	[]	[]	[]
5	0	[]	[]	[]	[]	[]	[]	2.30541605761	[]	[]	[]	[]	[]	[]
5	1	[]	[]	[]	[]	[]	[]	2.00842205253	[]	[]	[]	[]	[]	[]
6	0	[]	[]	[]	[]	[]	2.29538118108	2.28411535216	2.16481390799	[]	[]	[]	[]	[]
6	1	[]	[]	[]	[]	[]	2.35675052696	2.02190499213	2.17437295603	[]	[]	[]	[]	[]
7	0	[]	[]	[]	[]	[]	[]	2.22662523159	[]	[]	[]	[]	[]	[]
7	1	[]	[]	[]	[]	[]	[]	1.8977828097	[]	[]	[]	[]	[]	[]
8	0	[]	[]	[]	[]	[]	[]	[]	[]	[]	[]	[]	[]	[]
8	1	[]	[]	[]	[]	[]	[]	[]	[]	[]	[]	[]	[]	[]
9	0	[]	[]	[]	[]	[]	[]	[]	[]	[]	[]	[]	[]	[]
9	1	[]	[]	[]	[]	[]	[]	[]	[]	[]	[]	[]	[]	[]
10	0	[]	[]	[]	[]	[]	[]	[]	[]	[]	[]	[]	[]	[]
10	1	[]	[]	[]	[]	[]	[]	[]	[]	[]	[]	[]	[]	[]
11	0	[]	[]	[]	[]	[]	[]	[]	[]	[]	[]	[]	[]	[]
11	1	[]	[]	[]	[]	[]	[]	[]	[]	[]	[]	[]	[]	[]
12	0	[]	[]	[]	[]	[]	[]	[]	[]	[]	[]	[]	[]	[]
12	1	[]	[]	[]	[]	[]	[]	[]	[]	[]	[]	[]	[]	[]