c\b	mol	0	1	2	3	4	5	6	7	8	9	10	11	12
0	0	[]	[]	[]	[]	[]	[]	[]	[]	[]	[]	[]	[]	[]
0	1	[]	[]	[]	[]	[]	[]	[]	[]	[]	[]	[]	[]	[]
1	0	[]	[]	[]	[]	[]	[]	[]	[]	[]	[]	[]	[]	[]
1	1	[]	[]	[]	[]	[]	[]	[]	[]	[]	[]	[]	[]	[]
2	0	[]	[]	[]	[]	[]	[]	[]	[]	[]	[]	[]	[]	[]
2	1	[]	[]	[]	[]	[]	[]	[]	[]	[]	[]	[]	[]	[]
3	0	[]	[]	[]	[]	[]	[]	[]	[]	[]	[]	[]	[]	[]
3	1	[]	[]	[]	[]	[]	[]	[]	[]	[]	[]	[]	[]	[]
4	0	[]	[]	[]	[]	[]	[]	[]	[]	[]	[]	[]	[]	[]
4	1	[]	[]	[]	[]	[]	[]	[]	[]	[]	[]	[]	[]	[]
5	0	[]	[]	[]	[]	[]	[]	2.00109840549	[]	[]	[]	[]	[]	[]
5	1	[]	[]	[]	[]	[]	[]	2.10404518095	[]	[]	[]	[]	[]	[]
6	0	[]	[]	[]	[]	[]	2.43910877365	2.08288530164	2.24065614049	[]	[]	[]	[]	[]
6	1	[]	[]	[]	[]	[]	2.48670434978	2.45605443964	2.39151569033	[]	[]	[]	[]	[]
7	0	[]	[]	[]	[]	[]	[]	2.1445985167	[]	[]	[]	[]	[]	[]
7	1	[]	[]	[]	[]	[]	[]	2.23756079133	[]	[]	[]	[]	[]	[]
8	0	[]	[]	[]	[]	[]	[]	[]	[]	[]	[]	[]	[]	[]
8	1	[]	[]	[]	[]	[]	[]	[]	[]	[]	[]	[]	[]	[]
9	0	[]	[]	[]	[]	[]	[]	[]	[]	[]	[]	[]	[]	[]
9	1	[]	[]	[]	[]	[]	[]	[]	[]	[]	[]	[]	[]	[]
10	0	[]	[]	[]	[]	[]	[]	[]	[]	[]	[]	[]	[]	[]
10	1	[]	[]	[]	[]	[]	[]	[]	[]	[]	[]	[]	[]	[]
11	0	[]	[]	[]	[]	[]	[]	[]	[]	[]	[]	[]	[]	[]
11	1	[]	[]	[]	[]	[]	[]	[]	[]	[]	[]	[]	[]	[]
12	0	[]	[]	[]	[]	[]	[]	[]	[]	[]	[]	[]	[]	[]
12	1	[]	[]	[]	[]	[]	[]	[]	[]	[]	[]	[]	[]	[]