[[-0.01030029 -0.00927884  0.00279548]]
[[ 0.01654993 -0.00253857  0.01708872]]
[[ 0.01078205  0.0048039   0.01546498]]
[[-0.00992877  0.00789383  0.00690294]]
[[-0.01656789 -0.00501469 -0.00032874]]
[[ 0.01827572 -0.00572476  0.00729522]]
[[ 0.02249206  0.01073492  0.03115682]]
[[-0.02085176  0.01607142  0.01498563]]
[[-0.0050894  -0.00692655  0.0071179 ]]
[[ 0.00630388 -0.00469812  0.01769642]]
[[ 0.01063276  0.00653453  0.02093121]]
[[-0.00948879  0.00729635  0.01190505]]
[[ 0.000215   -0.01315525  0.00276249]]
[[-0.00241082 -0.00449661  0.00892205]]
[[-0.00782529  0.003109    0.00761909]]
[[ 0.01074626  0.01397129  0.00469288]]
[[-0.0108344   0.004264    0.00621593]]
[[ 0.00911631 -0.00669198 -0.0006502 ]]
[[ 0.01093276  0.00550411 -0.00256722]]
[[-0.02353418 -0.00521997  0.00264832]]
[[-0.01661367 -0.01540526  0.00422513]]
[[ 0.02418051 -0.00514459  0.02570881]]
[[ 0.01425814  0.00659473  0.00444735]]
[[-0.02091253  0.00378869  0.00023796]]
[[ -2.48970502e-02  -7.48708109e-03  -4.29350214e-05]]
[[ 0.02609892 -0.00839453  0.0114953 ]]
[[-0.05472607 -0.04275825 -0.07820002]]
[[ 0.03461051 -0.02265902 -0.0610013 ]]
[[-0.00120744 -0.00797166  0.00500211]]
[[-0.00846952 -0.00989194  0.01050197]]
[[ 0.10221347 -0.0107766   0.05002044]]
[[-0.07295606  0.06752984  0.00569355]]
[[-0.0082171  -0.01770276 -0.00019383]]
[[ 0.00394513 -0.00948257  0.01187073]]
[[ 0.00544289 -0.02567177 -0.10815494]]
[[ 0.01032429 -0.11195387 -0.00733209]]
[[-0.00696826  0.00456989  0.01020616]]
[[ 0.0072515  -0.01086985 -0.00276074]]
[[-0.07645878 -0.00172599  0.07406009]]
[[ 0.08031147  0.0632817  -0.01214684]]
[[-0.01206948 -0.00650282  0.00239571]]
[[ 0.0152897  -0.00091809  0.0177902 ]]
[[ 0.05218116  0.05431537  0.04798015]]
[[-0.08150992  0.02023422  0.08050384]]
[[ 0.00554848 -0.00701624  0.00095412]]
[[-0.00256449 -0.00441759  0.00913456]]
[[-0.0027815  -0.07991755 -0.04239694]]
[[ 0.13243885  0.00667956 -0.03793725]]
[[-0.01361109 -0.01813053 -0.00204423]]
[[ 0.00174135 -0.01057273  0.01440069]]
[[-0.09176462  0.00479243 -0.04537162]]
[[-0.0741206  -0.0705128  -0.03068884]]
[[-0.00817989 -0.00041351  0.00639425]]
[[  1.71502349e-02  -1.17105255e-02   9.20538096e-05]]
[[ 0.06616082  0.03216485  0.05358472]]
[[ 0.01033539  0.03046347  0.06587925]]
[[ 0.00391166  0.00066454  0.00397178]]
[[-0.00891094  0.00086014 -0.00025678]]
[[-0.008539   -0.034599    0.00495869]]
[[-0.03446485 -0.00782565 -0.01193515]]
[[-0.00719299 -0.01032646  0.00343431]]
[[ 0.00086385 -0.00460193  0.0179352 ]]
[[ 0.06264816 -0.01507875 -0.01190987]]
[[-0.07602951  0.01030561 -0.04549462]]
[[-0.00507521 -0.01295344  0.00411936]]
[[ 0.00943403 -0.00848475  0.00992137]]
[[ 0.00922672 -0.0194073  -0.06796524]]
[[ 0.03752756 -0.10307091  0.00254909]]
[[-0.00326973 -0.00312606  0.00273704]]
[[ 0.00050748 -0.00690675  0.00230302]]
[[-0.05817628 -0.01918178  0.06521191]]
[[ 0.0733257   0.06710852 -0.00823566]]
[[-0.01648358 -0.01703767  0.00061609]]
[[ 0.0211762  -0.0043973   0.02460119]]
[[-0.14818429 -0.02620807 -0.06152379]]
[[ 0.13431636 -0.03199078 -0.0198521 ]]
[[-0.18766879 -0.07921957  0.00824176]]
[[ 0.2634636  -0.06100484  0.12373243]]
[[-0.05529406 -0.00967376 -0.05264207]]
[[-0.00146134  0.0302317  -0.07375248]]
[[ 0.0073933  -0.03930701  0.08943032]]
[[-0.02028098 -0.05665213  0.11343809]]
[[ 0.01073717  0.02243114  0.0455683 ]]
[[-0.02562488  0.0651521  -0.00710179]]
[[-0.04251191 -0.14181692  0.02020965]]
[[-0.00423576 -0.04524338  0.116166  ]]
[[ 0.03819426  0.05073791 -0.00338599]]
[[-0.06963804 -0.01126419  0.01239648]]
[[-0.07142601  0.03987073  0.06840346]]
[[ 0.09640604 -0.06480004 -0.02073023]]
[[-0.03281275  0.06589     0.10202716]]
[[ 0.0452133   0.09512259  0.05339988]]
[[-0.02694072  0.02132185  0.04172716]]
[[ 0.07469574  0.03593774  0.04194419]]
[[-0.02956368  0.04284415  0.01072344]]
[[-0.00417431 -0.01302266  0.03240598]]
[[ 0.06473749  0.00932654  0.0439557 ]]
[[-0.05416405  0.00167653  0.0692666 ]]
[[ 0.01257631 -0.00414338  0.06774448]]
[[ 0.03634784  0.07520634 -0.02106009]]
[[-0.06071545 -0.12558918 -0.02091435]]
[[ 0.0018637  -0.02602272  0.1376706 ]]
[[-0.0255123   0.07163309  0.02325471]]
[[-0.06963728  0.01231623  0.00958193]]
[[-0.0503743 -0.0320995  0.0347337]]
[[ 0.09247879 -0.08017382  0.01499226]]
[[ 0.0537884   0.09125189  0.09514551]]
[[-0.03926954  0.1063985   0.06955507]]
[[ 0.0187905   0.0140096   0.03681348]]
[[-0.01907874 -0.0076092  -0.01549307]]
[[ 0.04889555  0.01202705 -0.00430794]]
[[-0.10389174 -0.00509643  0.0177943 ]]
[[ 0.12495028  0.11076622 -0.06869223]]
[[-0.23644557  0.0380399  -0.23143399]]
[[-0.02203355 -0.03295026 -0.01545251]]
[[ 0.04536428 -0.0244838  -0.03577298]]
[[-0.06291501  0.03707226  0.01666758]]
[[-0.02874356 -0.02944359  0.01071126]]
[[-0.02160677  0.06198945  0.06593415]]
[[-0.04289251  0.02475683  0.02944948]]
[[ 0.06108854  0.00700264  0.05751901]]
[[ 0.02786818  0.00543205  0.0358672 ]]
[[ 0.05622676  0.01809343  0.06475385]]
[[-0.00942744  0.07080541  0.00250228]]
[[-0.00227174 -0.07186617 -0.03301482]]
[[-0.05131312  0.01717849  0.07870426]]
[[-0.0132361   0.05345424  0.02013867]]
[[-0.0424853   0.00551924  0.00852661]]
[[-0.06937438 -0.03701283  0.03041623]]
[[ 0.03663387 -0.0903338   0.03871062]]
[[ 0.04477757  0.08013022  0.10340879]]
[[-0.00291657  0.11677441  0.0399785 ]]
[[ 0.00119031 -0.01021585  0.04029153]]
[[ 0.04895997 -0.01469042  0.01060457]]
[[ 0.00036282  0.04471673  0.00050503]]
[[-0.0484948   0.02876042 -0.0056583 ]]
[[ -2.61306099e-02   1.71677749e-02   7.89515688e-05]]
[[-0.01337075  0.01644662 -0.00378441]]
[[-0.0064582   0.04755402 -0.0091779 ]]
[[-0.00014404 -0.00698574  0.05733027]]
[[ 0.09986739  0.09562076 -0.04727998]]
[[-0.13809299  0.02697583 -0.13784386]]
[[-0.04696821  0.04111171  0.01950105]]
[[ 0.00248464  0.03031078  0.04259651]]
[[-0.03107128 -0.03235192  0.00077473]]
[[-0.05593577 -0.03597398  0.07331527]]
[[ 0.05994827  0.01892667  0.03402132]]
[[-0.04034105  0.03031333  0.01948662]]
[[-0.02720433 -0.04337162  0.02657981]]
[[ 0.08963649 -0.01984686  0.04649027]]
[[-0.04761542  0.04850525  0.03843515]]
[[ 0.05289352 -0.01797465  0.02500893]]
[[-0.01473316 -0.01123475  0.01323003]]
[[-0.01280283 -0.03435032  0.01714365]]
[[-0.01409568  0.07726702  0.14620204]]
[[-0.0571874   0.1658827   0.01502379]]
[[-0.00585068 -0.02925683  0.02061283]]
[[ 0.00403318 -0.02320386  0.04724729]]
[[ 0.12093081  0.0810678  -0.02677226]]
[[-0.15248858 -0.03913295  0.06793788]]
[[ 0.05692114  0.04127577 -0.01194745]]
[[-0.09741501 -0.00458409 -0.0608056 ]]
[[ 0.07094937  0.02263821  0.10840177]]
[[-0.02387939  0.05832778  0.00783505]]
[[-0.0317027  -0.04651357 -0.00098425]]
[[-0.01180803 -0.02923683  0.0569683 ]]
[[-0.03073651  0.07933791  0.05562813]]
[[-0.04262425  0.02908058  0.06044625]]
[[-0.01367022 -0.0377859   0.00694512]]
[[ 0.02940946 -0.02499951  0.02528004]]
[[ 0.10669772  0.03886465  0.04340863]]
[[-0.07849613  0.05021099  0.05238273]]
[[-0.00554892 -0.01880161 -0.01761742]]
[[-0.01478263 -0.00623758 -0.00371689]]
[[ 0.01907977  0.02590314  0.01206146]]
[[-0.02096633  0.02951548 -0.00938582]]
[[-0.14906991 -0.15924488 -0.05373574]]
[[ 0.22611174 -0.08046401  0.10319928]]
[[ 1.69796583  0.4400036   2.24535777]]
[[-0.90367039  1.21414947  0.79867628]]
[[-0.02772081 -0.13408275  0.01096231]]
[[ 0.16365877 -0.08593548  0.25344195]]
[[ 1.13955397  0.24696027  0.84233536]]
[[-0.92661489  0.1437737   0.94355891]]
[[-0.1363994  -0.17189503  0.16459582]]
[[-0.11910512 -0.25855774  0.25966253]]
[[-0.18879357 -0.11937769 -0.13272592]]
[[ 0.97397517 -0.77790124  0.95205078]]
[[-0.26173908 -0.15386013  0.11372933]]
[[ 0.42466501 -0.11809658  0.14202748]]
[[-0.43991832 -0.03744429  1.37906911]]
[[ 0.53382872 -0.0323496   0.54734464]]
[[ 0.02211957 -0.07228466  0.1436554 ]]
[[-0.10426287 -0.08190261  0.1511681 ]]
[[-0.38289715  0.55572722 -0.30005341]]
[[-0.22564173 -0.58860671  0.61434627]]
[[-0.17232253 -0.14810476  0.04467549]]
[[ 0.1817552  -0.05391845  0.16954433]]
[[  3.57189562e-04  -7.37993466e-01   3.94915448e-01]]
[[ 1.34065311 -0.01623604  0.3281569 ]]
[[ 0.12773345  0.00362447  0.04954242]]
[[ 0.02565167 -0.1222497   0.15131294]]
[[-0.40652592  0.16941013  0.05326388]]
[[-1.24484034 -1.13088649  1.04136614]]
[[-0.15163892 -0.42113192  0.03905998]]
[[-0.3023241  -0.23309276  0.39246013]]
[[ 0.58966092 -0.24171822  0.92810429]]
[[ 1.06052358 -0.46646602  1.63670377]]
[[-0.46652267  0.03295734  0.29729787]]
[[ 0.61273147 -0.30953042  0.09052901]]
[[-0.76571925 -1.71499189 -0.45521701]]
[[ 0.43542779 -1.83884018  0.52961495]]
[[-0.05156119  0.06462602  0.05717123]]
[[ 0.15529808  0.08207903  0.05638619]]
[[-0.83668626 -0.51157913 -0.6664649 ]]
[[ 0.92509421 -0.14906487 -0.7517971 ]]
[[ 0.13611013  0.05824287  0.10098194]]
[[-0.12408357  0.00513799  0.11431985]]
[[ 0.39846183  0.99890697  0.17700229]]
[[-1.7526326  -0.36740313  0.95126384]]
[[-0.09814366 -0.23931776 -0.03271179]]
[[-0.0546235  -0.02580946  0.27113055]]
[[ 0.63882346 -0.90324372  0.17189026]]
[[ 1.74271704 -0.39452011  0.72336073]]
[[-0.10679168 -0.06388237  0.03807793]]
[[ 0.17269828 -0.1478286   0.1052671 ]]
[[-1.40975177 -0.46755885 -0.16705562]]
[[-0.71409478 -1.15479204  0.73980507]]
[[-0.03677194 -0.23319558  0.04813865]]
[[-0.01537008 -0.17566745  0.23891831]]
[[ 1.18045718 -0.37612508  0.59958757]]
[[ 0.73687462 -0.84081538  1.98031956]]
[[-0.21859477 -0.31049683 -0.03167376]]
[[ 0.05864562 -0.19447698  0.18454339]]
[[-1.60446929 -2.90947336 -0.82431435]]
[[ 1.85714965 -1.0652914  -0.87373578]]
[[-0.09244156  0.16062839  0.27161333]]
[[ 0.10789838 -0.19532905 -0.08029742]]
[[-0.65362559 -1.07479532 -1.28772062]]
[[-0.76253803 -0.60121869 -1.92576198]]
[[ 0.19368806  0.18347827 -0.08197097]]
[[-0.40805671  0.04563062 -0.38345081]]
[[-0.62435651  0.18106798 -0.55301461]]
[[ 0.17677405 -0.10480605  0.00116076]]
[[-0.09595344  0.08582387  0.03412839]]
[[-0.00482922 -0.01437566 -0.01260972]]
[[ 0.21746934 -0.35323906 -0.34076505]]
[[-0.20285386 -0.13532812 -0.2387542 ]]
[[ 0.15958548  0.06794051  0.08112555]]
[[-0.02041683  0.04304464  0.0386655 ]]
[[-0.63788031  0.34420051 -0.41870756]]
[[ 0.40513404 -0.76182764  0.85167656]]
[[-0.03113988 -0.14499036 -0.02851679]]
[[-0.11374517  0.00614619  0.19918078]]
[[ 0.18543394 -0.61189059  0.61742375]]
[[ 0.25809652  0.15975691  0.64025812]]
[[-0.1506582  -0.07134996  0.06322424]]
[[ 0.12698489 -0.15888681  0.11590896]]
[[-0.33547389 -0.71935566 -0.90533172]]
[[-0.32536215 -1.91952673  0.94795395]]
[[ 0.04648808 -0.195824    0.00508181]]
[[-0.03897755 -0.08120283  0.16541986]]
[[-0.44859955 -0.90711973  0.73063007]]
[[ 1.68920236 -0.75373208  1.42389022]]
[[-0.23315656 -0.24053647 -0.02138324]]
[[ 0.04922879 -0.1574117   0.15043362]]
[[-0.75742332 -2.28570989 -0.13845584]]
[[-0.13600862 -0.2439731  -1.31958077]]
[[-0.09457382  0.02990833  0.09529686]]
[[ 0.20997418 -0.1261238  -0.07495419]]
[[-0.32634188 -0.18873025 -1.20184623]]
[[-0.06523974 -1.21791411 -0.79540994]]
[[ 0.06445324  0.08350323  0.05165177]]
[[-0.14905695  0.06789331 -0.06600335]]
[[-0.79372694  0.13756114  0.56177748]]
[[ 1.33906038  0.56570539  0.19429244]]
[[ 0.12908414  0.11950663 -0.05843081]]
[[-0.13145799  0.05012714 -0.15162234]]
[[ 0.97235376 -0.57172745  0.50936347]]
[[-0.12714857  0.28375462 -0.42016284]]
[[-0.03204073 -0.00821649  0.06256276]]
[[-0.0968616  -0.05778114  0.08812644]]
[[-0.25587671  0.33304841 -0.2709712 ]]
[[-0.42165305 -0.75315715  0.66208366]]
[[-0.05115557 -0.03357539  0.04643239]]
[[ 0.18700858  0.00100109  0.1064547 ]]
[[ 0.71986154 -0.55871823  0.56548594]]
[[ 0.31814505  0.30809887  0.5235978 ]]
[[ 0.06313167 -0.07339432 -0.05904108]]
[[-0.14486472 -0.01636067  0.07794393]]
[[-0.68416173 -0.8863494  -1.01560844]]
[[ 0.07277136 -2.19037986  0.6874663 ]]
[[-0.13117428 -0.18896305  0.08034868]]
[[ 0.01171625 -0.17890012  0.18529997]]
[[-0.48519208 -0.90285122  1.0105208 ]]
[[ 1.13356147 -0.36667432  1.29394508]]
[[-0.13689403 -0.06490886  0.10083578]]
[[ 0.22235514 -0.10247685  0.06928638]]
[[-0.55637918 -1.579004    0.05592373]]
[[-0.05727402  0.04287819 -1.18943068]]
[[ 0.02465864  0.00381665 -0.01490265]]
[[-0.1239401   0.02251193 -0.01883896]]
[[-0.90329427  0.24752105 -0.62897708]]
[[ 0.21968249 -0.60774004 -0.17780559]]
[[-0.03857028  0.05846419  0.1039167 ]]
[[ 0.06362583 -0.06239028  0.02507856]]
[[-1.79149596  0.18497456 -0.83657285]]
[[ 1.20147046 -0.74716073  0.45597157]]
[[ 0.16675021 -0.05508695 -0.04965945]]
[[-0.05761338  0.09449909  0.07149926]]
[[ 0.36419115 -0.16168779  0.30382703]]
[[-1.08299611  0.66533272  0.52573224]]
[[-0.13344269 -0.07864402 -0.03102892]]
[[-0.12507084 -0.08458822  0.08518154]]
[[-0.20180313 -0.9093979  -1.75112741]]
[[ 0.77678688 -3.10844062  1.0918123 ]]
[[-0.14585263 -0.07311166  0.1667451 ]]
[[ 0.27648353 -0.20107323  0.13280405]]
[[-1.79833716 -1.49459977  1.56683687]]
[[ 2.03007162  0.33163732  0.48247353]]
[[ 0.03426488 -0.06148956  0.03882132]]
[[-0.0934086   0.02382712  0.09652534]]
[[ 0.83913705 -0.18014239  0.56903744]]
[[-2.88620854 -0.14369912 -0.33072538]]
[[-0.07469793 -0.08751428  0.04185455]]
[[ 0.15474915 -0.01500611  0.13117267]]
[[ 1.82016854 -0.44283047  0.02684818]]
[[-1.64157625  0.56689933 -0.22168926]]
[[-0.01283455  0.01863344  0.03077545]]
[[ 0.06444618 -0.02948351 -0.01206602]]
[[ 0.31935152 -0.70831679 -1.51063311]]
[[ 1.06602571 -3.41753845  1.18689913]]
[[ 0.07160603 -0.1792143  -0.05914119]]
[[-0.11850866 -0.0377896   0.1271605 ]]
[[-2.28621207 -1.54073125  2.02005232]]
[[ 1.95998548  1.79324674 -0.66592418]]
[[-0.01983857 -0.11494624 -0.04348899]]
[[ 0.08468457  0.00229446  0.09423937]]
[[-3.23834462 -0.50349305 -0.17792624]]
[[ 3.31854246 -0.05993299 -0.08586638]]
[[-2.30438342  0.5714306  -0.16243031]]
[[ 2.29044602 -0.57435494 -0.47109366]]
[[ 1.62060999  1.48425236  2.85659621]]
[[-1.14512877  1.98190893  0.91395158]]
[[ 1.09909776 -0.1760975   0.51901171]]
[[-1.73437458 -0.68475489  0.11727193]]
[[-4.30583198  0.79731908 -1.7416222 ]]
[[ 2.96601082 -2.17084663 -0.27055533]]
[[-0.54761253 -2.27346635 -1.86867864]]
[[ 0.46145925  0.24000685  0.26824602]]
[[ 0.37808173  2.28058364  4.51590895]]
[[-1.92175187  3.03065882  1.5015792 ]]
[[-0.31055928  1.56927232  1.00489768]]
[[ 0.07488393 -1.66310127 -1.07263615]]
[[ 1.66573977  0.88188744  0.7557777 ]]
[[ -1.94725630e-03  -7.16312953e-01   2.58529163e+00]]
[[-1.62866324 -1.02503676 -0.56237879]]
[[ 3.48313047  0.25858998  1.8996526 ]]
[[-4.42325149 -1.25275176 -2.23289586]]
[[ 4.80983975 -1.54282553 -3.03553261]]
[[ 1.44357562  0.27873511  0.12860733]]
[[-1.09470031 -0.54731678  0.25757302]]
[[-0.45116397  3.71488539  3.96949537]]
[[-5.49645739  2.77514201  1.03890306]]
[[-2.64212427 -3.37204743 -0.76709537]]
[[ 0.59462334 -0.45870842  0.89561793]]
[[ 4.84096427  1.19694706 -0.18526927]]
[[-0.1319353  -0.31417192  4.18388093]]
[[-0.13665566  2.86892905  0.45480204]]
[[ 4.21772814 -0.10742295 -2.8637493 ]]
[[-2.16865869 -1.53057807  0.33373779]]
[[ 2.52711703 -1.86228933  1.1880595 ]]
[[ 4.08190414  0.17744046 -1.35025089]]
[[-6.18107493  2.43693245 -0.74478013]]
[[-0.59220882 -0.80642843  1.50629174]]
[[-0.25340449 -1.33977892  1.21174881]]
[[ 1.65050764  0.23230642  1.2463059 ]]
[[-3.89129479 -0.79070514 -1.15712024]]
[[-2.34546513 -2.21246568 -1.71346641]]
[[ 3.408203   -0.52824678 -3.03989834]]
[[-1.36467958 -0.64513071  0.05294644]]
[[ 2.06866649  0.30900662  0.44381007]]
[[ 0.04257416  2.98964399  1.57520196]]
[[-5.73534112  1.33192869 -0.29509959]]
[[ 1.57500481  1.72480851 -0.48289762]]
[[-1.3530629   0.56782916 -1.10392265]]
[[ 2.90869182  1.09540997 -0.11978899]]
[[ 2.62934228  0.5309827   2.51520671]]
[[-0.50698732 -3.29466987 -0.49583443]]
[[-1.86227984 -0.68831176  1.47933112]]
[[-1.936619   -0.7890823   0.25177055]]
[[ 0.22912319 -0.70180988  0.72052061]]
[[-1.65742287  2.05438226  2.56282379]]
[[ 3.61280343 -1.01807243 -1.88625407]]
[[ 1.34510772  1.19901344  1.6207291 ]]
[[-1.91515997 -0.97345092  2.85181718]]
[[ 3.06822046  3.98631998  0.66366236]]
[[-1.11918082  3.99536519 -2.50426997]]
[[-0.85797414 -3.31043442 -0.67189289]]
[[ 3.70055445 -0.91840445  0.60460068]]
[[ 0.19305202 -0.17562988 -3.19493961]]
[[-3.28181781  3.08626742  0.37552055]]
[[-0.59192386 -2.79635087 -2.54074471]]
[[-1.97345841 -2.28718981 -2.27642922]]
[[ 0.83940475  0.24173693 -1.08020467]]
[[ 1.48229894  1.64927938  0.88444103]]
[[ 2.88613559 -1.00321552  1.11380487]]
[[-1.41238232  0.84206842 -0.10210012]]
[[-1.17839338 -0.15990283  1.68980362]]
[[-1.8736281  -1.8247194   1.25207062]]
[[-1.37717522 -0.7940809  -1.49740427]]
[[ 1.15282185 -0.63792108 -1.95552189]]
[[-1.19067695 -0.96848703 -0.05244883]]
[[ 5.01533731  1.04000576  0.97664638]]
[[-0.30806423  1.80188198  0.44255116]]
[[-1.30840794  1.35914267  0.05364933]]
[[ 3.97256984  1.82411763 -1.80063078]]
[[-3.69098904  2.0193323  -2.32513658]]
[[ 2.0147947   0.40586927  0.00506765]]
[[ 0.41201816 -0.56949383  1.43560471]]
[[-3.04839676 -2.55513806 -0.32482231]]
[[-1.32095966 -1.88916313  1.88003506]]
[[-1.63457876  0.07626735  1.18649174]]
[[-0.04331593  0.20933407  0.56385443]]
[[-3.24382167  2.94707592  4.58763866]]
[[ 5.68289195 -2.07170224 -0.15900163]]
[[ 1.54716949  0.72837464  0.51307649]]
[[-1.21811799 -0.64025486  3.17952502]]
[[ 4.98864764  3.59307923  1.58190463]]
[[-2.30745943  5.55311427 -2.11060977]]
[[ 0.073565   -3.8135882  -1.71030393]]
[[ 2.87797584 -2.28799699 -0.1171243 ]]
[[ 0.42661774  2.474261   -3.4648916 ]]
[[-3.1112141   4.85665033 -1.10393597]]
[[-3.10381586 -2.3739222  -1.19234781]]
[[ 0.98737102 -2.22916071 -2.34895403]]
[[ 1.6612425  -0.88230309 -1.44673989]]
[[-2.30250106 -0.2127073  -0.13401498]]
[[-0.36404863  0.76185336  1.1781316 ]]
[[ 0.95455556  0.45033839  0.7579099 ]]
[[ 1.49398785  0.26685846 -0.75849186]]
[[-2.90092524  0.17244792 -1.94539117]]
[[ 5.480874    0.88473426  4.17726576]]
[[-3.96081264  1.99091579  2.21287401]]
[[-2.13206275  0.80101006  0.49343795]]
[[ 0.69360271 -0.26913025 -0.68105691]]
[[-1.476906   -2.45190128 -1.93575255]]
[[ 5.14772777 -0.94736234 -1.40938554]]
[[ 2.03644533  1.22901016  1.54346814]]
[[ 0.64358144 -0.17426969 -0.27196456]]
[[-1.40817006  0.80183343  0.61786082]]
[[-4.08867248  1.5348458  -2.00120744]]
[[ 1.60093869 -1.64178949 -1.53644398]]
[[-3.64075862  1.87491686  1.36619396]]
[[ 2.79740146  1.28685771 -1.41619497]]
[[ 0.71742696 -0.93743222  1.10128412]]
[[-5.19321989  1.83039163  3.32295528]]
[[ 2.42261573 -1.94354493 -1.48710463]]
[[-2.35408807 -0.37981542  0.93286893]]
[[ 1.60683184  0.32256456  0.13089278]]
[[ 3.63669864  1.40557962  2.24919258]]
[[ 4.53599515  4.61177612 -2.28531411]]
[[ 1.51177051  1.30893786  1.31447902]]
[[-3.15706454  0.91844292  1.55563053]]
[[ 2.79327333  4.51551873  1.61990656]]
[[-8.87064157  3.90647091 -0.27075472]]
[[ 0.91980342 -1.0657419  -1.27192258]]
[[ 2.74442507 -1.93334225  1.94996699]]
[[-0.21581549  2.43617377  2.75128394]]
[[ 1.54600611  2.96177304  1.42206661]]
[[-1.86339326 -2.66981635 -0.41266744]]
[[ 0.23501709 -1.22896573 -0.81150252]]
[[ 1.88546025  3.94657296 -3.23540692]]
[[-1.01191349  6.81847385 -3.31881532]]
[[-0.11227703 -1.26093968 -1.32653649]]
[[-0.03684467 -2.71999353  0.18489345]]
[[ 1.47769009  1.16088232 -2.21646957]]
[[-5.07713475  0.56746689 -1.19384579]]
[[-1.28036316 -1.64868846  0.48018183]]
[[ 2.26518307 -0.06368119  0.08716312]]
[[-0.2779117  -2.00434276 -0.12995526]]
[[ 1.4802367  -1.17246586  2.11769751]]
[[ 0.67141638 -0.56493272  0.14957613]]
[[-2.39919026 -0.14895425 -1.22298562]]
[[ 1.56520736  1.17469866 -0.85720843]]
[[-1.61266976  0.66176967 -1.46677606]]
[[-1.71550998 -0.09974514 -1.75361524]]
[[ 0.36013987 -0.90029033 -1.62787074]]
[[-0.81524515 -1.0786892   0.43436021]]
[[-1.61291117 -1.02418587  1.24640029]]
[[ 1.01159654  0.15397389 -0.5997078 ]]
[[-1.28559603  0.48029699 -1.23815888]]
[[-1.50653207  1.26170701  1.41607211]]
[[ 4.47419217  0.46312738 -0.3861681 ]]
[[ 0.27198099  0.36079005 -0.43951276]]
[[ 1.61906073 -0.98631144  0.27434831]]
[[ 2.09359282  2.74630209  2.17497808]]
[[-2.8051923   0.2624481  -0.62679259]]
[[-0.98881548  0.48426337  1.33266955]]
[[-1.43693274  1.21481357  0.37968483]]
[[ 0.91519716  0.62162907  1.29754074]]
[[-1.96855398  2.77005392  0.74503407]]
[[ 2.58564044  0.45491371  0.24346643]]
[[-0.15906061 -0.09145373  1.36671063]]
[[-2.16021008  6.37322746  5.26530106]]
[[ 2.57404704  1.00929587 -1.65794005]]
[[-1.61965356 -0.69178226 -0.20777235]]
[[ 1.63492491 -0.71976757  0.64399386]]
[[ 5.50137242  4.78411494  1.11066656]]
[[-0.7126582   6.57842287 -0.98296729]]
[[ 0.24249247 -1.61560298 -0.95116086]]
[[-1.45792991 -0.56459398 -0.31891781]]
[[ 3.88607703  2.42785337 -5.38662307]]
[[-8.92319278  7.43248675 -2.73396937]]
[[ 0.41115529 -2.07189747 -2.41486332]]
[[ 2.32322095 -3.66105236  0.67478716]]
[[-0.83006468  0.00702421 -2.15905226]]
[[ 0.28714955 -0.81775912 -2.14125609]]
[[-2.62102171 -2.23263874  0.88674234]]
[[ 1.84406745  1.02104016 -1.88709162]]
[[ 0.17889283  0.73783445  1.49177195]]
[[-1.76406348 -1.08869976 -0.60419552]]
[[-1.59059944 -0.43239486 -2.05236671]]
[[ 1.23341858 -1.19971363 -0.49776824]]
[[ 0.50512478  0.19419258  0.54800145]]
[[ 1.15315691  0.9867543   0.1145396 ]]
[[-0.8320585   0.08955726  0.55077013]]
[[-0.03544029  0.1588367   0.26518849]]
[[ 1.17166283  1.92696291  0.38333362]]
[[-2.11930517  0.7526114  -0.12647245]]
[[ 0.35781664  0.19728665  0.05578535]]
[[-0.07225975 -0.30835798  0.67988286]]
[[-1.99427752  1.01741011  4.07929608]]
[[ 0.98703675 -0.72238579  1.3127515 ]]
[[-0.4348314   0.4391881   1.81572989]]
[[ 1.43235053  1.43989086  0.26919471]]
[[ 1.37427277  5.7427134   5.09221961]]
[[ 2.5825105   1.82283507 -0.63486606]]
[[ 0.52358668  0.51111882 -0.43212491]]
[[-3.17063266  0.94246008  0.34950546]]
[[ 4.98176624  3.22389889 -0.42116046]]
[[-6.19581053  7.11209034 -0.30467678]]
[[ 2.35984539 -1.88363483 -3.20760895]]
[[ 2.02551743 -2.96456287  0.06438251]]
[[-3.52412016  5.87460375 -0.67614085]]
[[ 1.15170682  3.44666906 -3.17038455]]
[[-4.43846012 -2.44520361 -0.04635507]]
[[  3.62236949e+00  -8.10619007e-04  -2.13331794e+00]]
[[-3.11902638 -1.7532447   1.02418803]]
[[ 5.73337421 -0.20862379  3.67012918]]
[[ 2.19053829 -0.62546436  1.62082007]]
[[-0.92508937  0.62136718  0.32821616]]
[[ 2.27039188  2.59558202  1.49492227]]
[[-0.80696815  0.86950008 -1.39602475]]
[[-0.97852917  0.21208608  0.68402441]]
[[ 1.43569857 -0.50696794  0.23559654]]
[[-1.53333322  0.21739948  3.09057967]]
[[-1.64332995 -1.38544137  2.65450486]]
[[ 0.90120349  1.46277004  3.08637541]]
[[-2.11508347  3.61566972  0.36722454]]
[[ 0.68691262  2.73479231  3.57302042]]
[[ 3.36937586  0.90053435  1.77358521]]
[[ 2.10663997  0.06527115 -2.2190369 ]]
[[-0.16277159 -0.38685174 -0.5797479 ]]
[[ 2.2725248   5.09609022  3.07661296]]
[[-3.1054548   2.95286663 -0.23170423]]
[[-2.23318924 -0.63619412 -1.32427182]]
[[ 2.33930613 -1.09103459 -0.56315671]]
[[-1.12427535  0.25449831  1.99067931]]
[[ 1.07346383 -0.51354152  2.50289252]]
[[-1.66591419  1.19903733  1.04393653]]
[[ 1.13049441 -0.03214025  1.21644644]]
[[ 0.42962201 -1.28400099  2.39571956]]
[[ 1.15951814 -1.19044034  2.93686827]]
[[-0.10875919  1.1674668   2.37674199]]
[[-0.83272328  4.27255347 -0.25405744]]
[[-0.03488221  1.18092202  2.5441708 ]]
[[ 0.44593859 -0.84580645  2.42383027]]
[[ 2.61149391  1.36555406 -2.20376168]]
[[-2.90376591 -2.17453848  0.84463324]]
[[-3.72540542 -5.14870131  1.45930027]]
[[ 7.57914907 -1.54845477  8.5295158 ]]
[[ 4.92933835  1.13676418  1.41447959]]
[[-4.76773005  0.97359372  0.38680262]]
[[-0.25202881 -0.31694056 -0.12895585]]
[[ 0.45780727 -0.1347446   0.2294342 ]]
[[-0.08072283 -0.04893129 -0.09175278]]
[[ 0.09614748  0.09962048 -0.20015883]]
[[-0.18808499 -0.36975232  0.07896867]]
[[ 0.39222712 -0.22955322  0.67862848]]
[[-0.01205323  0.11277043  0.09113634]]
[[-0.01729227  0.14584622  0.01769469]]
[[-0.25610915 -0.30440232  0.43603771]]
[[-0.0968713  -0.51700205  0.47782591]]
[[ 0.11222872  0.11381661 -0.04059637]]
[[-0.18110332 -0.14150443  0.10752725]]
[[-0.30341726 -0.23349525  0.14571866]]
[[ 0.89396133 -0.06781254  0.16794279]]
[[-0.08626183  0.09335585  0.35787215]]
[[ 0.35825135  0.19693832  0.21634434]]
[[-0.07333914 -0.17755473  0.47470591]]
[[-0.28186635 -0.2001129   0.46943471]]
[[-0.5566064   0.0334899  -0.29040598]]
[[ 0.34841223 -0.24589412 -0.0798099 ]]
[[-0.31505074 -0.27221395  0.18467213]]
[[ 0.56666651 -0.05168854  0.3839053 ]]
[[ 0.18868019  0.11497243  0.41343775]]
[[-0.24052847  0.42397606 -0.03522059]]
[[ 0.47050677  0.05020351  0.14745043]]
[[-0.17208157 -0.18879889  0.30129606]]
[[ 0.13745949  0.13375298 -0.20284881]]
[[-0.05612114 -0.30687538  0.22084977]]
[[-0.26171851 -0.88683149 -0.02013846]]
[[-0.42102074 -0.33448769  0.73222198]]
[[-0.07033747  0.07305494  0.35218757]]
[[ 0.13119352  0.2769928   0.22705808]]
[[-0.63311913  0.18810219  0.51933142]]
[[ 1.3169781  -0.54302801 -0.00482329]]
[[ 0.27186247 -0.15232107 -0.09214385]]
[[-0.38348472 -0.19596588 -0.0065738 ]]
[[-0.0973393   0.30533088  0.21114168]]
[[ 0.49546673  0.39064414  0.06865607]]
[[ 0.22556357 -0.30344561  0.07573642]]
[[ 0.06527612  0.13934781 -0.24258047]]
[[ 0.53842409  0.28025397  0.33570973]]
[[-0.58943778  0.12641761  0.27512249]]
[[-0.11562228  0.25168527 -0.16210903]]
[[-0.39650455 -0.2487014   0.09833674]]
[[-0.40095312 -0.60594901 -0.15365076]]
[[-0.16985081  0.03919322  0.75885014]]
[[ 0.26785193 -0.03928363  0.24295963]]
[[ 0.36071222  0.25411121  0.08203619]]
[[ 0.00143865 -0.01194189  0.24256314]]
[[ 0.64266987 -0.34536571  0.14816387]]
[[-0.24770905 -0.0018867  -0.05875734]]
[[-0.16145149 -0.23928406  0.01543856]]
[[ 0.10453939 -0.51986042  0.01289938]]
[[-0.19932251 -0.17084834  0.42888181]]
[[ 0.19094078  0.17313223  0.37305099]]
[[ 0.1167188   0.35876115  0.20738123]]
[[-0.4000219  -0.4822553  -0.15019082]]
[[ 0.41466432 -0.31611201  0.17712451]]
[[ 0.01391318 -0.17141464 -0.16851072]]
[[-0.00868924  0.00525757 -0.20103023]]
[[ 0.26591727  0.2935933   0.43250302]]
[[ 0.06269568 -0.26637425 -0.26349707]]
[[-0.13766581  0.06259151 -0.21243506]]
[[ 0.16627393  0.08798089 -0.23717156]]
[[ 1.14292603  0.89048508 -0.63876263]]
[[-2.01411348  0.33739847 -1.99859592]]
[[ 0.27064275  0.18418038  0.1619037 ]]
[[-0.39307198  0.11526839  0.28319533]]
[[-0.7709473   0.34918117  0.02876317]]
[[-0.15390413 -0.21296785 -0.06519266]]
[[-0.05054629 -0.46300666 -0.37116768]]
[[ 0.52651547 -0.20158679 -0.2409262 ]]
[[ 0.73219559  0.3001417   0.46475986]]
[[ 0.35489945  0.18536252 -0.04459979]]
[[-0.47724226  0.15409214 -0.04992499]]
[[-0.18042598 -0.16996125 -0.01826077]]
[[ 0.13619864 -0.26786275 -0.2817564 ]]
[[-0.77479706  0.3622155   0.44268353]]
[[ 0.33857002  0.06526197  0.27795751]]
[[ 0.10989831  0.2671254   0.16842163]]
[[-0.56201377 -0.10781753  0.26460788]]
[[ 0.38972314 -0.5588134   0.33156691]]
[[-0.21931537 -0.06048233 -0.19506629]]
[[-0.11954836 -0.36940176  0.05959678]]
[[ 0.47093382 -0.3942909   0.04557398]]
[[ 0.23827527  0.0399518   0.24758157]]
[[ 0.08158798  0.10304798  0.46054079]]
[[ 0.28286576  0.38355813  0.12723892]]
[[-0.39640747 -0.39290254 -0.19127194]]
[[-0.17594567 -0.19170723  0.15620321]]
[[ 0.07125994 -0.04483486  0.00073789]]
[[-0.38545964  0.23478023 -0.35606877]]
[[-0.20539921  0.1803639   0.27029365]]
[[ 0.75336216 -0.29032865 -0.20950646]]
[[ 0.19883692  0.31018071 -0.25905807]]
[[-0.16593565 -0.15295605  0.04896587]]
[[ 0.33105516  0.10617312 -0.03057748]]
[[-0.38921553  0.30824502 -0.12129008]]
[[-0.07483445 -0.03187975  0.1334272 ]]
[[ 0.2796052   0.11064658  0.07948275]]
[[ 1.22207126  0.90810053 -0.66757519]]
[[-1.55887905  0.41171925 -1.49562344]]
[[ 0.25005167 -0.27062978 -0.0064356 ]]
[[-0.0427954  -0.13360932 -0.27858765]]
[[-0.70578322 -0.24914788  0.10996541]]
[[-0.64841483 -0.51862549  0.54540846]]
[[-0.2400855  0.106076  -0.0110647]]
[[-0.00091922 -0.16087056  0.0548766 ]]
[[-0.04045892  0.06497836  0.42250085]]
[[ 1.51289804  0.08322507  0.05480552]]
[[ 0.30836483 -0.04520861  0.29109945]]
[[-0.04084392  0.31561678  0.05164645]]
[[ 0.63894501  0.11142021 -0.29425292]]
[[-1.08925058  0.29381435 -0.02873774]]
[[-0.05470523 -0.06789564 -0.25565852]]
[[-0.03355946 -0.55678346  0.08367093]]
[[-0.44946443 -0.61258987  0.09893592]]
[[ 0.03813102 -0.42263032  0.60639708]]
[[-0.07412139  0.10390894  0.63783361]]
[[ 0.35859156  0.49866925  0.14878902]]
[[-0.19487004  0.04263463  0.29876604]]
[[ 0.94803944 -0.1893147  -0.07400329]]
[[ 0.08569537  0.12302687  0.04839883]]
[[-0.50232278  0.34932162 -0.34213067]]
[[ 0.43482725  0.01246634 -0.1543967 ]]
[[-0.61901024  0.21370742 -0.1566482 ]]
[[ 0.0400195   0.30611525 -0.30554161]]
[[ 0.25050847 -0.18899079  0.21288686]]
[[ 0.7584014   0.67907957 -0.10962351]]
[[-1.15861566 -0.04393511 -0.95030977]]
[[-0.73374908  0.05709611 -0.47526488]]
[[ 0.34477741 -0.27624162  0.13912738]]
[[-0.14467393 -0.38851904 -0.11752342]]
[[-0.36184705 -0.07203499  0.49018228]]
[[ 0.31602033 -0.10851312  0.0615961 ]]
[[-0.32078471  0.05936162  0.11369605]]
[[-0.12180623  0.09318248  0.15738986]]
[[ 0.49714778 -0.040076   -0.07232168]]
[[-0.34714345 -0.11569934 -0.13852708]]
[[ 0.69510166 -0.73256942  0.19267834]]
[[-0.02595222 -0.07060123  0.23192683]]
[[ 0.06402663 -0.1614554   0.17459961]]
[[-0.45262969  0.05657705  0.93669343]]
[[-0.03179729  0.93418654 -0.00455796]]
[[ 0.03028556 -0.10519171 -0.04085359]]
[[-0.04372696  0.07039276  0.20852878]]
[[ 1.00666596  0.37735321 -0.21304651]]
[[-1.15281958 -0.30315988  0.2216206 ]]
[[ 0.31968014  0.18350405 -0.11379515]]
[[-0.46495362 -0.02707862 -0.49257783]]
[[ 0.49849327 -0.15094482  0.31002266]]
[[-0.20488628  0.16149987  0.02348231]]
[[-0.1916189   0.10939806  0.0254394 ]]
[[ 0.04427097 -0.08848711  0.01825909]]
[[-0.1800754   0.10803351 -0.0032891 ]]
[[ 0.00753953 -0.45813176  0.47781152]]
[[ 0.36474687 -0.30156587 -0.06218238]]
[[-0.15023107  0.05714299  0.18640542]]
[[ 0.18432885 -0.22567273  0.37543523]]
[[ 0.05806071  0.39149584  0.0490525 ]]
[[ 0.44208346  0.20027145 -0.25697237]]
[[-0.59687339  0.10161385 -0.63256317]]
[[-0.31111343 -0.04765985  0.17397374]]
[[ 0.49030314  0.1316945   0.04512152]]
[[-1.26210684 -0.51906562  0.09428574]]
[[ 1.88772244 -0.37973739  0.88903118]]
[[-0.04530167 -0.049909   -0.07393991]]
[[ 0.05798492  0.01898084 -0.10661301]]
[[ 0.10408514 -0.15762401  0.67548643]]
[[-0.2481024  -0.33986943  0.65579887]]
[[ 0.10264188  0.0261723   0.09320204]]
[[-0.117934    0.12176413  0.01848681]]
[[-0.22745382 -0.93929074  0.07855421]]
[[-0.00264738 -0.16125062  0.72537128]]
[[ 0.06783936  0.01162553 -0.11850592]]
[[-0.03166516 -0.13972477  0.03599234]]
[[-0.35556337  0.37745741  0.42025841]]
[[ 0.52202974 -0.36712809 -0.24346865]]
[[-0.11053485  0.01197324  0.1481684 ]]
[[ 0.18995844  0.10419492  0.03019051]]
[[-0.19478797  0.27127964  0.28155781]]
[[ 0.6040374   0.35182595  0.18651676]]
[[-0.01469768  0.0900577   0.03257495]]
[[-0.10089121 -0.01106156  0.10009718]]
[[ 0.61331494  0.20907742  0.30692169]]
[[-0.51263165  0.13007489  0.3825524 ]]
[[ 0.03725063 -0.08402148  0.02227751]]
[[ 0.16214043  0.05753621 -0.03584506]]
[[-0.43684221 -0.86868336 -0.22118314]]
[[-0.05699065 -0.04395716  0.93005243]]
[[-0.12800073  0.04839466 -0.03489996]]
[[-0.1032802  -0.08849499 -0.00432895]]
[[-0.30051962 -0.04711553  0.2417092 ]]
[[ 0.76733786 -0.46982493 -0.07370012]]
[[ 0.12215891  0.07145349  0.12583929]]
[[-0.01489677  0.10297939  0.12743151]]
[[ 0.34263207  0.11909648  0.1427052 ]]
[[-0.30342917  0.10450868 -0.18761858]]
[[ 0.03879395 -0.08964917 -0.05952916]]
[[-0.06304407 -0.06853592 -0.02457665]]
[[ 1.00771389  0.87914321 -0.56096716]]
[[-1.88719074  0.30471427 -1.88406872]]
[[ 0.07018483 -0.04317864  0.06699353]]
[[-0.01209583  0.01752317 -0.02511899]]
[[-0.5312038   0.35549747  0.08279193]]
[[-0.2082033  -0.17623404 -0.02427686]]
[[-0.03736925  0.06341657  0.03014397]]
[[-0.01781691 -0.01605839  0.05538514]]
[[ 0.56125849  0.18729722  0.46681422]]
[[ 0.20224341  0.12765316  0.10844722]]
[[ 0.0721192  -0.02690035  0.06637795]]
[[-0.03378384  0.07273908 -0.02041476]]
[[ 0.05675607 -0.37175669 -0.25994826]]
[[-0.43223417  0.30025146  0.45120426]]
[[-0.02800979  0.01250091 -0.07450188]]
[[-0.03461795 -0.13018851  0.03337599]]
[[-0.38805011 -0.10517459  0.1392759 ]]
[[ 0.17930209 -0.48783961  0.1353127 ]]
[[ 0.01541552 -0.00180153  0.12190511]]
[[ 0.1384584   0.09727661  0.06366521]]
[[ 0.11356774 -0.03050873  0.2260243 ]]
[[ 0.26992604  0.00055654  0.00996169]]
[[-0.03332998 -0.02070434 -0.01508142]]
[[-0.08016195  0.00295184 -0.06777426]]
[[-0.11757045  0.1150841  -0.07350867]]
[[-0.01745451  0.15423611 -0.05781658]]
[[-0.00071038  0.04175038 -0.03320905]]
[[ 0.08444303 -0.00067384  0.0249383 ]]
[[ 0.91931799  0.83644283 -0.45665356]]
[[-1.25807781  0.28931478 -1.28129303]]
[[-0.15330766  0.05445022 -0.05582455]]
[[ 0.04576248 -0.02284233  0.05307275]]
[[-0.35034226 -0.16405049  0.0621696 ]]
[[-0.45280347 -0.31026141  0.4859027 ]]
[[ 0.08565697 -0.02016627  0.00039585]]
[[-0.07459938  0.03137198  0.02102136]]
[[-0.03607702 -0.14036222  0.22156348]]
[[ 0.8550114   0.04628109  0.17977727]]
[[-0.09405188 -0.0298588  -0.10134021]]
[[ 0.13317472 -0.21096419  0.05647439]]
[[ 0.10985512  0.06999214 -0.07341038]]
[[-0.42219602  0.00667762 -0.06331648]]
[[-0.08370604 -0.02667835  0.19733596]]
[[ 0.02835369  0.16464104  0.00879803]]
[[ 0.0284712  -0.17200334  0.09612888]]
[[ 0.07479775 -0.14951602  0.27285634]]
[[ 0.16242816  0.03863165 -0.02632862]]
[[-0.21617511 -0.05235119  0.00105913]]
[[ 0.50360994  0.45775603 -0.07604522]]
[[-0.71763067 -0.0081181  -0.6147678 ]]
[[ 0.1597951  -0.04138927  0.05747988]]
[[-0.09292245  0.05006511 -0.02799957]]
[[-0.09516687 -0.25425479 -0.03389807]]
[[-0.24219434 -0.07284169  0.34113257]]
[[-0.02693449 -0.00688951 -0.0753673 ]]
[[ 0.0349412  -0.19289999  0.09179232]]
[[-0.09369798 -0.06023475  0.02097607]]
[[ 0.30956526 -0.04338489  0.00734627]]
[[-0.02496752 -0.07711408  0.12428334]]
[[ 0.07525818  0.1245382  -0.02190108]]
[[ 0.1280088   0.05160975 -0.02585725]]
[[-0.16402557 -0.02930037 -0.1602603 ]]
[[-0.20253132 -0.04240556 -0.03406363]]
[[ 0.2246473  -0.01443837 -0.01959319]]
[[ 0.00731407  0.01078979 -0.00905579]]
[[-0.01419173 -0.00102473 -0.02681033]]
[[-0.0301737  -0.02660336 -0.04640161]]
[[ 0.03049457 -0.01661526 -0.0336174 ]]
[[-0.00448803 -0.00991192 -0.01419986]]
[[-0.00229319 -0.01371443  0.00293267]]
[[ 0.05234444 -0.00727681  0.01858388]]
[[-0.03443278  0.03157914  0.00177647]]
[[-0.01150451 -0.01195955 -0.01110099]]
[[ 0.01277228 -0.01376049 -0.00154047]]
[[ 0.00505349 -0.01716081 -0.06054761]]
[[ 0.00571672 -0.0652821  -0.0036048 ]]
[[ 0.01083904 -0.00654369  0.00670122]]
[[ 0.01206343 -0.01321804 -0.00079998]]
[[-0.04186061 -0.00747291  0.0381456 ]]
[[ 0.05510213  0.03097215 -0.00899233]]
[[-0.05654734 -0.04186458  0.03621197]]
[[ 0.09038541 -0.02272084  0.09105519]]
[[ 0.02711453  0.03001787  0.02238695]]
[[-0.04023861  0.01101135  0.04241242]]
[[ 0.039851   -0.01395292 -0.01009746]]
[[ 0.01082854  0.01926375 -0.0001433 ]]
[[ 0.00300741 -0.04374514 -0.0248352 ]]
[[ 0.06800555  0.00167018 -0.01962732]]
[[-0.02728437 -0.02029625 -0.0192556 ]]
[[-0.03746815 -0.02000596  0.00794253]]
[[-0.05014148 -0.00222178 -0.02911905]]
[[-0.03025162 -0.04311495 -0.01506609]]
[[-0.02055486 -0.005838    0.02541229]]
[[ 0.06238894 -0.0344168   0.00486699]]
[[ 0.03539892  0.0114054   0.02709397]]
[[ 0.00491212  0.01471055  0.03348665]]
[[  2.22986224e-02   2.28044504e-03  -7.83706814e-05]]
[[-0.01184647  0.01697712 -0.00508529]]
[[-0.0011354  -0.02477049 -0.00125212]]
[[-0.00943886 -0.00510891 -0.01369569]]
[[-0.03720447 -0.0435718   0.01146541]]
[[ 0.05349601 -0.0072268   0.06073937]]
[[ 0.03601018 -0.0100648  -0.00910909]]
[[-0.03685206  0.00419364 -0.02533987]]
[[-0.00102349  0.00166273  0.00649853]]
[[ 0.02766251 -0.00605045 -0.01261586]]
[[ 0.00661014 -0.0144596  -0.04053326]]
[[ 0.02029775 -0.05942803  0.00081872]]
[[ 0.01967527 -0.018512   -0.01239269]]
[[-0.02261364 -0.00330001  0.00721356]]
[[-0.03105708 -0.01663765  0.03238474]]
[[ 0.04836585  0.0354022  -0.01038361]]
[[-0.01461655 -0.02459161 -0.0046929 ]]
[[ 0.03139744 -0.00044139  0.03035327]]
[[-0.08158305 -0.01932752 -0.03748018]]
[[ 0.08243927 -0.01974057 -0.01456102]]
[[  1.84213485e-03  -2.55924755e-05  -1.38061195e-03]]
[[ 0.00184718  0.00021073 -0.00201259]]
[[ 0.01067036  0.00399917  0.01313513]]
[[-0.00374145  0.00596312  0.00767851]]
[[ 0.0010481  -0.00030078  0.00280993]]
[[ 0.00685538 -0.00078087  0.00319773]]
[[ 0.00715441  0.00234362  0.00852938]]
[[-0.00136735  0.00238764  0.00599162]]
[[  1.44431878e-03  -1.43937564e-03   6.77633541e-06]]
[[-0.00265262  0.0012146   0.00113796]]
[[-0.00356444 -0.00081402  0.00215402]]
[[ 0.00499341  0.00522873  0.00146205]]
[[-0.00115263 -0.00044071 -0.00113681]]
[[  4.90295044e-03   2.14702899e-05   6.34870404e-04]]
[[ 0.00668873 -0.00015569 -0.00262504]]
[[-0.00750712 -0.0027569  -0.00201057]]
[[ 0.00215387 -0.00171682  0.00211095]]
[[ 0.00260632 -0.00092238  0.00253487]]
[[ 0.00674064  0.00038945 -0.00023266]]
[[-0.00493966  0.0005358  -0.00203114]]
[[ 0.00536171  0.00252495 -0.00127196]]
[[-0.00525745  0.00089218 -0.00614812]]
[[ 0.00164097 -0.00021712  0.00104685]]
[[ 0.00143648  0.00077513  0.00013579]]
