[[-20.01435998 -17.49889366 -45.3204733 ]]
[[-20.4364451   -1.68769378  69.94070218]]
[[-28.3601378  -24.23314586 -60.23316391]]
[[-22.59152343   2.06844943  55.9901511 ]]
[[-25.30370005 -36.21440609 -55.90724892]]
[[-30.5805749    4.26918386  36.46234637]]
[[-13.95175089   1.39016478   1.84488545]]
[[-17.73001676  -3.53834487 -30.2085694 ]]
[[-26.13202819 -35.62092636 -50.53421771]]
[[-30.79268101   4.48214351  37.17856986]]
[[  6.79814295 -15.39535518 -52.74874154]]
[[-10.15108399  -1.60914043 -16.25259973]]
[[-18.40624162 -14.18556687  -6.97632891]]
[[-11.16146145   9.7906348   27.87675918]]
[[-36.95175787 -37.00187942 -25.71535938]]
[[-33.36689076  14.22224775  33.56752698]]
[[-24.40936686   6.75131668  23.33148991]]
[[-19.75122517   4.65181711 -34.28724391]]
[[-34.0118016  -32.82309228 -22.49100007]]
[[-29.70940638  13.55890279  36.11555232]]
[[-2.57693038  7.75144437  5.96513195]]
[[  2.33859823  -2.67707113 -33.90272945]]
[[-20.4740924   24.36228946  27.13555839]]
[[-14.8647629    8.38679778 -23.99960647]]
[[-3.6602871   4.85252787 -8.84611037]]
[[ -0.44771216  -9.23357293 -47.06241393]]
[[-20.86860926  23.60354085  22.00070451]]
[[-15.36196784   7.94503386 -23.03111347]]
[[-2.69035244  7.47495723  7.27244229]]
[[  2.21552569  -2.40314645 -32.81542453]]
[[-39.13787019 -38.10140282 -14.00340066]]
[[-49.09263893   6.19692734  22.71925228]]
[[  4.83641714   8.20605848  49.65350963]]
[[-1.7491583   0.98612985 -6.43304392]]
[[-34.71051848 -34.7842505   -7.81131482]]
[[-45.14485605   6.03731273   6.50488952]]
[[-28.34055288 -28.64253829  -5.64973614]]
[[-33.00015493   4.53705249  28.75062328]]
[[ 12.68036092  31.98375756  -0.66100738]]
[[ 35.42253442   2.47378091  -6.69726515]]
[[ 19.26569337  50.16767117   0.12635254]]
[[ 55.05627489   2.20880885  -0.24155005]]
[[-22.65431589   8.56360352  -8.23028957]]
[[-10.77256322  17.43817278 -10.48169471]]
[[ 20.53477381  46.33029242  -2.54523509]]
[[ 52.03152845   2.45902701  -6.31983737]]
[[-8.17539039  2.16295983 -1.94783333]]
[[ -5.18800969  -6.38952053  23.94149472]]
[[-38.83325312  21.64474294   6.01947148]]
[[-22.42420896  21.56292342 -16.00443297]]
[[-10.00619123  15.50910705   9.79349457]]
[[  1.39139012   0.50448872 -54.76756277]]
[[-36.08399385  18.84988344  -3.05328397]]
[[-20.89584409  20.78278594 -15.50739646]]
[[-4.70461684  1.24759985 -5.77767128]]
[[ -4.3341848   -5.73394446  17.05793911]]
[[-13.11789003  18.87704737  -5.93815388]]
[[  5.42677168  -7.4780899   16.68206655]]
[[ -1.86462441  -8.35920414  15.63145413]]
[[ -6.36054204 -10.71766531  10.80401897]]
[[-13.82705913  12.42658225  19.78571502]]
[[ -0.6374006    7.29524092 -47.13038833]]
[[  3.26516604   1.57017192  46.6426771 ]]
[[ 15.1418795   -2.86907059  16.13149359]]
[[-12.9556163   12.68547002  14.14352885]]
[[  0.10257255   5.80732163 -43.63659973]]
[[ -1.63186238  -7.70959429  13.22862765]]
[[ -5.8446389   -9.98988513  11.77098086]]
[[-12.79762944  20.18870611  -4.69847188]]
[[  6.2708796   -7.43973351  15.89399886]]
[[  8.7384437   20.43604475 -10.75204391]]
[[ 11.27399015 -10.47001165   1.53243234]]
[[-33.00581146  14.48809292  -4.46586581]]
[[-36.48131574  -3.69827432  -5.1911127 ]]
[[-11.28735273  -8.46214882  44.30350347]]
[[ -3.50256262  10.04992349 -35.35427962]]
[[-29.28566472  14.67482803   1.41135335]]
[[-32.67689866  -3.239903     2.18166369]]
[[  5.742194    21.47618938 -12.34673649]]
[[ 10.9916549  -10.82705869   4.02560193]]
[[ 31.15196741   7.54246826  -4.63906319]]
[[  3.34426441  -1.33599338  36.29726003]]
[[-23.1242163   12.53144568  -8.44907631]]
[[-22.12572234  -0.64528872  -9.47816478]]
[[ 25.72296627   6.41249852  -5.2952956 ]]
[[  2.2162448   -1.29918737  38.40430063]]
[[ 17.72745685   2.1022314   -0.78303093]]
[[  0.25280184   0.69480231  25.73647363]]
[[ 11.19028352  18.53312933   1.73588087]]
[[ 18.17174134  -0.99991536   1.85582833]]
[[ 14.30935867  20.07165739   3.30956366]]
[[ 20.2221509   -2.10381783   4.14516289]]
[[  3.32995223 -15.48515601   7.91956799]]
[[ 15.44405476  15.35854243  -2.42897408]]
[[ 19.1494359   24.48375237   4.07914273]]
[[ 25.08948393  -2.66081958   3.57717045]]
[[-38.07822752 -52.1181836   -4.88133294]]
[[-55.77431374   4.5240775   -5.94493399]]
[[  5.19430249 -27.72422265  11.3998838 ]]
[[ 21.10634676  20.6807381   -7.91022367]]
[[-15.29961052  21.33999139  -6.73538941]]
[[  1.02121068  12.04431518 -13.01930096]]
[[  6.26531349 -25.10853117   7.2197431 ]]
[[ 20.8362283   20.05029537  -4.64853045]]
[[-26.81389932 -40.19690407  -3.22691003]]
[[-42.76627958   2.79896258  -5.19972659]]
[[-37.37770913 -46.81088719  -5.72452146]]
[[-51.30130357   6.18714455  -8.25374485]]
[[-1.65992048 -8.80328201 -3.76591494]]
[[-11.59323882 -17.20328377 -11.58001111]]
[[-23.95765256  31.45393603   6.81945016]]
[[  6.18756659  11.83561401 -28.02267216]]
[[  6.574119    17.24290487  22.87319788]]
[[ 21.86474972   2.18894939  44.48268927]]
[[-22.40640067  29.75401577   0.07629367]]
[[  4.88445506  11.26187438 -26.88240928]]
[[ 0.21247083 -7.72434026 -6.27127644]]
[[ -9.71463571 -15.4953626   -8.47230703]]
[[-36.86447392 -45.52995055  -6.48949636]]
[[-49.9514255    5.72693278  -7.11730695]]
[[-0.9217216  -0.13837823 -0.52566432]]
[[-0.60481714  0.70914512 -1.66419848]]
[[ -6.68866075 -23.94461747   1.43951649]]
[[-12.59860116 -17.76761442 -12.83066218]]
[[  5.89906236  -8.20330262  11.98605691]]
[[ -6.78552795 -18.03275251  11.19426413]]
[[ -1.21343459  17.07311241   1.809251  ]]
[[  9.922012     7.64328941  47.83950811]]
[[  1.83780052  -2.1487745   23.82473928]]
[[ 17.54462409  17.98187115  -0.12632912]]
[[  0.60673458  16.41110912   4.35733827]]
[[ 11.73278834   6.68389148  41.839367  ]]
[[ 5.8711616  -7.71046917  7.65192757]]
[[ -6.48881805 -17.07953662  11.9526878 ]]
[[ -6.66842339 -24.90551639   0.6849881 ]]
[[-12.58179931 -17.70723854 -13.1594565 ]]
[[-0.11724991  2.18334016 -0.45423659]]
[[ 1.39267197  0.24051234 -0.59676242]]
[[ 44.84521182  36.12794676   9.02851876]]
[[ 37.40908945 -10.74200446   6.90554541]]
[[  9.82083763 -28.23722403  14.95270643]]
[[ -4.65211896 -21.28306538 -11.61252618]]
[[-13.2025818   12.45052223   5.16909424]]
[[  7.81682723 -16.13648935 -22.94964992]]
[[-21.98770237   8.8640621  -50.40630061]]
[[ -3.51543424  11.97862704  63.85656182]]
[[-12.44467034  10.14133048   7.5581096 ]]
[[  7.07432514 -13.33598565 -14.36796082]]
[[  7.89133468 -30.10829157  17.11427747]]
[[ -6.20507556 -22.06174657 -14.5705561 ]]
[[ 46.08041121  38.29854856   9.48289755]]
[[ 39.24111147 -11.06553589   6.91083817]]
[[ 44.56432893  30.66192104  13.40828911]]
[[ 34.70835615 -12.15304653   9.56030717]]
[[ 21.72380643 -10.01463012 -19.93048023]]
[[ 3.57068723  1.31274257 -8.35915053]]
[[ -7.60968203  11.70747602  -5.19459151]]
[[  7.69584708  -8.84238253 -14.25679185]]
[[ 18.14736917  -9.29317227 -14.44493591]]
[[  2.48685865   1.42445505 -12.11799616]]
[[ 50.7261262   36.74262203  10.33081058]]
[[ 41.10351844 -13.73505746  12.09137577]]
[[-20.14571938 -19.44221363  -2.57715119]]
[[-17.87667484   4.93990691  -7.83224738]]
[[ 11.81836415  -3.30327642 -16.01904317]]
[[ 2.36895293  3.9640374  -4.06446337]]
[[-16.42166334 -15.62002597  -5.32828095]]
[[-13.9043358    3.86507162  -5.21046938]]
[[-16.03201462 -12.48422843  -4.40354122]]
[[-12.06752867   4.46048928  -6.61275793]]
[[-0.24553349 -0.64740188  0.63281052]]
[[-1.57707255  0.43393465 -0.25090063]]
[[ 0.42589998 -2.97595371  0.37575526]]
[[-3.21395294 -0.4768422   0.4709898 ]]
[[ 8.43512717 -8.28718412 -1.05561996]]
[[ 11.31911107   4.42806719  -2.53276173]]
[[ 0.56637521 -4.95974261 -2.95578481]]
[[-4.81447682 -0.66304215  1.1146266 ]]
[[  3.53069322  13.25999584   1.27808628]]
[[ 12.94049921  -2.57885496  -1.27809295]]
[[ 11.80231617  -8.99675266  -0.4108591 ]]
[[ 13.58483918   3.74217241  -2.84531643]]
[[-0.64614081  8.95942865 -1.52564761]]
[[ -7.70511033  21.17195348   7.53440687]]
[[ 15.35951643 -11.20114806  -6.73565642]]
[[ 16.75160171   4.28964733  -2.01152094]]
[[ 3.68321219  8.55084578 -2.73953535]]
[[ 9.00239652 -2.86668037 -0.06183251]]
[[  3.26999513  15.89463871   0.8118089 ]]
[[ 14.73156487  -1.53938268  -0.84905337]]
[[-27.29387518  26.30970271   6.30200843]]
[[-32.85753391 -13.68358534   5.88382055]]
[[  0.02171144  10.98934315  -6.05394391]]
[[-15.13683944  26.88248126  11.86872022]]
[[  7.40456197  27.34287242  28.02692447]]
[[ 17.26206735   7.60773148  -3.69957875]]
[[-1.3640885   9.43306757 -3.19654103]]
[[-14.54025963  26.71831387   9.27686286]]
[[-18.71681521  20.10488152  -1.37346005]]
[[-24.63721682 -11.98144246   6.27895124]]
[[  2.56710809  14.94160063   2.81851125]]
[[ 13.74381827  -1.10315877  -2.20679345]]
[[ 0.71234337  2.58937691 -0.12128553]]
[[ 2.02274186  0.01816687  0.57865673]]
[[-28.49377818  24.30123451   4.8084819 ]]
[[-31.80529488 -10.58147207   6.52912546]]
[[ 10.94764652 -10.72197019  -8.5987234 ]]
[[ -6.06646543 -26.80212031  -6.64538267]]
[[ 14.2571552   39.35818877  21.74059814]]
[[ 33.96456835   5.9862916   15.64554933]]
[[ 16.8499227    5.03108585  13.29065126]]
[[ 24.13828233  16.57817242  10.01972127]]
[[ 12.93447761  36.81773943  27.39430169]]
[[ 30.80358505   5.79658846   6.74093304]]
[[  8.62541235 -11.14698711  -5.64679156]]
[[ -6.08439364 -23.94145707  -7.7440242 ]]
[[-27.90245311  23.43329303   6.74805076]]
[[-31.19185939 -10.50193763   4.96898127]]
[[ 0.06954514  1.88675979  1.73643531]]
[[ 1.18282467  0.37608157 -0.76721919]]
[[-0.09457379  0.71804414  0.34052409]]
[[ 0.41510369  0.17249337 -0.12877854]]
[[-1.05880805  0.60907771  1.24189124]]
[[-0.30101614  0.50731485  0.35797033]]
[[ 15.44700166  -2.56302363  -7.42677981]]
[[ -1.2576567  -21.92743439  -5.50863215]]
[[  9.29439392 -18.60069211 -33.94210515]]
[[ -1.762815   -28.32585547   6.29990794]]
[[ 11.37742763   6.28613852  10.08635779]]
[[ 13.55185265  11.63013541   7.51637733]]
[[ -6.8369517   13.16952138 -70.09927594]]
[[  8.89101662  26.739032    46.32170888]]
[[ 12.46455476   5.82208506   9.12075571]]
[[ 14.75955581  11.93263334   6.79791455]]
[[  8.88524692 -17.98029081 -34.34716697]]
[[ -2.36221187 -27.25071911   4.03792598]]
[[ 15.45185717  -2.31923058  -7.33617909]]
[[ -1.42467598 -21.99862122  -4.45425241]]
[[-0.42127137 -1.00694144  0.94722846]]
[[ 0.270042    0.46285898 -1.13944698]]
[[-0.07635941  0.6815475   0.40050583]]
[[ 0.38777026  0.17962651 -0.35090184]]
[[-0.90265253  0.86283664  1.63478772]]
[[-0.00754601  0.6322585  -1.2547983 ]]
[[ 37.45968421 -27.11656471  -9.63661827]]
[[ 23.5116541   -4.32522414  -3.56779331]]
[[ 13.32159765 -17.22802146   1.12570838]]
[[ -1.97325484 -26.1477499   -2.77112771]]
[[ 14.44348502  14.40668576  17.69316012]]
[[ 50.19335373  -6.49544567  -2.29027696]]
[[-11.95753375  13.59654799  -1.96682473]]
[[  1.25225529  12.32845897  14.74532599]]
[[ 11.72026403  13.57443801   0.27559964]]
[[ 45.22394003  -4.3752643    0.37089182]]
[[ 14.45662325 -15.595645    -1.87301983]]
[[ -1.12342636 -27.43624941  -3.40017813]]
[[ 38.31879939 -28.5553925  -12.22825473]]
[[ 24.15030047  -4.61086894  -3.32493116]]
[[-0.22714458  1.00661238  0.1585365 ]]
[[ 0.49577266  0.38107951 -0.81756294]]
[[-6.13986057 -2.33085535  8.92365067]]
[[ 0.93034011  0.87522493 -6.4650476 ]]
[[ 38.35878931 -25.87118993 -15.35803783]]
[[ 23.00287884  -7.1503749   -3.02288392]]
[[-11.71708681 -14.03791693 -16.49054315]]
[[ -3.24879167  11.3061566  -11.45075648]]
[[ 12.46822706  11.53190154  25.20021561]]
[[ 33.94422127   0.11982471  -4.14868632]]
[[-10.06684982 -10.81053661 -18.82030899]]
[[ -1.87065202  10.12931314 -10.65202267]]
[[ 43.47052209 -30.01590552 -12.21203197]]
[[ 26.95532823  -7.06753191  -5.71862778]]
[[-5.30372261 -2.25071633  7.12697637]]
[[ 1.54496832  0.67288735 -5.91872557]]
[[-2.49287604 -4.9042196   3.87913196]]
[[ 1.0274389  -0.48822747 -2.90555776]]
[[-16.41873095  14.32628553   0.49935784]]
[[-9.29244532  0.91196168  7.1888693 ]]
[[ -9.3416871   -5.5285576  -12.04944269]]
[[ -0.87341197  11.24769589  -7.18174612]]
[[-13.2724154   11.61595012   4.96594035]]
[[-6.86075473  1.09771199  4.0926822 ]]
[[-4.15727622 -4.37687711  8.70947347]]
[[ 1.38151551  0.05402128 -5.83347065]]
[[ 4.83725157  0.5887915  -4.87488987]]
[[ 0.35101461 -0.36337611  3.24953125]]
[[-13.54777991  10.56716845   4.32666745]]
[[-6.56065877  2.16457869  4.05064145]]
[[ 3.72401093  0.89445116 -0.65777942]]
[[ 0.47847684 -0.03799084  0.92542024]]
[[ 2.25054566  2.60035529 -0.76760518]]
[[ 0.9620691   0.46844651  0.71984046]]
[[ 0.84343014  1.37228433 -0.42303012]]
[[ 0.48258276  1.83785594  0.76516064]]
[[-0.27025194  0.00705247  0.44509642]]
[[-0.53628163  0.25874447  0.63191088]]
[[ 0.49708269  1.69130315 -0.6253102 ]]
[[ 0.7664182  -0.70371256  0.85893709]]
[[-0.26851721 -0.03835672 -0.60535118]]
[[-0.60358356  0.18715542 -0.48662744]]
[[-5.53709546 -6.26348748  2.61828805]]
[[-4.48349222 -8.37911605 -2.95350093]]
[[ 1.98124026  3.55074227  0.17163197]]
[[ 2.05871975  0.88361384  0.49283731]]
[[ 3.10311095  1.00995433 -4.32846313]]
[[-1.07821454  9.61202026  5.30183337]]
[[ 2.45593005  5.20752788 -0.78318769]]
[[ 2.47476215  1.31853747  0.35923234]]
[[-5.40294594 -6.21300485  0.85595409]]
[[-4.56443877 -8.16400257 -3.4859764 ]]
[[-4.75539631 -5.39216619  1.83511861]]
[[-4.05163729 -7.18323369 -3.23262113]]
[[  1.428471   -12.61113182   2.75607057]]
[[ 0.97865907  0.28437782 -3.37596695]]
[[ 4.52025903 -1.2771178  -6.98960073]]
[[-0.76524009  8.3594659   6.57175475]]
[[ -2.49140081  10.58674238  -7.47461677]]
[[-19.72345006   9.34366388   8.79289264]]
[[ 5.01122412 -2.64234089 -7.61208281]]
[[ -1.68721293  10.17455084   7.1608872 ]]
[[ 2.49059851 -8.49093473  1.45714217]]
[[ 1.95337224  1.37580788 -2.77916042]]
[[-3.74748447 -4.36523715  1.0773468 ]]
[[-3.08548076 -5.82222895 -2.00201899]]
[[-0.55246617 -0.46467787 -0.08642119]]
[[-0.74353343 -0.49706751 -0.63841907]]
[[  3.46736357e-03  -1.44547971e+01   2.52654613e+00]]
[[-0.07360872 -1.20318675 -3.35898691]]
[[ -4.94897339   0.52238741  12.48695696]]
[[  9.24153429 -31.2698465  -15.14693637]]
[[ -3.40768463  10.33617399  -1.89010002]]
[[-32.02428516   7.03412382  11.89189536]]
[[ 29.64920013  17.93663808   4.38235588]]
[[ 23.24933504   6.9790441    6.5998565 ]]
[[ -5.64376436  11.40859252  -6.23103747]]
[[-31.17826675   8.16006574   9.74359284]]
[[-3.18010922 -2.13548219  9.9301432 ]]
[[  7.21185655 -26.36104925 -12.0380901 ]]
[[ -0.61512179 -13.58965802   1.53543526]]
[[-0.70250789 -1.13534994 -2.36664474]]
[[ 0.65820989  0.80503304  0.3450635 ]]
[[ 0.4391202   1.0544758   0.23006157]]
[[ 0.19234071  0.41309201 -0.31311531]]
[[ 0.15549575  0.48838618  0.04433142]]
[[ 0.11867741 -1.83236089  0.50141059]]
[[ 0.27566313 -0.51882024 -0.58480016]]
[[ -6.30303091   3.7917474   13.93546988]]
[[  7.56093179 -25.03639    -14.11185777]]
[[ 10.92098252 -27.23239591  22.60980521]]
[[  3.86341935 -30.11702319  -5.61023451]]
[[ 50.2242292   18.68613345   5.16363738]]
[[ 36.99171072   6.86674964  10.70326832]]
[[ 13.24059858  11.12649252 -73.6909534 ]]
[[ 12.32154687  22.31791899  15.35955763]]
[[ 46.07680289  18.69289233   5.6558427 ]]
[[ 34.80882043   7.05819228  10.10333042]]
[[  7.41590107 -23.79394379  16.47036815]]
[[  2.22859909 -27.2415944   -4.77402039]]
[[ -5.88801988   3.71606179  13.90869546]]
[[  7.29729724 -24.8445199  -14.14102219]]
[[-0.46991027 -1.13383294  0.0097568 ]]
[[-0.3353289  -0.37353187 -0.31462119]]
[[ 0.3083952   0.5497982   0.08204603]]
[[ 0.2514636   0.63499279  0.24725099]]
[[ 0.12203875  0.22998698 -0.10466033]]
[[ 0.12513665  0.24574502  0.07876998]]
[[-0.15075461 -0.4407259  -0.15451604]]
[[-0.09320817 -0.52310746  0.15571441]]
[[-0.42125043  1.2507738   1.04269061]]
[[ 0.38352235  1.21296366 -0.36162434]]
[[ 16.11516169 -20.8113816   16.32376666]]
[[ 12.70186028 -21.67186629   1.14917853]]
[[  6.98630822 -27.39561769  -3.96295901]]
[[  5.38247422 -30.95413648  -5.81160038]]
[[ 16.51507552  13.55007517 -50.66594075]]
[[ 18.5678626   11.51108571  -9.68743669]]
[[ -2.20381912  19.0765169   -1.96783023]]
[[ -2.97062625  24.41138558   1.52922785]]
[[ 15.4675786   12.31583438 -49.88061765]]
[[ 16.82484396  12.85808941  -3.65360293]]
[[  6.40687086 -26.08906871  -2.99116631]]
[[  4.51905365 -29.90579635  -6.92847084]]
[[ 16.1562137  -20.84218968  17.44628192]]
[[ 12.52455757 -21.85802869  -0.03072421]]
[[ 0.13639763  1.1619765   0.58649392]]
[[  9.86009524e-04   1.10594745e+00   1.07422184e-01]]
[[-0.13458297 -0.37260453 -0.13669763]]
[[-0.07457937 -0.51904355  0.16288024]]
[[ 0.10949693  0.21479349 -0.01115408]]
[[ 0.10893349  0.22625562  0.0366675 ]]
[[ 0.26421814  0.57316292 -0.10650331]]
[[ 0.29577111  0.60778186  0.3710228 ]]
[[-0.59994137 -0.24474256 -0.81183652]]
[[-0.55381754 -0.99010948  0.6199194 ]]
[[  7.60853075 -23.58208447 -13.97175717]]
[[ -5.7805462    2.01000159  10.82522159]]
[[  5.27582574 -27.65515113  -5.92546839]]
[[  4.69138114 -26.10678118  15.35769011]]
[[ 31.78349351   6.24834537   4.6666367 ]]
[[ 52.99191571  17.55852448   8.5109615 ]]
[[ 11.54365872  26.78625041 -14.3621608 ]]
[[ 17.74867099  11.82497284 -62.56713111]]
[[ 27.83459878   7.33136864   2.74626544]]
[[ 47.73275113  16.57340803   6.90756376]]
[[  7.52426104 -27.70388224  -5.90625776]]
[[  7.0336141  -27.26620122  18.20824962]]
[[  8.17174719 -24.03580475 -13.87573893]]
[[ -5.95188737   1.76566065  11.06768976]]
[[ 0.10935478 -0.22546297 -0.88540756]]
[[ 0.24268067 -1.6939202   1.10883581]]
[[ 0.10109207  0.36991369 -0.18140211]]
[[ 0.13399637  0.37361797 -0.04706398]]
[[ 0.4734414   1.13721947 -0.15208796]]
[[ 0.70092302  0.94795004  0.82440068]]
[[-1.824948    1.92586104 -5.12335137]]
[[  0.54301595 -14.57784719   5.62465895]]
[[  9.24110545 -27.10975519 -17.01335543]]
[[ -4.57427692  -3.14221424  12.02001627]]
[[-34.35390911   2.96974826  39.15869962]]
[[ -6.14934045  12.65334185 -14.31529233]]
[[ 21.29815347   6.50120368   0.7534521 ]]
[[ 33.99542128  18.80577828   5.07996201]]
[[-29.44712878   3.28474593  37.31728873]]
[[ -3.95442875  11.51367873  -8.52038603]]
[[ 10.26626771 -29.22240896 -17.89062648]]
[[ -5.39251272  -1.1329198   11.85815299]]
[[-0.9752096   1.93983348 -5.69462964]]
[[  1.50197205 -15.4521584    6.69886772]]
[[-0.67456909 -0.34979072 -0.38063604]]
[[-0.44545484 -0.37488    -0.40508965]]
[[-2.67043171 -5.08819627  0.64187206]]
[[-3.39180834 -4.02670519 -1.4198732 ]]
[[ 0.93027591  2.82409482 -3.97256901]]
[[  3.10531969 -11.36289245   3.75505227]]
[[-2.05630337  9.51187263  9.05923176]]
[[ 5.0240878  -2.24235374 -6.30683569]]
[[-22.3755299    6.92068008  29.2949487 ]]
[[ -2.66184964  12.31391936 -12.98209605]]
[[-1.52183671  8.40657603  8.78922324]]
[[ 4.50746788 -0.80879818 -6.59792947]]
[[-0.18708114  2.77712649 -5.02129583]]
[[  2.46691069 -14.07852642   5.97144003]]
[[-3.57028508 -6.31110584  0.21841455]]
[[-4.33332808 -4.96178563 -1.37203722]]
[[-4.21842807 -7.43354837  0.23732322]]
[[-5.09358886 -5.98989766 -2.89116401]]
[[ 2.81311515 -0.30175312  1.87312388]]
[[ 1.84443069  5.9674737  -2.81293165]]
[[-1.98090191  9.89911471  8.43617797]]
[[ 3.73404421  1.44366713 -5.2743151 ]]
[[ 2.04789956 -0.2296899   1.62603447]]
[[ 1.39316019  4.50676714 -1.35000168]]
[[-3.80989221 -7.16333885  1.09056464]]
[[-4.94221321 -5.51224568 -0.92328451]]
[[-0.59521572  0.5407818  -0.59199454]]
[[-0.04242994  0.22479408 -0.62891321]]
[[ 0.88133885 -1.23500115  0.98264153]]
[[ 0.32251983  2.5543131  -1.04002114]]
[[-0.3687921   0.71137245  0.62011466]]
[[ 0.02407232  0.48992309  0.58469644]]
[[ 0.49539984  2.00042242 -0.13026596]]
[[ 0.97881622  1.683187    0.44429441]]
[[ 0.80892859  0.75933332 -0.25197794]]
[[ 2.08718355  1.72880342 -0.09751227]]
[[ 0.02459961  0.27479009 -0.09892593]]
[[ 3.59136372 -1.18612271  0.27357431]]
[[-4.81039411  0.77243414  3.3096194 ]]
[[-13.6952918    7.95637842   0.48459753]]
[[-0.47547212  0.04331847  1.90253308]]
[[ 4.38102756 -2.30756069 -3.29023726]]
[[ 2.16548615 -1.69364742 -1.81217301]]
[[-3.77483116 -1.44177503  4.77796279]]
[[-5.63827613 -0.66077459  4.59259064]]
[[-14.995515    10.67880413  -0.1800853 ]]
[[  1.55849331  10.70842564  -4.50833431]]
[[-9.4574408  -5.48610833 -2.49010199]]
[[-8.45086147 -1.03385985  7.70445904]]
[[-19.41908876  13.96080904  -5.19143709]]
[[ 1.04981066 -2.01674086  0.87981912]]
[[-1.76302705 -3.71313048  0.50263115]]
[[ 2.74139586 -0.96664843 -1.85137389]]
[[-5.14846006  2.1687083   3.09223705]]
[[ 24.52575446  -2.59238735 -11.22221835]]
[[ 50.36126302 -27.75255296   0.84858178]]
[[  1.19115515  10.30235838  -7.8492544 ]]
[[-12.8805272  -14.73177789  -7.96171875]]
[[ 31.53715782   3.05221135 -31.21330271]]
[[ 11.85871906  10.70904638  29.36145603]]
[[  0.28657206  11.96332463  -6.79615672]]
[[-13.01128347 -13.5823653   -3.90080989]]
[[ 18.19461205  -3.34022656  -5.89935371]]
[[ 39.21599548 -19.7044638   -4.52356279]]
[[ 2.32643879 -0.77072851 -2.85116222]]
[[-5.63149975  2.06677944  5.41385394]]
[[ 0.6126612   0.25860567 -0.33995122]]
[[-0.17068139  1.47197437 -0.43985892]]
[[ 22.83453469   0.14138803 -12.27121339]]
[[ 46.13975756 -28.96422568   1.78408207]]
[[ -1.69760638 -29.54805721   0.72552673]]
[[ 12.16574625 -19.41148284  -8.87521416]]
[[ 51.13831353  -2.30503127 -44.91743551]]
[[ 15.28650674  13.05884516  18.34860019]]
[[  4.25853292  10.19240813  11.17826389]]
[[ -7.50869182  16.89389689  -3.53597167]]
[[ 46.8259833   -1.19296791 -44.75445547]]
[[ 14.91347754  13.23139064  27.23505127]]
[[ -2.19340276 -25.65019303   1.72551468]]
[[ 10.3857076  -19.22502281  -4.94428821]]
[[ 22.39948496   0.08904656 -11.8117058 ]]
[[ 45.13875248 -27.58334797   4.17388513]]
[[ 0.14246123  0.50578632 -1.32055604]]
[[-0.70957969  1.17899277  1.46736727]]
[[ 0.4479461   0.20960849 -0.33408465]]
[[ 0.03739604  0.92278144  0.16781576]]
[[ 0.56258549  0.64498788 -2.18562402]]
[[ 0.37510688 -2.18289084  1.5490782 ]]
[[ -2.17472517 -22.44655278  -0.34962129]]
[[ 13.0822912  -3.0644358  -6.2839379]]
[[  0.32393811 -29.47534364  30.06533173]]
[[ 10.12570872 -22.33419333 -37.32965341]]
[[ 15.3131558   12.49640548  13.64934781]]
[[ 15.57365712   9.54142161   6.46565815]]
[[ 11.59129415  26.93266718  22.100325  ]]
[[ -2.60498178  15.98138765 -68.53058493]]
[[ 12.41306883  11.85741831  11.5991241 ]]
[[ 11.58377985  11.120181     5.20890081]]
[[ -0.24578248 -27.92226781  31.01488537]]
[[  9.73825759 -21.73662391 -33.91949183]]
[[ -2.02670388 -22.44096049  -0.81313402]]
[[ 13.1174893   -3.79829991  -6.22631159]]
[[ 0.34545597  0.47743246 -0.23270002]]
[[-0.26843625 -0.5650077   1.45401006]]
[[ 0.43753129  0.19175769 -0.15599107]]
[[ 0.03868747  0.88941914  0.20821745]]
[[ 0.89317905  0.61345391 -0.98877068]]
[[ 0.10595776  2.05010829  1.49196938]]
[[-26.05656825 -13.40402772  13.97489236]]
[[-29.58944635  23.86697957 -11.08641846]]
[[ -7.27964134 -27.36644608  -3.44076189]]
[[  6.02762435 -15.50551075  -9.48289309]]
[[ 27.00271995   6.44105012 -24.60022831]]
[[ 17.45718366  37.83763583  17.50735182]]
[[ 27.23707115  24.20022868  13.89845524]]
[[ 26.04453643   9.12500504  19.06005395]]
[[ 25.13992575   7.84540222  -8.75294102]]
[[ 16.16485705  35.28118023   3.62351023]]
[[ -6.2413905  -28.41248732  -2.00963544]]
[[  7.25829897 -14.74265899 -11.01971527]]
[[-26.1407346  -13.72317452  16.15557371]]
[[-29.73392465  24.81904994 -13.69894883]]
[[ 1.72072295  0.24531647  0.61325344]]
[[ 0.95396846  2.69861595 -0.29978988]]
[[ 13.34046184   0.55572706  -2.34218782]]
[[  5.44919013  16.94171467   1.82496064]]
[[-24.04909992 -15.87692364  18.75099659]]
[[-25.37026597  26.55958098 -18.27520898]]
[[-19.85559162  29.85024535   9.75918531]]
[[  2.03988857  16.88914359  -1.91021765]]
[[ 13.28381165   8.55621788 -24.60818242]]
[[  9.56630805  30.1952997   25.29208198]]
[[-16.83685145  26.78764083  10.22475734]]
[[  2.41323115  16.57670744  -4.47373008]]
[[-28.14158228 -16.9685181   18.74903569]]
[[-31.08982329  29.27416915 -12.8088828 ]]
[[ 14.34183175   0.10379669  -0.77131587]]
[[  6.45307592  17.93541275  -0.07417975]]
[[ 10.85246807  -1.22328675  -0.64958952]]
[[  6.12230434  12.01922073  -2.12220283]]
[[ 14.61179454   6.19668712  -7.97185984]]
[[ 17.30229442 -10.73336091  -1.1814653 ]]
[[-10.89914397  24.68800504   7.62398196]]
[[  2.03224603  14.85516403  -0.18735308]]
[[ 11.88270698   5.53725835  -8.25390793]]
[[ 13.4118467   -9.33828758   5.22748464]]
[[ 13.09238268  -0.66344647  -1.76494679]]
[[  6.34647035  15.56269881   1.40301985]]
[[-5.03710422 -0.78501246  0.70754254]]
[[-0.67392163 -6.0338487  -1.9290831 ]]
[[ 11.0170927    6.20173129  -8.46562369]]
[[ 11.37260831 -10.40098216   4.45859157]]
[[-3.81989774 -0.38397907 -0.07434112]]
[[-0.62944957 -4.07141809  1.37060171]]
[[-2.27370247  0.4008985  -0.3686311 ]]
[[-0.78207525 -1.33195328  0.62983167]]
[[-8.16403394  2.09359301 -2.85739634]]
[[-16.55980168  -8.13187821  -2.22813405]]
[[-11.92746658   1.11030332  -1.19077781]]
[[-19.44778319 -14.15787741  -3.64511337]]
[[ 6.18837673  6.13291399  2.66819727]]
[[ 11.83488093   2.60866291  -8.44548889]]
[[-16.51224598   2.04954464  -2.65021716]]
[[-24.87534101 -18.04811412  -1.18635776]]
[[ 35.22280585  -7.96219694   7.27497647]]
[[ 59.90712897  29.32557467   4.50591312]]
[[ 7.46067724  4.65958092 -2.57321041]]
[[ 22.21958727  -1.01506082  -5.99075267]]
[[ 9.18346757 -9.82440623 -6.4485638 ]]
[[-10.48966905   8.95348928  -9.89637628]]
[[ 8.83294727  5.96337336  1.54092327]]
[[ 21.54683366   1.19620852 -10.0036717 ]]
[[ 24.28304506  -6.38492886   5.25720673]]
[[ 45.88861101  18.87906364   7.30730389]]
[[ 37.11389191  -5.02177389   3.98074439]]
[[ 57.39878578  36.41600929   4.84428683]]
[[-12.46796843 -23.42171455 -16.524481  ]]
[[  9.81037672 -29.46462678  19.15842028]]
[[ 11.24272016 -18.82957115  -2.01151718]]
[[-18.46290686  10.14149208  -5.18051959]]
[[  0.74153949  12.36104521  47.35576057]]
[[-16.12918688  11.52231385 -62.31165133]]
[[ 10.468994   -16.87397542  -5.6561516 ]]
[[-17.06721086  10.92219686  -6.29613272]]
[[ -9.02830602 -20.22096497 -11.12991777]]
[[ 10.94477795 -23.86267854  13.22154055]]
[[ 35.43015934  -5.28991819   4.35321765]]
[[ 55.69766617  34.02081154   4.99508961]]
[[ 2.77608416  0.48366084 -0.71221449]]
[[ 1.27580242  4.261796   -0.23720109]]
[[-19.40181041 -19.49226335 -15.18268648]]
[[ -7.39516142 -26.74055056  17.29875553]]
[[ -8.06051525 -19.58589858   2.2980598 ]]
[[  7.81594083  -7.93671717  10.16540245]]
[[ 12.16322265   9.88924944  43.08439574]]
[[  3.11064177  19.53865671 -38.34941019]]
[[ 16.0800753   20.97084639   9.02919099]]
[[  2.91568152   1.78014682  25.81000528]]
[[  8.9896932   10.99892138  38.74141432]]
[[  0.2236917   18.48216591 -36.47996374]]
[[ -8.07890513 -18.48856189   1.90669085]]
[[  8.06928384  -7.950739    12.96305288]]
[[-19.09690616 -19.67865645 -13.92905251]]
[[ -7.04158875 -25.87297043  17.64380602]]
[[ 0.99807547  0.49493922 -1.11839201]]
[[ 0.22009348  1.75864579  0.0053065 ]]
[[ -4.56707793e+01  -3.79051046e-03   3.67267577e-01]]
[[-41.00120231 -43.57580914  -0.22232423]]
[[-15.2518217  -17.30351171  -3.1516982 ]]
[[ -0.04200167  -5.07102961 -12.68734334]]
[[  3.8737221   10.7864948   -8.40190802]]
[[-26.22045291  34.19871475   3.94254677]]
[[ 25.91446918   5.01439378  53.73472085]]
[[ 12.37350305  21.78858636  -1.19604966]]
[[  4.83603531  11.95781044  -7.52713381]]
[[-22.9414577   31.23934154  12.16515226]]
[[-16.6500681  -17.96865744  -4.13321885]]
[[-1.67251067 -4.71433565 -9.14552139]]
[[ -4.67945520e+01   2.69708668e-01   3.35870585e-02]]
[[-41.14958011 -44.83958648   0.72224699]]
[[ -4.81301204e+01  -1.84943825e+00  -8.14111560e-03]]
[[-37.97123516 -49.24115256   0.57474976]]
[[ 18.72371813  22.74148372 -28.53281647]]
[[  7.40617373 -38.90857451  42.72423956]]
[[ -0.96555515  13.63441      0.89086048]]
[[-18.08903995  26.76342949  -6.72165406]]
[[ 16.31696108  20.8773633  -28.57763588]]
[[  5.47336453 -35.20530552  43.05684524]]
[[-54.14767885  -2.04102542   1.09899195]]
[[-45.69863729 -54.59819265   0.14559535]]
[[ 23.02077674   1.05392062   0.77485437]]
[[ 22.58139499  24.24363674   3.53029121]]
[[ 15.20430512  17.82088073 -19.85680514]]
[[  4.4527104  -25.39774111  33.79384387]]
[[ 19.39100281   0.57821138   1.65580689]]
[[ 17.29261611  20.68413999   2.71781574]]
[[ 20.05302821   1.5760314   -0.02953915]]
[[ 16.11569382  22.70165361   1.58041404]]
[[-0.289618    1.63110725  8.0941599 ]]
[[ 17.22811976  -4.17644318  -0.05057107]]
[[ -0.81361411  -0.0913098   17.63104104]]
[[ 30.55449088  -4.84129866  -5.04231176]]
[[-18.1832127   -1.01610825   8.60391787]]
[[-24.00855812  19.45505877 -30.1595507 ]]
[[  0.34105143   0.86951405  11.85717223]]
[[ 30.19785922  -4.69271142  -2.692237  ]]
[[ 2.07648606 -8.96272141  8.18628101]]
[[  9.52400806  15.25981104 -14.0367573 ]]
[[-34.55971209  -5.68939836  25.50683099]]
[[-38.17784945  27.09906193 -38.05097319]]
[[ -1.14985185  12.53646124 -15.03857401]]
[[-10.75087276  -6.32365025  44.13180329]]
[[-31.12999443  -4.03841059  19.74580946]]
[[-35.72401651  25.04566394 -39.41546547]]
[[ 2.21820952 -7.66555139  5.02124739]]
[[ 11.24804468  12.05843471  -9.20985727]]
[[ 0.32806259 -5.93765191  7.72612284]]
[[-11.22192791  21.07312144 -15.11111413]]
[[-12.2307107  -15.14450531  -2.48452877]]
[[ -4.5999683  -12.95235659  29.65293821]]
[[  0.16839418   9.7901762  -33.45205836]]
[[-15.58868053  11.10472679  36.4281547 ]]
[[ 13.42393803  -0.49575711  27.82621129]]
[[  0.52384972   3.14978439  28.37620584]]
[[ -0.33837967  10.99389999 -27.35917556]]
[[-14.41887811   9.39744976  36.36076541]]
[[-10.97788425 -14.64482329  -4.19508583]]
[[ -3.62456942 -13.61300023  30.3852465 ]]
[[-0.26984958 -6.34215588  8.55356563]]
[[-11.20910117  19.58407653 -16.01489752]]
[[-12.71029483  -5.96341996  17.99387987]]
[[-5.64484006 -4.73359837 -1.42657023]]
[[-17.72284379  21.00016141   8.30497593]]
[[-45.46124061  24.27895926 -18.85384505]]
[[  3.63333851   3.73778838 -59.85012394]]
[[-13.25478506  19.73232454  23.36466099]]
[[-14.94920167  18.33576669   6.62190573]]
[[-41.4083239   22.12424265  -2.75095318]]
[[-14.55050977  -6.29625613  21.85617636]]
[[-8.68147838 -4.66269785  2.03949529]]
[[ 65.07318887   7.43915579 -10.01042976]]
[[ 28.28646491  64.21044874 -24.01804806]]
[[ -7.97135103  20.75813233   1.82361463]]
[[-27.84444656   9.03016474 -16.55895591]]
[[ 58.0224037    6.44761289  -2.45487187]]
[[ 23.50313794  58.24518097 -19.64540288]]
[[ 45.95885823   5.97440617  -9.86731   ]]
[[ 18.58656896  45.9803139  -15.73257559]]
[[-34.30030267   3.31869509  21.88781831]]
[[-29.77484592 -31.99975841  14.96417514]]
[[-57.39005032   5.44664611   7.78719026]]
[[-46.09147404 -47.17604336  24.81033267]]
[[ 0.26819731  0.28216979  6.63431328]]
[[ -1.20860662  12.69492823  38.45428464]]
[[-51.62456812   5.38173714  14.7878074 ]]
[[-42.71038053 -43.01437292  21.12537412]]
[[ -1.05796493  -5.55137891 -20.59244488]]
[[ -7.36222635   7.09615237 -15.76326432]]
[[-12.1617482    5.38285379  -0.72438053]]
[[-29.8968519   33.48344325  27.37141367]]
[[ -0.26190836  -6.70420156 -55.23654252]]
[[-7.42576096  1.52171856  3.42125688]]
[[-9.1979492   5.47643674  0.44601653]]
[[-24.61240136  29.01128056  26.76754113]]
[[  0.91703703  -5.54741476 -19.51774164]]
[[ -5.68241318   8.56306408 -16.34647174]]
[[-25.63246876  14.61951735   5.69128498]]
[[-41.88975635 -29.85244862   5.73799291]]
[[-18.81223366   4.11308081 -26.28737755]]
[[-37.37700456  14.043355    37.17718614]]
[[-22.67156095  11.77132812  -1.44602849]]
[[-38.73353606 -27.7849531    0.12120382]]
[[ -3.60899263  13.16577876   8.44101583]]
[[-19.971357    -5.86835006  12.38426463]]
[[-11.29890311  -4.46981668 -37.10060536]]
[[ -1.92644434 -24.25595489 -29.00120093]]
[[-32.61169773  -2.16537642  -6.55908403]]
[[-39.35911177 -46.73060802 -39.41022239]]
[[-14.64557624  -2.91674443 -24.63840627]]
[[-16.60322302   8.98020243  12.43366275]]
[[-26.68520029  -1.72627399 -11.1745187 ]]
[[-31.66269249 -39.55740468 -33.08966009]]
[[-24.45632086  -3.55566852  39.10759524]]
[[-44.21801421 -34.79730319 -69.70048316]]
[[-22.40232862  -6.75046505  59.345347  ]]
[[-24.60404065 -27.43744609 -54.79453296]]
