[[ 0.0022876   0.02672301 -0.04342851]]
[[-0.00311586  0.00505132 -0.00874943]]
[[ -6.22882858e-03   1.58613953e-03   3.86109812e-05]]
[[-0.00893613  0.01677192 -0.07743182]]
[[ 0.0283468   0.04433496 -0.10882551]]
[[ 0.08380276  0.15455621  0.01616533]]
[[-0.01360624 -0.01528013  0.01857353]]
[[ 0.02766991  0.0726265   0.0935093 ]]
[[-0.00453428  0.01163241 -0.00387116]]
[[-0.00118378  0.00922979  0.00291528]]
[[-0.00138882  0.01781135  0.01194736]]
[[-0.00816189 -0.00604901 -0.01591853]]
[[ -1.31339950e-03   3.24102679e-04  -9.14507150e-05]]
[[-0.0012834   0.00110249 -0.00070321]]
[[-0.0025315   0.00797911 -0.00724313]]
[[ 0.0605071   0.06741433  0.03642063]]
[[ 0.03804789  0.03688785  0.02916624]]
[[ 0.000134    0.00359434  0.00047569]]
[[-0.01438435  0.00921453  0.09523695]]
[[ 0.00161739  0.00971872 -0.00868275]]
[[ 0.00591045  0.03579428  0.00303353]]
[[-0.03064888 -0.02300912  0.02948029]]
[[-0.00043875  0.00274567  0.00206215]]
[[-0.0065591   0.00140346  0.00840275]]
[[-0.00178125  0.0164863   0.01848963]]
[[ 0.00457218 -0.00901488 -0.00204471]]
[[-0.00592654  0.00938331  0.00367683]]
[[ -4.57651911e-04   1.87561863e-03  -4.82013679e-05]]
[[-0.01427414 -0.01508689 -0.02636851]]
[[-0.00430185  0.00448365  0.00018203]]
[[ 0.01925957  0.02678219 -0.03616109]]
[[-0.00046062 -0.01143953 -0.00748662]]
[[-0.00148597  0.00961041  0.00814657]]
[[-0.00063543  0.00112828 -0.00013784]]
[[ 0.0190738   0.01553016 -0.00688405]]
[[-0.00128083  0.00014245  0.00189169]]
[[ 0.03312562 -0.01825609  0.0481247 ]]
[[ 0.0223557   0.01816365  0.05492583]]
[[ 0.05329225  0.00774126  0.03532895]]
[[ 0.04863814  0.0224031   0.01089043]]
[[ 0.05946102  0.01868535 -0.01516118]]
[[ 0.0516223   0.02685394 -0.04179587]]
[[ 0.05142511 -0.01641395 -0.02366749]]
[[ 0.0276383  -0.00428115 -0.00425047]]
[[ 0.04324584 -0.03053687  0.02388613]]
[[ 0.01593241 -0.03154024  0.04127742]]
[[ 0.01648089 -0.03750913  0.04400628]]
[[-0.00502447  0.00669796  0.01469357]]
[[-0.0011852   0.00963884  0.00071833]]
[[ 0.00010603  0.00675294  0.0021594 ]]
[[ 0.00104019  0.00447523  0.00443321]]
[[ 0.00447266 -0.01049574 -0.00046686]]
[[ 0.0055348  -0.01662244 -0.00245976]]
[[-0.00371992 -0.0196732   0.02040978]]
[[ 0.0626572   0.02737649 -0.05974219]]
[[ 0.03190311 -0.00271373 -0.04979949]]
[[ 0.04080481 -0.00149449 -0.0482269 ]]
[[ 0.04147188  0.03740242 -0.0815003 ]]
[[ 0.00432846 -0.01127429  0.0008528 ]]
[[ 0.02243674 -0.01881227 -0.05948652]]
[[ 0.05115385  0.00129832 -0.07828783]]
[[-0.00162743  0.0055338   0.00637702]]
[[ 0.01225604 -0.01336183 -0.03891895]]
[[ 0.00303293 -0.01411127 -0.00062944]]
[[ 0.01370288  0.03729109 -0.0621312 ]]
[[ 0.01171557 -0.02500747 -0.03340029]]
[[ 0.02505095 -0.0140659  -0.0422837 ]]
[[-0.00386408  0.00792939  0.00435548]]
[[ 0.01339907 -0.01305992 -0.01302175]]
[[ 0.0023724  -0.01339364 -0.00160544]]
[[-0.00083057  0.01090395 -0.00851471]]
[[ 0.0047086  -0.00294467 -0.01024528]]
