[[-0.20592861  0.02482181  0.05424118]]
[[-0.32661617 -0.00231326  0.06663574]]
[[-0.16310293  0.00352629  0.00741539]]
[[-0.25734498  0.06697169  0.0607306 ]]
[[-0.15684465  0.02537553  0.08597185]]
[[ 0.03226419  0.09393382  0.00395852]]
[[-0.3390076  -0.14720628  0.03524111]]
[[-0.17016054 -0.04075054 -0.01747834]]
[[-0.53049554 -0.11709635  0.07535861]]
[[-0.15756719 -0.00064476  0.08153311]]
[[-0.06578385 -0.00559149 -0.02726375]]
[[ -2.43756747e-01   1.72447422e-04   3.04070472e-02]]
[[-0.37535354 -0.01759552  0.07064819]]
[[-0.20274661  0.0326005   0.07113762]]
[[-0.0777922   0.01248165  0.0758904 ]]
[[-0.00236956  0.04180813 -0.019548  ]]
[[ 0.05256553  0.0813665  -0.01151909]]
[[-0.0008484   0.06279328  0.03225134]]
[[ 0.01967501  0.07567933  0.01439513]]
[[-0.20354011 -0.27413029 -0.01871766]]
[[-0.0893151  -0.11600069 -0.0597122 ]]
[[-0.5133495  -0.37494397  0.01562202]]
[[-0.08639386 -0.07275316  0.05268514]]
[[-0.03536651 -0.02453759 -0.0467398 ]]
[[-0.28577105 -0.12955988 -0.00101433]]
[[-0.7597937  -0.38936167  0.06618803]]
[[-0.24857546 -0.08576973  0.06125114]]
[[-0.03624769 -0.00215193  0.05512052]]
[[-0.01359314 -0.00503488 -0.03181884]]
[[-0.10231076 -0.00844006 -0.00602517]]
[[-0.35738489 -0.0897841   0.03474608]]
[[-0.39637075 -0.15114535  0.042624  ]]
[[-0.29198214 -0.04703502  0.08156288]]
[[-0.09599547  0.0070501   0.05417461]]
[[-0.01392076  0.0078569   0.04901328]]
[[ 0.00450968  0.01287617 -0.03260809]]
[[-0.01663961 -0.00600931 -0.03098835]]
[[ 0.0312934   0.08019835  0.00639614]]
[[ 0.00327133  0.01783762  0.00852203]]
[[-0.00040564  0.02973169  0.04531726]]
[[-0.03127892  0.01620683 -0.00789043]]
[[ 0.06714935  0.08786362 -0.00438056]]
[[-0.04284291  0.03030515  0.04311658]]
[[-0.01531519  0.05661739  0.01539742]]
[[-0.07310361 -0.26872295 -0.03818313]]
[[-0.01932296 -0.14685702 -0.07580435]]
[[-0.23172432 -0.40802766 -0.04049312]]
[[-0.02547262 -0.1081196   0.02562499]]
[[-0.0125947  -0.04714334 -0.05651726]]
[[-0.10685377 -0.21303034 -0.05826068]]
[[-0.60660479 -0.55868148 -0.0040088 ]]
[[-0.09539334 -0.1758335   0.00966705]]
[[-0.01350361 -0.02303189  0.04251725]]
[[-0.00450735 -0.01157829 -0.0363149 ]]
[[-0.05365662 -0.04839422 -0.03361137]]
[[-0.3810963  -0.28762454 -0.01482549]]
[[-0.75181602 -0.49082184  0.04537168]]
[[-0.33331814 -0.23918835  0.04918351]]
[[-0.04324108 -0.03233922  0.03407609]]
[[-0.00068379  0.00618596  0.03633557]]
[[-0.00438465 -0.0045986  -0.02533567]]
[[-0.01482586 -0.0060682  -0.0204257 ]]
[[-0.1415142  -0.0458197  -0.00633452]]
[[-0.31375132 -0.15524676  0.00427825]]
[[-0.23765647 -0.16067147  0.00517628]]
[[-0.23056275 -0.10488896  0.05121285]]
[[-0.1283953  -0.02963458  0.06240649]]
[[ 0.00085043  0.00693132  0.02611906]]
[[-0.00292768  0.00467911  0.03068972]]
[[-0.00378748 -0.00218138 -0.02917103]]
[[ 0.00884631 -0.01106614 -0.04010706]]
[[-0.0208904   0.01269054 -0.01949389]]
[[ 0.15916852  0.14257563  0.00017716]]
[[ 0.01470104  0.04556566  0.02850751]]
[[ 0.01545632  0.00132596  0.01847977]]
[[-0.00343985  0.01147833  0.0399951 ]]
[[-0.01632789 -0.00047945 -0.02898404]]
[[-0.02510275  0.01228035 -0.01925568]]
[[ 0.15143954  0.21854272  0.02108948]]
[[-0.02653717  0.02746289  0.02471623]]
[[-0.02388094  0.01456208  0.05018171]]
[[-0.03858697  0.01240333 -0.01726407]]
[[ 0.04987863  0.13293249  0.00652435]]
[[-0.05364007  0.02608951  0.04282763]]
[[-0.029197    0.07662397  0.0149627 ]]
[[-0.02185304 -0.21644408 -0.04479218]]
[[-0.00162758 -0.14669469 -0.08201884]]
[[-0.04152462 -0.28407912 -0.04704985]]
[[-0.00767112 -0.10409321  0.01001269]]
[[-0.00323217 -0.08193013 -0.07428069]]
[[ 0.00617458 -0.17471433 -0.06568809]]
[[-0.18158362 -0.40493308 -0.05499447]]
[[ 0.00091233 -0.14461783 -0.01002604]]
[[-0.00713093 -0.0446515   0.02920559]]
[[-0.00032159 -0.02842461 -0.05048653]]
[[-0.00902955 -0.09191785 -0.05279369]]
[[-0.07049085 -0.25108996 -0.07784013]]
[[-0.40761071 -0.43177278 -0.01500929]]
[[-0.06175335 -0.21609314 -0.01533444]]
[[-0.0042451  -0.06734814  0.0097618 ]]
[[-0.00194087 -0.00165716  0.03363545]]
[[-0.00019629 -0.01244606 -0.03230747]]
[[-0.0061582  -0.01735356 -0.02742188]]
[[-0.06223644 -0.12092264 -0.05535439]]
[[-0.22139451 -0.22561527 -0.03020231]]
[[-0.4576854  -0.27817206  0.03872747]]
[[-0.17357533 -0.17774573  0.02703475]]
[[-0.04901266 -0.09584778  0.01632013]]
[[ 0.00492497  0.00255965  0.02165991]]
[[-0.00091183  0.00469913  0.02729363]]
[[ 0.00109005 -0.00510452 -0.02485712]]
[[-0.00527124 -0.00658258 -0.01560268]]
[[-0.01023906 -0.01124466 -0.02714346]]
[[-0.00937285 -0.01250731 -0.03612132]]
[[-0.04489074 -0.02886063 -0.02390013]]
[[  1.69064418e-14   1.00260982e-14  -1.42198930e-15]]
[[ 0.04489074  0.02886063  0.02390013]]
[[ 0.00937285  0.01250731  0.03612132]]
[[ 0.01023906  0.01124466  0.02714346]]
[[ 0.00527124  0.00658258  0.01560268]]
[[-0.00109005  0.00510452  0.02485712]]
[[ 0.00091183 -0.00469913 -0.02729363]]
[[-0.00492497 -0.00255965 -0.02165991]]
[[ 0.04901266  0.09584778 -0.01632013]]
[[ 0.17357533  0.17774573 -0.02703475]]
[[ 0.4576854   0.27817206 -0.03872747]]
[[ 0.22139451  0.22561527  0.03020231]]
[[ 0.06223644  0.12092264  0.05535439]]
[[ 0.0061582   0.01735356  0.02742188]]
[[ 0.00019629  0.01244606  0.03230747]]
[[ 0.00194087  0.00165716 -0.03363545]]
[[ 0.0042451   0.06734814 -0.0097618 ]]
[[ 0.06175335  0.21609314  0.01533444]]
[[ 0.40761071  0.43177278  0.01500929]]
[[ 0.07049085  0.25108996  0.07784013]]
[[ 0.00902955  0.09191785  0.05279369]]
[[ 0.00032159  0.02842461  0.05048653]]
[[ 0.00713093  0.0446515  -0.02920559]]
[[-0.00091233  0.14461783  0.01002604]]
[[ 0.18158362  0.40493308  0.05499447]]
[[-0.00617458  0.17471433  0.06568809]]
[[ 0.00323217  0.08193013  0.07428069]]
[[ 0.00767112  0.10409321 -0.01001269]]
[[ 0.04152462  0.28407912  0.04704985]]
[[ 0.00162758  0.14669469  0.08201884]]
[[ 0.02185304  0.21644408  0.04479218]]
[[ 0.029197   -0.07662397 -0.0149627 ]]
[[ 0.05364007 -0.02608951 -0.04282763]]
[[-0.04987863 -0.13293249 -0.00652435]]
[[ 0.03858697 -0.01240333  0.01726407]]
[[ 0.02388094 -0.01456208 -0.05018171]]
[[ 0.02653717 -0.02746289 -0.02471623]]
[[-0.15143954 -0.21854272 -0.02108948]]
[[ 0.02510275 -0.01228035  0.01925568]]
[[ 0.01632789  0.00047945  0.02898404]]
[[ 0.00343985 -0.01147833 -0.0399951 ]]
[[-0.01545632 -0.00132596 -0.01847977]]
[[-0.01470104 -0.04556566 -0.02850751]]
[[-0.15916852 -0.14257563 -0.00017716]]
[[ 0.0208904  -0.01269054  0.01949389]]
[[-0.00884631  0.01106614  0.04010706]]
[[ 0.00378748  0.00218138  0.02917103]]
[[ 0.00292768 -0.00467911 -0.03068972]]
[[-0.00085043 -0.00693132 -0.02611906]]
[[ 0.1283953   0.02963458 -0.06240649]]
[[ 0.23056275  0.10488896 -0.05121285]]
[[ 0.23765647  0.16067147 -0.00517628]]
[[ 0.31375132  0.15524676 -0.00427825]]
[[ 0.1415142   0.0458197   0.00633452]]
[[ 0.01482586  0.0060682   0.0204257 ]]
[[ 0.00438465  0.0045986   0.02533567]]
[[ 0.00068379 -0.00618596 -0.03633557]]
[[ 0.04324108  0.03233922 -0.03407609]]
[[ 0.33331814  0.23918835 -0.04918351]]
[[ 0.75181602  0.49082184 -0.04537168]]
[[ 0.3810963   0.28762454  0.01482549]]
[[ 0.05365662  0.04839422  0.03361137]]
[[ 0.00450735  0.01157829  0.0363149 ]]
[[ 0.01350361  0.02303189 -0.04251725]]
[[ 0.09539334  0.1758335  -0.00966705]]
[[ 0.60660479  0.55868148  0.0040088 ]]
[[ 0.10685377  0.21303034  0.05826068]]
[[ 0.0125947   0.04714334  0.05651726]]
[[ 0.02547262  0.1081196  -0.02562499]]
[[ 0.23172432  0.40802766  0.04049312]]
[[ 0.01932296  0.14685702  0.07580435]]
[[ 0.07310361  0.26872295  0.03818313]]
[[ 0.01531519 -0.05661739 -0.01539742]]
[[ 0.04284291 -0.03030515 -0.04311658]]
[[-0.06714935 -0.08786362  0.00438056]]
[[ 0.03127892 -0.01620683  0.00789043]]
[[ 0.00040564 -0.02973169 -0.04531726]]
[[-0.00327133 -0.01783762 -0.00852203]]
[[-0.0312934  -0.08019835 -0.00639614]]
[[ 0.01663961  0.00600931  0.03098835]]
[[-0.00450968 -0.01287617  0.03260809]]
[[ 0.01392076 -0.0078569  -0.04901328]]
[[ 0.09599547 -0.0070501  -0.05417461]]
[[ 0.29198214  0.04703502 -0.08156288]]
[[ 0.39637075  0.15114535 -0.042624  ]]
[[ 0.35738489  0.0897841  -0.03474608]]
[[ 0.10231076  0.00844006  0.00602517]]
[[ 0.01359314  0.00503488  0.03181884]]
[[ 0.03624769  0.00215193 -0.05512052]]
[[ 0.24857546  0.08576973 -0.06125114]]
[[ 0.7597937   0.38936167 -0.06618803]]
[[ 0.28577105  0.12955988  0.00101433]]
[[ 0.03536651  0.02453759  0.0467398 ]]
[[ 0.08639386  0.07275316 -0.05268514]]
[[ 0.5133495   0.37494397 -0.01562202]]
[[ 0.0893151   0.11600069  0.0597122 ]]
[[ 0.20354011  0.27413029  0.01871766]]
[[-0.01967501 -0.07567933 -0.01439513]]
[[ 0.0008484  -0.06279328 -0.03225134]]
[[-0.05256553 -0.0813665   0.01151909]]
[[ 0.00236956 -0.04180813  0.019548  ]]
[[ 0.0777922  -0.01248165 -0.0758904 ]]
[[ 0.20274661 -0.0326005  -0.07113762]]
[[ 0.37535354  0.01759552 -0.07064819]]
[[  2.43756747e-01  -1.72447422e-04  -3.04070472e-02]]
[[ 0.06578385  0.00559149  0.02726375]]
[[ 0.15756719  0.00064476 -0.08153311]]
[[ 0.53049554  0.11709635 -0.07535861]]
[[ 0.17016054  0.04075054  0.01747834]]
[[ 0.3390076   0.14720628 -0.03524111]]
[[-0.03226419 -0.09393382 -0.00395852]]
[[ 0.15684465 -0.02537553 -0.08597185]]
[[ 0.25734498 -0.06697169 -0.0607306 ]]
[[ 0.16310293 -0.00352629 -0.00741539]]
[[ 0.32661617  0.00231326 -0.06663574]]
[[ 0.20592861 -0.02482181 -0.05424118]]
