[[ 1.36045064  0.95669869  0.23164686]]
[[ 0.4994301   1.42303216 -1.09528627]]
[[-1.72207336 -0.78918141 -0.08396182]]
[[ 1.3123829  -2.42495969  0.10106613]]
[[-0.07486655 -0.07737292 -0.06290252]]
[[-0.06535449 -0.0805     -0.13772582]]
[[ 4.51358816  1.16510685  1.46156819]]
[[ 4.82373997 -0.09729318 -0.65114378]]
[[-0.0565538  -0.05261408  0.07457419]]
[[-0.05746423 -0.0374101   0.10210069]]
[[ 1.20161365 -1.00823255  0.96955651]]
[[-1.03230892  0.97007496 -0.40445089]]
[[ 5.92078287  0.85974209 -2.53410151]]
[[ 3.94337231  4.50784512  2.79988147]]
