[[-0.0202272  -0.00875016 -0.0149364 ]]
[[-0.00460851 -0.00138046 -0.01465505]]
[[-0.01335553 -0.01324238 -0.01157867]]
[[-0.026891   -0.00967925 -0.03404565]]
[[ 0.00384694  0.01438739 -0.04145045]]
[[ 0.02198898  0.04387595 -0.0070429 ]]
[[ 0.00379782  0.01362913 -0.00516824]]
[[ 0.01204859  0.0302781   0.01029798]]
[[  6.32471763e-05   1.23675878e-02  -4.67297618e-03]]
[[-0.00158944  0.00389762 -0.0130568 ]]
[[-0.00357236  0.00341995 -0.01180497]]
[[-0.0070138  -0.00243857 -0.00567862]]
[[-0.0025875  -0.00289634 -0.00161371]]
[[-0.00307175 -0.00215203  0.00155027]]
[[-0.01452337 -0.00091992 -0.01653119]]
[[ 0.02100762  0.02227326  0.00537471]]
[[ 0.01166935  0.01418106  0.01284585]]
[[-0.00138484 -0.00062085 -0.00121711]]
[[-0.00116655  0.01022779  0.00768168]]
[[-0.00249607  0.0036998  -0.00498353]]
[[-0.00154021  0.01073503 -0.00020049]]
[[ 0.00444797  0.01711765  0.00994741]]
[[-0.00089238  0.0002537  -0.00062186]]
[[-0.0036478   0.00237397 -0.00054825]]
[[-0.00264073  0.00456634  0.00902701]]
[[ 0.00896485  0.00886366  0.00653348]]
[[-0.00288822  0.00545622  0.00080357]]
[[-0.00093679  0.00017851 -0.00040193]]
[[-0.00141926  0.00340382  0.00491275]]
[[ -4.61097381e-03   4.33106446e-04   9.38841112e-07]]
[[-0.002189    0.00283232  0.00292909]]
[[ 0.00118379  0.00097809  0.00479206]]
[[-0.00394108  0.00193631  0.00052446]]
[[-0.00125945 -0.0004533  -0.00063783]]
[[ 0.0011448   0.00042322  0.00198584]]
[[ -1.39916151e-03  -1.93648714e-05  -4.69551731e-05]]
[[ 0.02142971  0.00015925  0.02056431]]
[[ 0.015256    0.014755    0.02103679]]
[[ 0.02904741  0.0037245   0.015687  ]]
[[ 0.02144431  0.01751938  0.01212329]]
[[ 0.03077694  0.00329297  0.00507108]]
[[ 0.02347249  0.01725427  0.0028928 ]]
[[ 0.02164338 -0.01174241 -0.0022761 ]]
[[ 0.01313783 -0.01210394  0.00124762]]
[[ 0.02021963 -0.012728    0.00804783]]
[[ 0.0102228  -0.01570512  0.01035025]]
[[ 0.01408475 -0.01287839  0.01250027]]
[[ 0.00063345  0.00331726  0.00682132]]
[[-0.00066086  0.00605195  0.00248688]]
[[-0.00012501  0.00620255  0.00175173]]
[[ 0.00070352  0.00588246  0.0009457 ]]
[[ 0.00291819 -0.00644956 -0.00054591]]
[[ 0.00255463 -0.00715331  0.00027114]]
[[ 0.00075879 -0.00542493  0.0057843 ]]
[[ 0.03438568  0.00477076 -0.00382064]]
[[ 0.01143583 -0.01104418 -0.00875237]]
[[ 0.01981474 -0.01193529 -0.00898334]]
[[ 0.0228144   0.0168803  -0.00813521]]
[[ 0.00293747 -0.00581792 -0.0013642 ]]
[[ 0.00983027 -0.00983896 -0.01392616]]
[[ 0.02854645  0.00479932 -0.01437325]]
[[  9.88465538e-04   5.35021470e-03   2.04643099e-05]]
[[ 0.01225677 -0.0087851  -0.01041501]]
[[ 0.00234171 -0.0052366  -0.00164982]]
[[ 0.01101316  0.01354463 -0.01383028]]
[[ 0.00967555 -0.00611107 -0.00986506]]
[[ 0.01335869  0.00442054 -0.01129544]]
[[ 0.00036085  0.0047419  -0.00057238]]
[[  1.24277720e-02   1.81551434e-05  -6.04784006e-03]]
[[ 0.00237779 -0.00411067 -0.0011278 ]]
[[ 0.00162212  0.00446305 -0.0042983 ]]
[[ 0.00398039 -0.00071886 -0.00422403]]
