[[-6.37947922 -0.53177221  1.81868001]]
[[-0.23046927  1.33074834 -0.7908866 ]]
[[ 0.60560178  0.34534922 -0.36508176]]
[[ 0.37146309  0.79636374  0.48791684]]
[[-0.04453843 -0.11740415 -0.14674662]]
[[-0.0435523  -0.11506207 -0.23986526]]
[[-1.83557512  0.12984699 -0.74095812]]
[[-0.06896048 -0.7335975   0.78053276]]
[[ 0.0086312  -0.03409554  0.23780997]]
[[-0.01178519  0.0053274   0.20851059]]
[[ 0.70664605  1.60071034 -0.21186635]]
[[ 0.88118567  1.48933599  0.43112292]]
[[ 4.85089887  2.71131638 -0.89131858]]
[[ 2.20043399  4.5556145   0.94721809]]
