c\b	mol	0	1	2	3	4	5	6
0	0	[]	[]	[]	[]	[]	[]	[]
0	1	[]	[]	[]	[]	[]	[]	[]
0	2	[]	[]	[]	[]	[]	[]	[]
0	3	[]	[]	[]	[]	[]	[]	[]
1	0	[]	[]	[]	[]	[]	[]	[]
1	1	[]	[]	[]	[]	[]	[]	[]
1	2	[]	[]	[]	[]	[]	[]	[]
1	3	[]	[]	[]	[]	[]	[]	[]
2	0	[]	[]	[]	[]	[]	[]	[]
2	1	[]	[]	[]	[]	[]	[]	[]
2	2	[]	[]	[]	[]	[]	[]	[]
2	3	[]	[]	[]	[]	[]	[]	[]
3	0	[]	[]	[]	2.44274880118	[]	[]	[]
3	1	[]	[]	[]	1.29822311861	[]	[]	[]
3	2	[]	[]	[]	1.40419292113	[]	[]	[]
3	3	[]	[]	[]	2.11896549598	[]	[]	[]
4	0	[]	[]	[]	[]	[]	[]	[]
4	1	[]	[]	[]	[]	[]	[]	[]
4	2	[]	[]	[]	[]	[]	[]	[]
4	3	[]	[]	[]	[]	[]	[]	[]
5	0	[]	[]	[]	[]	[]	[]	[]
5	1	[]	[]	[]	[]	[]	[]	[]
5	2	[]	[]	[]	[]	[]	[]	[]
5	3	[]	[]	[]	[]	[]	[]	[]
6	0	[]	[]	[]	[]	[]	[]	[]
6	1	[]	[]	[]	[]	[]	[]	[]
6	2	[]	[]	[]	[]	[]	[]	[]
6	3	[]	[]	[]	[]	[]	[]	[]