[[-0.0369001  -0.0352944   0.01409663]]
[[ 0.05374618 -0.01156728  0.06430921]]
[[ 0.03317289  0.02337319  0.05121576]]
[[-0.04792237  0.03200643  0.02074467]]
[[-0.12972985 -0.03236754  0.01094599]]
[[ 0.10777509 -0.06414012  0.0458183 ]]
[[ 0.05041359  0.1527405   0.13270211]]
[[-0.27817309  0.20579846 -0.03310291]]
[[-0.10361466 -0.09093107  0.10103163]]
[[ 0.17665003 -0.05063679  0.24433201]]
[[-0.23809872  0.11521585  0.07793578]]
[[ 0.1524621   0.0409625   0.01321599]]
[[ 0.0387993  -0.10776721  0.04188189]]
[[-0.04444641 -0.02143177  0.07487485]]
[[ 0.04909916  0.28734079  0.34262962]]
[[-0.24424893  0.38771094  0.07476627]]
[[-0.13354916  0.04497488  0.06000447]]
[[ 0.08360669 -0.05811114  0.01141073]]
[[ 0.1870422   0.22376592 -0.02373672]]
[[-0.18887188 -0.01967433  0.25813873]]
[[-0.15337155 -0.16703515  0.0767707 ]]
[[ 0.24619388 -0.0617097   0.28917707]]
[[ 0.45700341  0.18445535  0.23339907]]
[[-0.41617114  0.21981628  0.0696547 ]]
[[-9.16854662 -2.89996661  0.70258183]]
[[ 12.79210156  -2.8620903    4.47950302]]
[[-0.42306254 -0.19855601 -0.62774376]]
[[ 0.54011856 -0.12050792 -0.47489428]]
[[ 5.76581006 -0.23892376 -0.42545766]]
[[-5.94741975 -0.36338058  0.67258146]]
[[-0.47337517  0.03297601 -0.25840683]]
[[ 0.35563028  0.08046914 -0.26246768]]
[[-4.24318172 -9.21096126 -2.14253863]]
[[-3.74602898 -4.54279854  6.00958047]]
[[ 0.40238895  0.26554204  0.10230601]]
[[-0.63905864  0.09196224 -0.04050376]]
[[-5.95195637  2.66510594  6.19214557]]
[[ 9.99968051 -7.07664826 -0.52549066]]
[[ 0.03004468  0.12792976  0.11022096]]
[[ 0.56336172  0.20977416  0.20565832]]
[[ 0.97321416 -1.45716294 -1.59595888]]
[[ 0.01301927  1.06801991  1.74401175]]
[[-0.04876105  0.11497859  0.15030007]]
[[ 0.00148759  0.22459121 -0.01855189]]
[[-4.09895793 -1.07115033  1.43003717]]
[[ 1.53478131 -2.69809033  1.21403258]]
[[ 0.25245242  0.10218454 -0.01217771]]
[[-0.29884627  0.11107379 -0.06311399]]
[[ 1.28100025 -4.61355186 -0.17325762]]
[[ 6.39480169  1.1605292   1.17384839]]
[[ 0.00443302  0.17497017  0.02351613]]
[[ 0.32496591  0.0407955   0.05388149]]
[[ 0.11581807  0.03499501 -1.52916381]]
[[-5.51343562  0.01090056 -0.72782591]]
[[-0.01155544  0.21643702  0.3033172 ]]
[[-0.25365098  0.38259283  0.0687993 ]]
[[ 0.67195709 -0.52140089  2.3149731 ]]
[[ 1.26195859 -1.93951491  1.1218595 ]]
[[ 0.37967895  0.08869244 -0.08439563]]
[[-0.22216031 -0.09103394  0.11231128]]
[[ 0.2106126  -0.39524823  1.63039136]]
[[-0.22159617 -1.49150864  2.26787285]]
[[-0.08329619  0.04557943  0.11169789]]
[[ 0.19208897  0.09270264 -0.14872106]]
[[ 0.40913956 -3.01491877  0.18959753]]
[[-1.31647297  0.26964528  1.96475866]]
[[-0.0488479   0.32918692  0.22201736]]
[[-0.30122994  0.27939401  0.06637356]]
[[-2.91652467  1.70003259  0.34283618]]
[[ 3.35210601 -0.55547446 -1.81959743]]
[[ 0.44229968  0.18107768 -0.0264184 ]]
[[-0.15263875  0.05088947  0.19921643]]
[[-1.80371237 -1.49119109  2.05152435]]
[[ 3.41106721 -1.33297557  3.67612755]]
[[ 0.21948871  0.05797994  0.00516221]]
[[-0.1791014   0.0845913  -0.05891314]]
[[-0.02553915 -0.01982923 -0.00695973]]
[[ 0.09672468 -0.01320677  0.01615194]]
[[ 0.01396274  0.00657797  0.01105828]]
[[ 0.01873922  0.01187991  0.00325225]]
[[-0.01510741 -0.02497185  0.06438254]]
[[ 0.11175746 -0.02405375  0.10120941]]
[[-0.01524597  0.00808648 -0.00372301]]
[[ 0.02828752 -0.00313668  0.00481629]]
[[ 0.03237477 -0.05700338  0.01889911]]
[[-0.04521895  0.00694143  0.03785215]]
[[ 0.00882897  0.0130848   0.02272187]]
[[-0.02109115  0.02809354  0.00611121]]
[[-0.04135275  0.02486893  0.00857882]]
[[ 0.09175954 -0.00914156 -0.00592497]]
[[ 0.02542929 -0.00146019 -0.01344797]]
[[ 0.0111629  -0.0054106   0.00083053]]
[[-0.01330203 -0.07191274  0.05404761]]
[[ 0.12133592 -0.0292338   0.12763782]]
[[ 0.04431219  0.00288788  0.01295317]]
[[-0.01639424  0.01621172 -0.00450888]]
[[ 0.02022408  0.00414659 -0.00142189]]
[[-0.00656956  0.00329285 -0.01182727]]
[[-0.00080544 -0.00428041 -0.00774316]]
[[ 0.01128459 -0.0021054  -0.00605213]]
