[[-1.47405054 -4.54005344  6.17558144]]
[[-1.14673826 -0.88051924 -1.76285683]]
[[ 4.00699066  4.30119492 -3.82016598]]
[[ 1.65990386  0.05518219  1.43653704]]
[[ 0.26362907  0.80547765  3.01784322]]
[[ 0.54954756  0.17801792 -1.87417397]]
[[-0.30756282 -2.27014348  7.7412258 ]]
[[ 2.02814574 -3.51799913 -3.51797389]]
[[ 0.52300278  0.37851089  1.73538049]]
[[ 0.31440396  0.19635492 -0.70412476]]
[[-5.31749572 -2.05794172  0.37527338]]
[[-2.5945487  -4.74733497 -2.78234376]]
[[-1.60517702  0.96093917 -1.43481269]]
[[ 0.22803507 -0.89018991 -0.14179144]]
[[ 0.10314878  1.29560228 -0.62544364]]
[[ 0.30884761  0.40202632  0.27955691]]
[[-0.39115899 -0.88547476  0.83353777]]
[[-2.33342046 -0.44888241  5.36381564]]
[[ 0.36131488  0.15843441  0.54452372]]
[[ 0.06144458  0.10633019  0.14297804]]
[[ 0.02725949 -0.01435834  0.338738  ]]
[[ 0.01766429  0.00690462 -0.18973699]]
[[ 1.88297535 -0.19064528  0.75609517]]
[[ 0.11920716  0.57661033 -1.91174721]]
[[-0.49458199  2.64917188 -6.55403439]]
[[ 4.83909193  3.51099229 -5.86690997]]
[[ 0.35826093  0.16699719  0.63126766]]
[[ 0.38171727 -0.15815415 -1.13619329]]
[[-0.04286247 -0.13854624  0.22898965]]
[[-0.03901748 -0.03082366 -0.07053027]]
[[-0.55713369 -0.50383969  0.838799  ]]
[[ 1.14084555 -0.64854159 -2.07182875]]
[[-4.57923091  0.00932059 -6.02524864]]
[[-5.47017896  3.14810353  1.49916033]]
[[ 0.2478933   0.62029428 -0.32214291]]
[[ 0.56921065  0.17524499 -0.8570231 ]]
[[ 0.74539341  6.23138714  0.74854156]]
[[-2.04357176  1.15858015  1.63174179]]
[[-4.33592972 -0.36379438  0.96163792]]
[[-1.28053699  0.30836823  0.23684487]]
[[-0.20146248 -0.10070873  2.39961792]]
[[ 0.0136004   0.37366866 -1.15621564]]
[[ 0.41560379  5.40789269 -4.60360337]]
[[-1.40184953  4.53656081 -0.33344292]]
[[ 0.03130079  0.09990272  0.65480237]]
[[ 0.02839245  0.08477815 -0.17124723]]
[[-0.07932196 -0.17290744 -0.18311164]]
[[-0.11200439 -0.06925101  0.2319298 ]]
[[ 1.25991667  0.21151587 -2.25669071]]
[[-0.40430965  0.65631634  0.1540361 ]]
[[ 1.877255    0.00570828  2.10818979]]
[[-0.7075692   2.49462682 -0.69016305]]
[[ 0.41336575  0.26311611 -0.79895751]]
[[ 0.2285816   0.06516399 -0.20088372]]
[[ 0.04930491  0.07081187 -0.01972079]]
[[ 0.01452829 -0.00834687  0.04135894]]
[[-0.02522448 -0.00664781 -0.08854376]]
[[-0.01614826 -0.00788495  0.01334579]]
[[-0.0559854   0.02705421  0.18329957]]
[[ 0.06453912 -0.03041577 -0.24111262]]
[[ 0.78003001  1.52790957 -1.45497394]]
[[ 2.04388352 -0.51690905  1.57341754]]
[[ 0.39007206  0.17689811 -7.84852936]]
[[-0.55840939  0.83799814  3.96516618]]
[[ 0.19360227  0.20931214 -1.10068492]]
[[ 0.35837762  0.10049016  0.10718614]]
[[-0.08637908  0.05662853  0.01201793]]
[[ 0.0515288  -0.06723866 -0.08867087]]
[[-0.00745277 -0.00632304  0.03838631]]
[[-0.01214644 -0.00347408  0.0150305 ]]
[[-0.0054816   0.01156467 -0.11756643]]
[[-0.00866808  0.03574226 -0.24890485]]
[[ 0.70604048 -0.07662535 -1.56775752]]
[[ 0.37484987  0.718961   -0.57957046]]
[[-5.78331375 -3.00686929  1.91039056]]
[[ -4.09680854   0.68790694  10.19740014]]
[[ 0.65405325 -0.1388983  -0.8379285 ]]
[[ 0.01861785  0.31324382  0.59249632]]
[[-0.04738011 -0.00978845  0.16847898]]
[[-0.10369301 -0.04530071 -0.10291883]]
[[-0.76135734 -0.5513197  -1.13347279]]
[[-0.59639842 -0.6611764   1.68581001]]
[[-1.47004947 -4.11368367  3.8289917 ]]
[[-6.26524401  1.20017493  1.14328352]]
[[-0.10536807 -0.03697535 -0.30058443]]
[[ 0.41244035  0.00847927  0.62019914]]
[[ 4.15120558  0.10177471 -4.03866959]]
[[ 4.95298729  3.49942568 -5.07224492]]
[[-1.34231487 -4.06456726  4.88613454]]
[[-1.16324674 -0.28362443 -0.79379683]]
[[ 0.35645225 -1.7761529  -0.69052256]]
[[-0.57157104 -0.17510437  1.07311753]]
[[-3.02560478 -3.96770334 -2.14186075]]
[[-1.96342231  1.38333744 -3.85579691]]
[[-0.20119645 -0.36602223  0.08707465]]
[[-0.20311135 -0.02153947  0.24958703]]
[[-0.00865483 -0.06159682 -0.2627619 ]]
[[-0.03793753 -0.06281326  0.09281821]]
[[-0.48521677 -0.70576828  1.08034847]]
[[ 0.48605039 -0.69827846 -1.37667   ]]
[[ 1.94319913 -3.07795022 -1.53574835]]
[[-4.6881494  -0.29002373  7.57876527]]
[[ 0.38427735 -0.19688594 -0.28475777]]
[[ 0.10804517  0.12979688 -0.59598579]]
[[-0.12308847 -0.09931402  0.04268859]]
[[-0.07143498 -0.02749715  0.05200453]]
[[-0.01604001 -0.00142083 -0.08062597]]
[[ 0.00086105 -0.00729961 -0.01558732]]
[[-0.22944935 -0.13814593  0.03888155]]
[[-0.0595081  -0.10636309  0.25258223]]
[[ 0.2081147  -0.9666456   0.48732046]]
[[ 0.14677449 -0.68969445 -0.25837009]]
[[ 2.6657866  -2.01114345  5.91296992]]
[[ 5.71282933 -1.29593632 -3.82534537]]
[[ 0.26172533 -0.47209392  0.01253094]]
[[ 0.23612605 -0.28392162  0.19230393]]
[[-0.04827653 -0.04611795 -0.02497312]]
[[-0.05471954  0.06794439 -0.03686974]]
[[-0.00732518 -0.02613931 -0.01278241]]
[[-0.01632789 -0.01004878  0.04230307]]
[[ 0.00594369  0.02010532 -0.11534548]]
[[ 0.00316095  0.00253856  0.01726323]]
[[-0.05982113  0.00118505  0.03542304]]
[[-0.03495803  0.00155072  0.05694903]]
[[-0.04134661 -0.06599679 -0.28950732]]
[[-0.17754491 -0.00844952  0.08591925]]
[[ 1.3988798  -0.30638056  0.67792497]]
[[ 0.42081112  0.35478886  1.47087124]]
[[-5.18489381 -1.13814823  4.551667  ]]
[[-0.14839302 -1.50690022  0.94726966]]
[[ 0.41878087  0.02045348 -0.04303987]]
[[ 0.40468821 -0.17229642  0.91542682]]
[[ 0.06717514 -0.00472821 -0.31444462]]
[[-0.02679819  0.15545774  0.06238581]]
[[-0.03285847 -0.02029412  0.03482323]]
[[-0.00813082 -0.00824461 -0.01083506]]
[[-0.01046151 -0.01463936  0.10919215]]
[[-0.00632238 -0.00343291 -0.01881234]]
[[-0.01249474  0.04623703 -0.07396057]]
[[-0.02893099  0.01788275  0.03441451]]
[[ 0.04492252 -0.10844876 -0.14685558]]
[[-0.0036229  -0.02513214  0.0837334 ]]
[[ 0.26601852 -0.12612872  0.32924335]]
[[ 1.63446143 -0.26467864  0.52262257]]
[[-1.51479901  5.85644027  2.10984908]]
[[-1.69092929  3.9462262  -2.25454987]]
[[-0.18445874  0.38548184  1.03436313]]
[[ 0.55716681 -0.48140307  0.72513615]]
[[ 0.04868333 -0.11207078  0.00500212]]
[[-0.02652375  0.0028937   0.09632121]]
[[ 0.0084308   0.00246381 -0.01195997]]
[[-0.00809597  0.01016946 -0.00681088]]
[[-0.09694797 -0.0774766  -0.07599293]]
[[-0.00991346 -0.06747365  0.18734845]]
[[-1.48189663 -0.0735938  -0.41318796]]
[[-0.63691178  0.11252959  1.74963507]]
[[ 1.68489078  2.56844389 -1.54923739]]
[[-2.16845778 -0.74284904 -2.78019602]]
[[-0.05860589  0.45344346 -0.32043137]]
[[ 0.00453934  0.29763332 -0.04194228]]
[[-0.00574878 -0.02172349  0.25804593]]
[[ 0.06251516 -0.06713368 -0.15269157]]
[[ 0.25302576  1.01411595  0.46870472]]
[[-0.63536482  0.43294872  0.18676192]]
[[ 2.81435457  5.33559368 -2.28477802]]
[[ 2.42395031 -3.47344059  3.8097832 ]]
[[-0.33481796  0.3045796  -0.40370988]]
[[-0.32293014  0.07177075  0.49760018]]
[[-0.64082401 -5.04566601  3.10908099]]
[[-0.77668453 -0.90317622  2.51434277]]
[[ 3.92709303  1.96376173 -2.60601558]]
[[ 1.40014982 -0.14204922  0.73538134]]
[[ 1.09873561  0.32208519 -0.17007391]]
[[ 0.34110686 -0.12153931 -0.30196849]]
[[-1.58259484 -2.03140355  0.22734823]]
[[ 1.66633821 -3.70216149 -0.04661275]]
[[ 0.17786402  0.0952309   0.40834776]]
[[ 0.06104683 -0.0428874  -0.02289012]]
[[ 0.04810129  0.04285238 -0.13054391]]
[[ 0.03608149  0.00073071 -0.10104669]]
[[-0.83362476  0.49662503  0.07602176]]
[[ 1.07397157 -1.3309954   0.89630308]]
[[-4.50612543  1.71283675  2.58474836]]
[[-1.52429772 -3.51378087 -0.90415222]]
[[ 0.19872781 -0.06918532 -0.21701923]]
[[ 0.14951961 -0.1775763  -0.12438162]]
[[ 0.0990671   0.07876981 -0.00098739]]
[[ 0.04706781 -0.01217639  0.03021358]]
[[ 0.03593698  0.05886483 -0.11169569]]
[[ 0.03223453  0.02464826 -0.04849137]]
[[-0.12584962 -0.07023246  0.12186683]]
[[-0.04779294 -0.04614346  0.19736978]]
[[ 0.56812507 -0.33846766 -0.68322872]]
[[-0.90403373 -0.3683417   0.73302893]]
[[-1.06473483  2.25160497  4.81596772]]
[[-2.28272392 -2.89431065  2.81487589]]
[[ 0.10881589  0.21793135  0.11610867]]
[[ 0.14897936 -0.62464674  0.67917875]]
[[-0.08238503 -0.2021649   0.07400211]]
[[-0.05417455 -0.09244872  0.04683953]]
[[-0.00423781 -0.01782676 -0.01007534]]
[[-0.01006313 -0.01260828  0.04161626]]
[[ 0.0600298   0.08774602 -0.01773222]]
[[ 0.04857633  0.02085036 -0.06776955]]
[[-0.05557539  0.03405927  0.00217709]]
[[-0.02569345  0.00530373  0.09537581]]
[[-0.05638043 -0.02514669  0.05080133]]
[[-0.0792029   0.07833559 -0.14786984]]
[[-0.61436181  0.63249798  1.93047003]]
[[ 0.69791529 -1.57009385 -0.51237678]]
[[ 2.31656091  5.17572929 -2.979754  ]]
[[ 3.73276962  0.16811108 -5.05532223]]
[[-0.33284212  0.45331758  1.100854  ]]
[[ 0.42633839 -0.4332405  -0.41410304]]
[[-0.10329585 -0.07812717  0.04619363]]
[[-0.06520985 -0.14138542  0.0170709 ]]
[[-0.02317544 -0.00172223 -0.00011643]]
[[ 0.00244636 -0.00842505  0.03282873]]
[[-0.06161113 -0.08240916  0.00770428]]
[[-0.04734975 -0.01923559  0.06634616]]
[[ 0.00304129  0.00578504 -0.01922713]]
[[ 0.00420339  0.00286651 -0.0182939 ]]
[[-0.02816702 -0.01882939  0.04634004]]
[[-0.02998957 -0.0254897   0.0865646 ]]
[[-0.05824847  0.00908084  0.05749839]]
[[-0.06052586  0.04807058 -0.06094822]]
[[-0.07841796 -0.03279034  0.0590436 ]]
[[-0.15699572 -0.0961848   0.16906904]]
[[ 0.36831187  0.26670215  2.13834677]]
[[ 0.37547595 -0.97986767 -1.43742377]]
[[-3.03641721 -1.53709278 -0.12432401]]
[[-3.76390823  1.83882246 -3.58760153]]
[[-0.22815704  0.21611072  0.99619383]]
[[-0.13671151 -0.05454081 -0.56353228]]
[[ 0.04342988  0.05525641  0.17179616]]
[[ 0.00687438 -0.10392625  0.17039656]]
[[ 0.00324625 -0.00971629 -0.00735835]]
[[-0.02326939  0.00673593  0.00333296]]
[[ 0.02338584  0.02250738 -0.0527459 ]]
[[ 0.02036879  0.03265097 -0.07450341]]
[[-0.00345602 -0.00379599  0.01739253]]
[[-0.0060145  -0.00234152  0.01633823]]
[[ 0.0054302   0.00551114 -0.04698798]]
[[ 0.00601379  0.01168535  0.0180734 ]]
[[-0.01654403 -0.00517909 -0.03802044]]
[[-0.0677457   0.03693974 -0.00392136]]
[[ 0.00882853  0.19063229  0.0617093 ]]
[[ 0.07120555 -0.03512937  0.09385738]]
[[-0.26255578  0.08711807  1.02379277]]
[[ 0.7883934   0.05322663 -1.95164453]]
[[ 0.71033152 -2.54321791 -2.12685647]]
[[-7.17994335  2.50092814 -0.70694981]]
[[-0.29230565 -0.19748074  0.56909874]]
[[-0.21540974  0.50102753 -1.44588825]]
[[ 0.04029193  0.06851467 -0.08352962]]
[[ 0.09866078 -0.07064644  0.18059095]]
[[-0.00220012 -0.02812634  0.00313993]]
[[-0.01429625 -0.02939755  0.03446746]]
[[-0.00164892  0.00339619  0.04657956]]
[[-0.00602794 -0.00287075 -0.01974787]]
[[ 0.01822646  0.0225189  -0.04359679]]
[[ 0.01404985  0.03590359  0.02970193]]
[[-0.00825319  0.00201468  0.06899842]]
[[-0.08448382  0.0373829   0.01302846]]
[[-0.9052551  -1.08094434  0.40127673]]
[[-1.22813261  0.5557237  -0.20001294]]
[[ 1.68141674 -3.11423998  1.90349971]]
[[ 2.40257577  0.94244265 -1.75958507]]
[[-0.61362343  0.13082975 -0.42511117]]
[[-0.25040737  0.43050936 -0.61078004]]
[[ 0.02042971 -0.03589186 -0.01127595]]
[[-0.02296586 -0.04079164 -0.01937977]]
[[-0.00271226 -0.01209463  0.03169882]]
[[ 0.00867017 -0.01173373  0.01672459]]
[[-0.04054854 -0.04003511 -0.04595336]]
[[-0.07075912 -0.04735395  0.08716705]]
[[-0.22437521 -0.93594255  1.360202  ]]
[[-1.04151901 -0.24223864  0.13919217]]
[[ 2.25293172 -1.82013706  3.80184938]]
[[ 0.50246955  1.33893098  0.83166371]]
[[-0.37058531  0.40531264 -0.0863802 ]]
[[-0.49516171  0.7454051   0.30837849]]
[[ -2.37146349e-05  -5.09183130e-03   1.28878317e-01]]
[[ 0.03248752 -0.0392956  -0.10641894]]
[[ 0.34793035  0.21460278  0.23452928]]
[[ 1.02287278  0.30306415 -1.76860965]]
[[ 3.45092297  4.94273231 -3.54438351]]
[[ 8.33713091  2.20599088 -7.06612893]]
[[ 0.21102641  0.25538568 -0.20786024]]
[[-0.1178116   0.47585093 -0.10466918]]
[[-1.76707207 -0.52084889 -0.39926863]]
[[-3.87960994 -1.74876137  4.30943112]]
[[-1.71114865  1.93598412 -5.46495068]]
[[ 1.96483801  3.77309554  0.14719695]]
[[ 0.06082268 -0.45734315  0.9601645 ]]
[[-0.17090808  1.00519804 -1.04589012]]
[[-3.48091047 -2.27894571  0.57604015]]
[[-7.15215437  3.72747318  2.34076798]]
[[-0.01780069  0.11397409  0.37584233]]
[[ 0.27493213  0.07114897 -0.27751971]]
[[-0.02116804 -0.02944782  0.01213277]]
[[ 0.00512285  0.06491293 -0.0953558 ]]
[[-1.61256247  0.28704119  0.27934803]]
[[-0.02930053 -0.22439022  0.52677668]]
[[ 2.12079699 -5.62072926  1.93432516]]
[[-2.09980028  2.50876604 -7.88204596]]
[[-0.59120635 -0.11766607  0.28873078]]
[[-0.33090151  0.2802377   0.06685347]]
[[ 0.02705892  0.13153189 -0.11486524]]
[[ 0.14874643  0.09363252 -0.08008428]]
[[-0.0199661  -0.00402691 -0.05743705]]
[[-0.02651394  0.07584002  0.01526966]]
[[-0.07788332 -0.07329069  0.10948739]]
[[-0.07886872 -0.04850623 -0.09116587]]
[[ 0.70086664  0.07299139 -1.98920555]]
[[-1.07056911  1.66526002 -0.52689348]]
[[ 3.14034717 -2.22253075 -7.2958899 ]]
[[ 1.51052333 -0.06503602  2.21032491]]
[[ 0.10847795 -0.11192891 -0.9260169 ]]
[[-0.32655847  0.87399652 -0.99181099]]
[[-0.16706517  0.06470925  0.14238181]]
[[-0.19086283 -0.01285971  0.13207118]]
[[ 0.00419733 -0.0026925   0.03044159]]
[[-0.01782041  0.00297813  0.03171583]]
[[ 0.03467811  0.04672145  0.00651598]]
[[ 0.0595997   0.06807343 -0.1128887 ]]
[[-0.01151815  0.01236406 -0.04750997]]
[[-0.03430981  0.04742827 -0.04517638]]
[[-0.11708492 -0.223643    0.25747666]]
[[-0.09274119 -0.00887427 -0.22139031]]
[[ 0.54006048 -0.37178426 -1.08538033]]
[[ 0.50424667  0.24173914 -1.08415528]]
[[ 3.68601903  0.08523102 -4.41618456]]
[[ 5.31956011  0.15811736  3.62607256]]
[[-0.36800007 -0.29809312 -1.02564051]]
[[-0.16878593  0.27814216 -0.46753457]]
[[ 0.02488408  0.03279391  0.35818677]]
[[-0.07516204  0.0405227  -0.30551743]]
[[ -3.19884654e-05  -1.11260376e-02   3.25482415e-02]]
[[-0.00131553 -0.01911521  0.01564946]]
[[-0.03279893 -0.04479532 -0.00931498]]
[[-0.06264812 -0.0632822   0.12418846]]
[[-0.0047161  -0.00619352 -0.01484624]]
[[-0.02784716  0.00328202  0.01473331]]
[[ 0.02713719 -0.09283554  0.07205077]]
[[-0.08010463  0.04473805 -0.2159029 ]]
[[ 0.0242373   0.11416265 -1.49528683]]
[[ 0.41928829  0.15313039 -0.74733868]]
[[-0.47992106 -1.0439822   0.3214642 ]]
[[ 0.50891795 -3.07638379  4.80892393]]
[[-0.32577556  0.12035616 -1.70997796]]
[[-0.06926072  0.27679254 -0.05621543]]
[[ 0.13216977  0.02122904 -0.08677834]]
[[ 0.0798019   0.07714112 -0.19782485]]
[[-0.00227602 -0.00136025  0.02019656]]
[[ 0.00911    -0.01019555  0.00290436]]
[[ 0.04486066  0.0502239  -0.00316167]]
[[ 0.13814036  0.05677678 -0.22481988]]
[[-0.64206202  0.43429182 -0.31797622]]
[[-0.13448568 -0.14639424  0.26090189]]
[[ 2.33539865  8.45433269 -2.61357351]]
[[ 4.16102053 -1.88300772  0.21126387]]
[[-1.05507526  0.18935983 -0.07412046]]
[[-0.87139187  0.22517725  0.76924071]]
[[ 0.02698243  0.05650382 -0.06374255]]
[[ 0.07770593  0.0039524   0.1859889 ]]
[[-0.34135142 -0.22537661  0.20597536]]
[[-0.71687552 -0.43581386 -0.76846185]]
[[ 2.76101557 -1.14577164  2.64316125]]
[[ 0.35493807 -2.33013131 -1.79302378]]
[[ 0.00807594 -0.26781665  0.01503715]]
[[-0.82548476  0.45461207 -0.05179285]]
[[-0.54653321 -0.56459081 -0.60275005]]
[[ 1.01691652 -2.6117677   1.42012136]]
[[ 1.81808123 -1.3279834  -6.50784433]]
[[-1.43707281 -0.84419863  6.75708559]]
[[-0.78260264 -1.44678004 -0.04414679]]
[[-1.2951652   0.15909123 -0.88060881]]
[[ 0.72948677  4.34778022  1.38333316]]
[[ 4.39648811 -6.21904081  1.41618797]]
[[-0.31349894 -0.5108674  -0.5958271 ]]
[[-0.26808384  0.055622   -0.3688741 ]]
[[-0.03608982 -0.12107929 -0.19204644]]
[[-0.05676834 -0.03779568  0.02949709]]
[[ 0.48321148 -0.14846115 -1.49540199]]
[[-0.00639246 -0.86924218  1.96497023]]
[[ 0.63420454  0.96467808  4.87841239]]
[[ 0.11812827 -4.66051677  3.13601148]]
[[-0.38212283  0.05164983 -1.28772628]]
[[-0.23646592 -0.34364005  1.25779831]]
[[-0.09857841 -0.17130952 -0.14381375]]
[[-0.15141625  0.09472538  0.11794596]]
[[-0.01101834 -0.0151567  -0.0628253 ]]
[[-0.03210636 -0.00539033  0.07327018]]
[[-0.04626051  0.06740954 -0.28431477]]
[[ 0.05561061 -0.08362593 -0.06886881]]
[[ 0.24543145  0.34548564 -0.95678982]]
[[ 0.8282278  -0.50509811  2.09430443]]
[[ 2.77973122  2.49124372  4.22797822]]
[[ 2.91461384 -2.08796596  3.27005606]]
[[-0.12000444 -0.50929678 -0.34938194]]
[[-0.34304782  0.08171262  1.15494266]]
[[ 0.08467085  0.01076116 -0.3008004 ]]
[[ 0.02756787  0.00415273 -0.13403851]]
[[ 0.00576698  0.01013475  0.04103598]]
[[ 0.01127783  0.0049367  -0.0340075 ]]
[[-0.07222627 -0.06022828 -0.01047505]]
[[-0.11651673 -0.1508441   0.03408752]]
[[-0.66792524 -0.04583901 -1.06370322]]
[[-0.45220391 -0.06198314  1.97748356]]
[[-2.99803931 -4.38701608  6.86260569]]
[[ 0.31072259 -0.69069518 -3.33621757]]
[[-1.20569067 -0.13774704 -0.08498603]]
[[-0.69055613 -0.16400188  1.8198991 ]]
[[ 0.03647284  0.0660504   0.03959008]]
[[ 0.12746341 -0.06744895  0.01413819]]
[[-0.03154942 -0.2853312  -0.39414495]]
[[-0.81942985  0.63971252  1.01862982]]
[[ 2.8587947  -5.39347807 -2.72492565]]
[[-4.5764266   1.16169372  2.19591221]]
[[-0.11070834 -0.53914818 -0.01598427]]
[[-1.14497774  0.76722304  0.49999064]]
[[ 2.53713521  2.73175886  0.65195455]]
[[ 9.26919515  0.47098351 -3.53760925]]
[[ 0.09777957 -1.32407022  6.35831463]]
[[-2.561331    1.76256179  2.40694219]]
[[-0.45999342 -0.48397831  2.94478762]]
[[-0.65212168 -0.95309344  0.43020398]]
[[ 1.78885329 -1.44423527  3.49671119]]
[[  2.96805589   2.23749906 -10.81125744]]
[[-0.28902083 -0.66638459  1.34545773]]
[[-0.79046282 -0.18078172  0.99888494]]
[[-0.04989798 -0.07553237 -0.23311215]]
[[-0.17164606 -0.00540576  0.39369335]]
[[ 0.45724745 -0.30154884  2.83509869]]
[[ 0.42444762  0.18117373 -1.99318506]]
[[ 3.19627309  0.20683865 -0.82862721]]
[[ 1.82413556  0.7484815  -3.66308545]]
[[-0.46457148  0.03781429  1.99434769]]
[[ 0.28521495 -0.16492841 -0.68079945]]
[[-0.05642522 -0.06981967 -0.20598898]]
[[-0.11985404 -0.12641268  0.52005175]]
[[-0.04360445 -0.0997611  -0.98204379]]
[[-0.01469815  0.34305949  0.05811215]]
[[ 1.92358578  3.61824427  1.10534262]]
[[ 5.48156846  0.52481408 -9.36498701]]
[[-0.31089783 -0.60151283  0.26721715]]
[[-1.05802364  0.43921222 -0.5904058 ]]
[[-1.64115243  0.45043463 -1.40563061]]
[[-0.52270579 -5.08916857  3.64042973]]
[[ 2.92428805  2.50727091 -7.47476413]]
[[ 3.26747589 -1.52251242 -3.69172757]]
[[ 0.073815    0.30560774  1.50975965]]
[[ 0.78602418 -0.54414561 -4.48388798]]
[[-2.64718831  0.6962506  -5.82088371]]
[[ 0.0434525  -3.19568727  8.06699179]]
[[-0.24622015 -0.29433141  1.53026527]]
[[-0.32121212 -0.07401804 -2.51484575]]
[[ 0.99585416  0.98178005  0.81129517]]
[[-0.15952551  1.48569455  0.13061894]]
[[ 0.78105728  0.20206064 -3.32972962]]
[[-0.9064712   3.56776902  7.44290412]]
