[[-0.00177862 -0.00020143  0.00053345]]
[[-0.00153486 -0.00158313  0.00034593]]
[[-0.03658645 -0.00922019 -0.02009618]]
[[-0.04680214 -0.00489327  0.01422582]]
[[-0.01175581 -0.00440351  0.0032887 ]]
[[-0.04813195 -0.00674719  0.01225016]]
[[-0.03023874 -0.01079274 -0.02051106]]
[[ 0.00023408 -0.00112488 -0.00057718]]
[[-0.00790307  0.00293811  0.0003527 ]]
[[-0.01475222 -0.01124234 -0.00297665]]
[[-0.00093833  0.00631324 -0.00108271]]
[[-0.008063   -0.00797892  0.00328284]]
[[-0.00419783  0.00146161  0.00379252]]
[[-0.01321199 -0.0008887  -0.00048676]]
[[ -3.82910602e-03  -5.38745523e-05  -1.05874348e-03]]
[[-0.00163432 -0.00016988 -0.00063131]]
[[-0.04169995 -0.00650328 -0.02625338]]
[[-0.04643821 -0.00042391  0.00608006]]
[[-0.05584365 -0.01709054 -0.01545036]]
[[-0.03642279  0.00291542  0.0148651 ]]
[[-0.00290922  0.00666026  0.00082808]]
[[-0.02305939 -0.00625652  0.00706666]]
[[-0.00970734  0.00717569  0.00810447]]
[[ 0.00019745 -0.00252682  0.00168407]]
[[-0.0043116   0.0067905  -0.00282789]]
[[-0.00741539 -0.00720134 -0.00219812]]
[[ 0.00025997 -0.00113904  0.00115583]]
[[ 0.0003667  -0.00068698  0.00126209]]
[[ 0.00387083 -0.00564878  0.00720679]]
[[ 0.00454188 -0.00648849  0.00537619]]
[[ 0.00064303 -0.00677362  0.01499782]]
[[ 0.00608377 -0.0154509   0.0082484 ]]
[[ 0.00458525 -0.02286437  0.01125791]]
[[ 0.00064275 -0.00304099  0.00513144]]
[[ 0.00486918 -0.00682009  0.00110706]]
[[-0.00076135 -0.00265796  0.00069385]]
[[ 0.00450558 -0.01050255  0.0043549 ]]
[[-0.00547768 -0.00365982  0.00069274]]
[[ 0.00242354  0.0007551  -0.00246072]]
[[-0.00316199 -0.01262714  0.02133611]]
[[ 0.00021166 -0.00156216  0.00294819]]
[[-0.00024691 -0.00095373  0.00330567]]
[[-0.0222812  -0.01856629  0.01645312]]
[[-0.04546204 -0.00064443  0.03880795]]
[[-0.03678571 -0.0048244   0.02276814]]
[[-0.04458245  0.04267849  0.03999734]]
[[ 0.00473097  0.00211026 -0.00260792]]
[[-0.00684119 -0.01292946  0.00635119]]
[[-0.01482395  0.01134921  0.00940918]]
[[ 0.00194259  0.00050464  0.00905443]]
[[-0.00770656  0.02626487  0.00670873]]
[[ 0.00537905  0.0001601   0.00041872]]
[[ 0.00137307  0.00222128 -0.00222048]]
[[-0.00134196  0.00319975 -0.00302631]]
[[-0.00445784  0.00314267 -0.01768231]]
[[-0.00097427  0.00700352 -0.01679435]]
[[-0.00828673  0.04913114  0.01462383]]
[[ 0.00462534  0.01083083 -0.01786554]]
[[-0.00502171  0.00687349 -0.02086274]]
[[-0.0005065   0.00159337 -0.00848024]]
[[-0.00253029  0.00373604 -0.00320108]]
[[ 0.00264008  0.00277208 -0.0003711 ]]
[[-0.0034472   0.00624332 -0.00288094]]
[[ 0.00162771  0.00121553 -0.00215401]]
[[ 0.0009244  -0.00184697 -0.00071191]]
[[-0.00929238  0.04571557  0.06128325]]
[[-0.00245821  0.00326566  0.01020504]]
[[-0.0005382   0.00634666  0.00995923]]
[[-0.02082978 -0.00654656  0.0865511 ]]
[[-0.04563538  0.01584303  0.0970593 ]]
[[-0.02058151 -0.07039076  0.09773536]]
[[-0.04417618  0.02941162  0.11122552]]
[[ 0.00090405 -0.04319991  0.01554345]]
[[-0.02759692 -0.01995008  0.00777734]]
[[-0.01607696  0.01373631  0.00642282]]
[[ 0.01532845 -0.02064169  0.03745528]]
[[-0.0023479   0.01948057  0.00649719]]
[[ 0.00641189  0.00772234  0.0067658 ]]
[[ 0.00338829 -0.00172665 -0.00141301]]
[[ 0.00384404 -0.00228225 -0.00230581]]
[[ 0.02809744  0.00868556 -0.01731611]]
[[ 0.01926773  0.00339704 -0.01931423]]
[[ 0.00206017 -0.006672    0.00830102]]
[[-0.00262801  0.0189791  -0.03274029]]
[[ 0.03629671  0.08294113 -0.03008714]]
[[-0.01644753  0.01983572 -0.0097246 ]]
[[-0.01079138  0.00536643  0.01076362]]
[[-0.00286801  0.00106574  0.00902644]]
[[ 0.01184955  0.0354646  -0.0168545 ]]
[[ 0.04096194  0.01232027 -0.00490796]]
[[ 0.00453339 -0.00484227 -0.00013123]]
[[-0.01194929 -0.00658157  0.05481182]]
[[-0.00345593  0.00012709  0.0065896 ]]
[[-0.00492847  0.00047808  0.00743573]]
[[-0.02580238 -0.01772124  0.05071448]]
[[-0.02041964 -0.0179132   0.04688415]]
[[-0.03102736 -0.13435098  0.07163374]]
[[ 0.01058895 -0.04937708  0.07271024]]
[[-0.00427245 -0.06214163  0.02856947]]
[[-0.05695792 -0.02056112  0.0073877 ]]
[[-0.00310519  0.00858316 -0.00164665]]
[[ 0.0201312  -0.03066867  0.03020348]]
[[ 0.02118167 -0.01843873 -0.00941641]]
[[ 0.00463622 -0.00561349 -0.00882651]]
[[ 0.00216686 -0.00367031 -0.00927497]]
[[ 0.00043684 -0.00700702 -0.00899047]]
[[ 0.02105823  0.00561086 -0.08232808]]
[[ 0.04779734 -0.018868   -0.094856  ]]
[[ 0.00537659 -0.04973794 -0.04482653]]
[[ 0.05171314 -0.0398325  -0.10270679]]
[[ 0.01840175  0.05483591 -0.08999369]]
[[-0.01463415  0.01800713 -0.0319691 ]]
[[ 0.0066561  -0.02472763 -0.00610462]]
[[-0.00553013 -0.00829424 -0.00665195]]
[[ 0.00072044  0.03696363 -0.01224068]]
[[ 0.02211816  0.01665084 -0.00718986]]
[[ 0.01638675 -0.01294105 -0.00660374]]
[[ 0.00439652 -0.05103188  0.00551465]]
[[-0.00120875 -0.00225039  0.00415727]]
[[ 0.00061482 -0.00342822  0.00479193]]
[[ 0.00439593 -0.00152011  0.02902471]]
[[-0.0029112  -0.00620223  0.02799884]]
[[ 0.00814664 -0.0074396   0.03119136]]
[[-0.01146297 -0.01166885  0.02730028]]
[[ 0.00449265 -0.00867915  0.00389882]]
[[-0.0018469  -0.00104462  0.00263094]]
[[-0.00178     0.00270476  0.0013452 ]]
[[ 0.00105393 -0.00249758  0.01211619]]
[[ 0.00239483 -0.00317735  0.0035641 ]]
[[-0.00375003 -0.00391352  0.00049585]]
[[-0.00093686  0.00257337 -0.00058237]]
[[-0.00053814  0.00227904 -0.00096741]]
[[ 0.01135905  0.02673887 -0.01012189]]
[[ 0.02800384  0.0112677  -0.02118029]]
[[-0.00480177  0.02461887  0.00504729]]
[[ 0.02398457 -0.00786997 -0.03020993]]
[[ 0.01537642  0.02206563 -0.01800909]]
[[ -1.08426134e-03  -3.10152808e-05  -9.56272541e-03]]
[[-0.00023871 -0.00808677 -0.00712326]]
[[ 0.00049027  0.00313562  0.00080248]]
[[-0.00729781  0.00573306 -0.00235479]]
[[ 0.00412805  0.01229962 -0.00536372]]
[[ 0.00576583 -0.00525838 -0.00340538]]
[[-0.006645    0.01422073  0.01035778]]
[[ -1.52807512e-06   1.48702969e-03   7.29712907e-04]]
[[-0.00138424  0.00093017  0.00025952]]
[[-0.00403495  0.00735451  0.00404224]]
[[-0.00787202  0.00729844  0.00454724]]
[[-0.00084269  0.0174731  -0.00037161]]
[[-0.01090517  0.01259007  0.00083979]]
[[-0.00281329  0.00618347 -0.00241323]]
[[ 0.00399005  0.00319474 -0.00035445]]
[[ -2.56814695e-03   7.71860563e-05   2.42241149e-03]]
[[  8.90019321e-05   1.58059324e-03  -1.38327712e-03]]
[[-0.00416535  0.00633892 -0.00110146]]
[[-0.00011388  0.00132682 -0.00059223]]
[[ 0.00484561 -0.00050135  0.00332614]]
[[ 0.00127798  0.00021338  0.00227752]]
[[ 0.05719802  0.00962878  0.04871601]]
[[ 0.06172001 -0.00025783  0.00046176]]
[[ 0.01180789  0.00229461  0.02412639]]
[[ 0.04660167 -0.00790514 -0.01194074]]
[[ 0.07885335  0.00418782  0.03926974]]
[[ 0.00052727  0.00210909  0.00144708]]
[[ 0.00673963 -0.01052445  0.00403777]]
[[ 0.00928752  0.00876517  0.00298748]]
[[ 0.00908764 -0.01858056  0.00439335]]
[[ 0.02440116  0.00687552 -0.00763537]]
[[ 0.01380007 -0.00727547 -0.01203352]]
[[ 0.00656746  0.00519563  0.02099319]]
[[ 0.00158716  0.00034224  0.0014924 ]]
[[ 0.00089124  0.0007529   0.0022932 ]]
[[ 0.02131441  0.00613599  0.02184319]]
[[ 0.02206668  0.00421133  0.00708861]]
[[ 0.01981094  0.00373484  0.02194624]]
[[ 0.01957626 -0.00876539  0.01012402]]
[[ 0.00162262 -0.00657434  0.00188625]]
[[ 0.00393053  0.00417409 -0.00155859]]
[[ 0.00153057 -0.00023341 -0.00154794]]
[[-0.00011007 -0.00196674  0.00814071]]
[[ 0.00875385 -0.00494237  0.00090192]]
[[ 0.0045226   0.00110487  0.00297507]]
