[[-0.00221923 -0.00028555 -0.00047494]]
[[-0.00351467 -0.00130577 -0.00185441]]
[[-0.04325602 -0.01023474 -0.02975203]]
[[-0.05234762 -0.00388557  0.00398238]]
[[-0.01656987 -0.00418483 -0.00776543]]
[[-0.05614928  0.00478892 -0.00677962]]
[[-0.03362178 -0.00829617 -0.0322322 ]]
[[ 0.00111197  0.00225551 -0.01138448]]
[[-0.01426568  0.00776512 -0.00302613]]
[[-0.01773467 -0.0079074  -0.00763876]]
[[-0.00197101  0.00990711 -0.00240675]]
[[-0.00743437 -0.00783617  0.00333333]]
[[-0.00359654  0.0008419   0.00321274]]
[[-0.01931969 -0.00116421 -0.00939366]]
[[-0.00648447  0.00025033 -0.00155179]]
[[-0.00207419 -0.00012629 -0.00118532]]
[[-0.05800089 -0.00762487 -0.03516502]]
[[ -6.32308464e-02   1.96530935e-05   6.02210924e-03]]
[[-0.07603291 -0.01885662 -0.02157327]]
[[-0.04851915  0.00570324  0.01947182]]
[[-0.00461418  0.01091546  0.00038759]]
[[-0.02973685 -0.00843293  0.00959632]]
[[-0.01362422  0.00961313  0.01164851]]
[[ 0.00026875 -0.00317825  0.00197677]]
[[-0.00603307  0.00976588 -0.00397399]]
[[-0.00944892 -0.00919008 -0.00299561]]
[[ 0.0003164  -0.0016368   0.00029635]]
[[ 0.00088129 -0.00103908  0.00055823]]
[[ 0.00505029 -0.00804934  0.00159082]]
[[  7.84579622e-03  -8.40127796e-03  -3.01763697e-06]]
[[ 0.0038237  -0.01248146  0.00517768]]
[[ 0.01009018 -0.01571674  0.00259293]]
[[ 0.00366817 -0.02304788  0.00597923]]
[[ 0.00030064 -0.00234928  0.00296007]]
[[ 0.00505978 -0.0073996   0.00129972]]
[[-0.00030109 -0.00227088  0.00059024]]
[[ 0.00423115 -0.0096524   0.00358419]]
[[-0.00523138 -0.00378851  0.00048888]]
[[ 0.00309707  0.00032919 -0.00307749]]
[[ 0.00034999 -0.02060664  0.01308085]]
[[ 0.00044536 -0.00223387  0.00243703]]
[[ 0.00020123 -0.00179384  0.00292602]]
[[-0.01794489 -0.02316155  0.0181275 ]]
[[-0.04097497 -0.00599557  0.03694083]]
[[-0.03208223 -0.01156982  0.02673139]]
[[-0.03944578  0.03046114  0.04223651]]
[[ 0.0064557  -0.00123296 -0.00085673]]
[[-0.00679955 -0.01394053  0.00683156]]
[[-0.01319449  0.01067493  0.00843406]]
[[ 0.00171784  0.0002722   0.0116195 ]]
[[-0.00504586  0.02019775  0.00854896]]
[[ 0.00332139 -0.00119588  0.00013951]]
[[ 0.00090713  0.00231563 -0.00574728]]
[[ 0.00011549  0.00368907 -0.00629865]]
[[-0.00413044  0.00058574 -0.03833699]]
[[ 0.00672967  0.0057903  -0.03765875]]
[[-0.00152565  0.05302879 -0.02356945]]
[[ 0.01813744  0.01201527 -0.03465705]]
[[-0.0108348   0.00764004 -0.03930252]]
[[-0.00155915  0.00319036 -0.01473944]]
[[-0.00201687  0.00241182 -0.00370669]]
[[ 0.00488895  0.00503643 -0.00043477]]
[[-0.00530672  0.01059002 -0.00456605]]
[[ 0.00186724  0.00085957 -0.00299571]]
[[ 0.00244225 -0.00336017 -0.00179161]]
[[-0.00361262  0.05767759  0.02734125]]
[[-0.00202334  0.00493179  0.0079944 ]]
[[-0.00064831  0.00792304  0.00772459]]
[[-0.02354915  0.00478053  0.07408083]]
[[-0.05334956  0.03140162  0.09034727]]
[[-0.02164617 -0.01890956  0.07651306]]
[[-0.06578051  0.05969577  0.09056267]]
[[-0.0051995  -0.02057083  0.00607857]]
[[-0.01217069 -0.01128717  0.00642259]]
[[-0.01981493  0.0118101   0.01010543]]
[[ 0.01283282 -0.01176595  0.02440736]]
[[-0.01340245  0.03436199  0.00548592]]
[[ 0.00334866  0.0100581   0.00643608]]
[[  3.68104500e-03   3.69331952e-05  -3.30963638e-03]]
[[ 0.00343564 -0.00059286 -0.00427484]]
[[ 0.0244513   0.02221828 -0.03002462]]
[[ 0.01122607  0.02083792 -0.02609091]]
[[ 0.00602008  0.00564209 -0.02086876]]
[[-0.02486066  0.04913514 -0.05435883]]
[[ 0.03483976  0.13504282 -0.05191802]]
[[-0.01914668  0.02905625 -0.02324136]]
[[-0.02148515  0.02035882  0.0095715 ]]
[[-0.00645754  0.00324964  0.00878445]]
[[ 0.00586599  0.05856231 -0.02650401]]
[[ 0.05602392  0.02140056 -0.00605676]]
[[ 0.00071678 -0.00659433  0.00354438]]
[[-0.00608118 -0.00567549  0.02091502]]
[[ -3.68964104e-03  -3.60586912e-05   3.31682041e-03]]
[[-0.00343848  0.00059224  0.00427425]]
[[-0.02445237 -0.02220929  0.03008128]]
[[-0.01122274 -0.0208621   0.02611051]]
[[-0.03483912 -0.13503988  0.05203664]]
[[ 0.0248454  -0.04908296  0.0543156 ]]
[[-0.00594549 -0.05864588  0.02654752]]
[[-0.05603812 -0.02141612  0.00605554]]
[[-0.00080197  0.00658395 -0.00350494]]
[[ 0.01913963 -0.0290249   0.02321364]]
[[ 0.0214414  -0.02034742 -0.00956179]]
[[ 0.00646086 -0.00321002 -0.00879428]]
[[ 0.0020169  -0.00493076 -0.00798964]]
[[ 0.0006549  -0.00793101 -0.00772336]]
[[ 0.02354562 -0.00470898 -0.07405263]]
[[ 0.05340666 -0.03139651 -0.09039124]]
[[ 0.00359871 -0.05770607 -0.02729526]]
[[ 0.06592043 -0.05969407 -0.09052715]]
[[ 0.02170961  0.01888844 -0.07646944]]
[[-0.01283858  0.01177117 -0.02436375]]
[[ 0.01342614 -0.03438076 -0.00543719]]
[[-0.0033184  -0.01003583 -0.00644367]]
[[ 0.00515564  0.0205299  -0.00601545]]
[[ 0.01216999  0.01129553 -0.00642315]]
[[ 0.01979903 -0.01183485 -0.01008903]]
[[ 0.00149853 -0.05303502  0.02361505]]
[[-0.00090643 -0.00231638  0.00575186]]
[[-0.00011784 -0.00368784  0.00629733]]
[[ 0.00409802 -0.00058611  0.03833977]]
[[-0.00676108 -0.00578998  0.0376389 ]]
[[ 0.01082573 -0.00764546  0.03928605]]
[[-0.01813757 -0.01198763  0.03466671]]
[[ 0.00530357 -0.01058327  0.00459358]]
[[-0.00186644 -0.00086172  0.00299932]]
[[-0.00245449  0.00336185  0.00180357]]
[[ 0.0015624  -0.00318264  0.01474452]]
[[ 0.00200657 -0.00241213  0.00371477]]
[[-0.00487626 -0.0050263   0.00042593]]
[[-0.00044582  0.00223563 -0.00243482]]
[[-0.00019758  0.00179114 -0.0029247 ]]
[[ 0.01795813  0.02320419 -0.01812704]]
[[ 0.04103303  0.00601915 -0.03696985]]
[[-0.00033637  0.02061572 -0.01306904]]
[[ 0.03954089 -0.03048808 -0.04222934]]
[[ 0.03212825  0.01154928 -0.0267268 ]]
[[-0.00171917 -0.00026699 -0.01159437]]
[[ 0.00507127 -0.02022087 -0.0085132 ]]
[[-0.00330896  0.00120523 -0.00014211]]
[[-0.00647252  0.00121488  0.0008802 ]]
[[ 0.00680315  0.01394702 -0.00682835]]
[[ 0.01319846 -0.01068455 -0.00842494]]
[[-0.00382004  0.01248376 -0.00516798]]
[[-0.00031538  0.00163614 -0.00029572]]
[[-0.00088091  0.00103917 -0.00055779]]
[[-0.00504542  0.00805832 -0.00157733]]
[[ -7.83994523e-03   8.40481311e-03   6.54609814e-06]]
[[-0.00364601  0.02303447 -0.00597102]]
[[-0.01008342  0.01570964 -0.00258302]]
[[-0.00421929  0.00964871 -0.00358438]]
[[ 0.0052308   0.00379267 -0.0004907 ]]
[[-0.00308056 -0.00033392  0.00307051]]
[[-0.00029852  0.00234497 -0.00295336]]
[[-0.0050521   0.00739883 -0.00129823]]
[[ 0.00029873  0.00226606 -0.0005906 ]]
[[ 0.00647939 -0.00024985  0.00155506]]
[[ 0.00207359  0.00012725  0.0011855 ]]
[[ 0.05797395  0.00762086  0.03520779]]
[[  6.32174359e-02  -2.09593322e-05  -5.98935305e-03]]
[[ 0.01931519  0.00116875  0.00939957]]
[[ 0.04850392 -0.00569108 -0.01947446]]
[[ 0.0760701   0.01880308  0.02163968]]
[[-0.00026379  0.00318175 -0.00197227]]
[[ 0.0060342  -0.00976766  0.0039823 ]]
[[ 0.00944094  0.00919128  0.00298155]]
[[ 0.00460704 -0.01097324 -0.00039249]]
[[ 0.02970933  0.00842935 -0.00959744]]
[[ 0.0136297  -0.00963176 -0.01163715]]
[[ 0.01656443  0.00418996  0.00777238]]
[[ 0.0022194   0.00028534  0.00047374]]
[[ 0.00351539  0.00130711  0.00185562]]
[[ 0.04323886  0.01023473  0.02970799]]
[[ 0.05230719  0.00388021 -0.00397902]]
[[ 0.03357387  0.00829832  0.03218561]]
[[ 0.05612351 -0.00474042  0.00682038]]
[[ 0.00197744 -0.00988081  0.00242513]]
[[ 0.00743011  0.00783098 -0.00332954]]
[[ 0.00358677 -0.00083376 -0.00320549]]
[[-0.00112072 -0.0022595   0.01138638]]
[[ 0.01423446 -0.0077425   0.00302086]]
[[ 0.0177513   0.00791798  0.00765637]]
