[[-0.00137021 -0.00083569 -0.00088256]]
[[-0.00050909 -0.00207037 -0.00107182]]
[[-0.01973488 -0.00907463 -0.01800193]]
[[-0.0207248  -0.00950231 -0.00236174]]
[[-0.00557106 -0.01228269 -0.01209822]]
[[-0.01846126 -0.00303011 -0.0044139 ]]
[[-0.01800111 -0.01116006 -0.01701897]]
[[ 0.00037726  0.000696   -0.00487941]]
[[-0.00531285  0.00045079  0.00083796]]
[[-0.00613776 -0.00453736 -0.00315051]]
[[-0.00016764  0.00288519 -0.00043298]]
[[-0.00559262 -0.00542736  0.00193537]]
[[-0.00087687  0.00047373  0.00090825]]
[[-0.00967844 -0.0103821  -0.01380965]]
[[-0.00381765 -0.00099505 -0.00193729]]
[[-0.00112932 -0.00078052 -0.0013341 ]]
[[-0.04344672 -0.01207547 -0.03249692]]
[[-0.04801814 -0.00440814  0.00281932]]
[[-0.0595601  -0.02884917 -0.01771654]]
[[-0.03615058 -0.00276188  0.0146737 ]]
[[-0.00064843  0.00452565  0.00235532]]
[[-0.02549551 -0.01042016  0.00804453]]
[[-0.00877572  0.00723865  0.00746975]]
[[  1.53683753e-05  -2.82898679e-03   1.97265643e-03]]
[[-0.00360474  0.00441815 -0.00255502]]
[[-0.00894177 -0.00845234 -0.00260167]]
[[ 0.00021363 -0.00094668  0.00075643]]
[[ 0.00042231 -0.00054435  0.0008936 ]]
[[ 0.00291157 -0.00476982  0.00445829]]
[[ 0.00364058 -0.00518859  0.00363623]]
[[ 0.00124218 -0.00603156  0.00995322]]
[[ 0.00488915 -0.012063    0.00587242]]
[[ 0.00318032 -0.01723611  0.00750372]]
[[ 0.00041347 -0.00232632  0.00374041]]
[[ 0.00377356 -0.0053283   0.00088064]]
[[-0.00063968 -0.00210253  0.00061991]]
[[ 0.00332202 -0.00771778  0.00312954]]
[[-0.00407578 -0.00281837  0.00050375]]
[[ 0.00190431  0.00047418 -0.00192515]]
[[-0.00227169 -0.01267001  0.01603458]]
[[ 0.00019576 -0.00155501  0.00245495]]
[[-0.00010817 -0.00091752  0.00281243]]
[[-0.0221689  -0.01880764  0.01324255]]
[[-0.04405324 -0.00083759  0.03550423]]
[[-0.0369038  -0.00475172  0.01947403]]
[[-0.04255163  0.04292195  0.03660358]]
[[ 0.00441031  0.00265455 -0.00284137]]
[[-0.0066375  -0.01278974  0.00604991]]
[[-0.01433162  0.01093979  0.00896939]]
[[ 0.00183714  0.0007151   0.00767275]]
[[-0.00763068  0.02615451  0.00637502]]
[[ 0.00568979  0.00040963  0.00033266]]
[[ 0.00117997  0.00129005 -0.0047929 ]]
[[ 0.00020144  0.00262539 -0.00511849]]
[[-0.00175143 -0.00210983 -0.03209597]]
[[ 0.00762427  0.00239953 -0.03181342]]
[[ 0.000116    0.03917053 -0.01633159]]
[[ 0.01714979  0.00702683 -0.02970907]]
[[-0.00795094  0.00199743 -0.03222978]]
[[-0.00128657  0.00253505 -0.01229005]]
[[-0.00087223  0.00057488 -0.00276929]]
[[ 0.00390907  0.00372442 -0.00045998]]
[[-0.00347971  0.00705546 -0.00332096]]
[[  8.64666442e-04  -9.56173657e-05  -2.40936214e-03]]
[[ 0.00281837 -0.00283626 -0.00224985]]
[[ 0.00091775  0.03098634  0.03401269]]
[[-0.00145108  0.00185658  0.00839482]]
[[ 0.00030794  0.00471672  0.00819188]]
[[-0.00679717 -0.01873295  0.09022992]]
[[-0.02969577  0.00170749  0.08666622]]
[[ 0.00659147 -0.09414598  0.10545933]]
[[-0.02652355 -0.01557148  0.11309498]]
[[ 0.00608217 -0.0555925   0.02316587]]
[[-0.0249278  -0.02053201  0.00792684]]
[[-0.0066039   0.00774114  0.00056043]]
[[ 0.01473172 -0.02227603  0.04395012]]
[[ 0.0069234  -0.00298415  0.00847754]]
[[-0.00235781  0.00266421  0.0055095 ]]
[[ 0.00415909 -0.00161424 -0.00436254]]
[[ 0.00440466 -0.00221262 -0.00523824]]
[[ 0.02961013  0.01245898 -0.03795574]]
[[ 0.02221698  0.01088216 -0.03640908]]
[[ 0.00897329 -0.00951631 -0.02495658]]
[[-0.01041353  0.03984058 -0.06393989]]
[[ 0.03719763  0.12187383 -0.0585945 ]]
[[-0.01926984  0.02889401 -0.02573393]]
[[-0.01872066  0.01464357  0.01074943]]
[[-0.00551891  0.00339044  0.00863807]]
[[ 0.00719165  0.0542826  -0.02589632]]
[[ 0.05463841  0.01878142 -0.00675447]]
[[ 0.00414904 -0.00788208  0.00042506]]
[[-0.00451108 -0.01533908  0.02508302]]
[[-0.00361982 -0.00063695  0.00438797]]
[[-0.00356374 -0.00025329  0.00552376]]
[[-0.02048395 -0.02321729  0.04178954]]
[[-0.01027361 -0.02448165  0.03410198]]
[[-0.02808453 -0.14382739  0.0667904 ]]
[[ 0.02463364 -0.06324418  0.06676018]]
[[-0.00292193 -0.06449685  0.03021738]]
[[-0.05715306 -0.02232364  0.00739531]]
[[ -4.53111254e-05   6.84158313e-03  -3.64289444e-03]]
[[ 0.01939268 -0.03043002  0.03016349]]
[[ 0.02468451 -0.02653532 -0.00788721]]
[[ 0.00380311 -0.00586862 -0.00911033]]
[[ 0.0024364  -0.00409264 -0.01007917]]
[[ 0.00070775 -0.00739458 -0.00974721]]
[[ 0.02227169  0.00346274 -0.08857832]]
[[ 0.05143357 -0.02078619 -0.10085302]]
[[ 0.00765818 -0.05421425 -0.05226738]]
[[ 0.05392587 -0.03845091 -0.11295637]]
[[ 0.02006118  0.05695379 -0.0977719 ]]
[[-0.01500954  0.0194413  -0.03681869]]
[[ 0.00611947 -0.02417658 -0.00601567]]
[[-0.00559054 -0.0084892  -0.00696082]]
[[ 0.00035945  0.03841479 -0.01363823]]
[[ 0.02374872  0.01755597 -0.00772372]]
[[ 0.01773416 -0.01374063 -0.00807777]]
[[ 0.00650128 -0.05526433 -0.00055701]]
[[-0.00119629 -0.0025719   0.00377023]]
[[ 0.00097454 -0.00375994  0.00452246]]
[[ 0.00599699 -0.00308992  0.02776227]]
[[-0.00039217 -0.00809325  0.0258649 ]]
[[ 0.00895294 -0.01046526  0.03113374]]
[[-0.00829698 -0.01548616  0.02662968]]
[[ 0.00509943 -0.00968898  0.00443617]]
[[-0.00214988 -0.00164665  0.00272769]]
[[-0.00109444  0.00246729  0.00085324]]
[[ 0.0009054  -0.00252101  0.01245464]]
[[ 0.00347345 -0.0052158   0.00406252]]
[[-0.00403698 -0.00416322  0.00047175]]
[[  3.08410316e-05   7.48908251e-04  -2.58520035e-03]]
[[  3.45113866e-04   6.99817453e-05  -2.89051251e-03]]
[[ 0.02483333  0.01244343 -0.00870985]]
[[ 0.04470468 -0.00519261 -0.03379327]]
[[ 0.00455119  0.00459996 -0.02051999]]
[[ 0.04307786 -0.05278445 -0.03153457]]
[[ 0.04110056 -0.00262974 -0.01285503]]
[[-0.00173058 -0.00131626 -0.00456777]]
[[ 0.00917083 -0.03049594 -0.00493687]]
[[-0.00792076 -0.00214387 -0.00071013]]
[[-0.00231082 -0.00651351  0.004802  ]]
[[ 0.00628759  0.01142476 -0.00510484]]
[[ 0.01541643 -0.01113677 -0.00956285]]
[[ 0.00102855  0.00029492 -0.01562524]]
[[-0.00019828  0.00039106 -0.00120122]]
[[ -7.36272809e-06   7.15044443e-05  -1.21291545e-03]]
[[-0.00138677  0.00205237 -0.00696443]]
[[-0.00034126  0.00226671 -0.00685245]]
[[-0.00270025  0.01172612 -0.00866765]]
[[-0.00050216  0.00784017 -0.00821409]]
[[-0.00243922  0.00595786 -0.00250001]]
[[ 0.00301396  0.00185211 -0.00045628]]
[[-0.00080945 -0.00065838  0.00092247]]
[[-0.00048868  0.00216965 -0.00414188]]
[[-0.00238168  0.00313614 -0.00050191]]
[[ 0.00066996  0.00165142 -0.00069063]]
[[ 0.00380165 -0.00046584  0.00207303]]
[[  1.20074341e-03  -1.48654885e-05   1.27385690e-03]]
[[ 0.04171781  0.00538639  0.0317333 ]]
[[ 0.04515404 -0.00066597 -0.00189834]]
[[ 0.01043478 -0.00095308  0.01095242]]
[[ 0.03456709 -0.00564139 -0.01082517]]
[[ 0.05764741  0.01101348  0.02159998]]
[[ 0.00013958  0.00188632  0.00010807]]
[[ 0.00486189 -0.00765048  0.00302497]]
[[ 0.00671756  0.00632367  0.002099  ]]
[[ 0.00463936 -0.00993561  0.00057203]]
[[ 0.02165359  0.00509524 -0.00648013]]
[[ 0.00998715 -0.0065904  -0.00843418]]
[[ 0.00736481  0.00092728  0.00829032]]
[[  1.34786437e-03  -1.89829459e-05   5.04801595e-04]]
[[ 0.00091537  0.0004389   0.0009987 ]]
[[ 0.02174626  0.00393369  0.01664075]]
[[ 0.02522369  0.00164738 -0.00090547]]
[[ 0.01988327  0.00067924  0.01757399]]
[[ 0.02565646 -0.01405604  0.00486865]]
[[ 0.00177377 -0.00674659  0.00217997]]
[[ 0.00368129  0.00367765 -0.00158241]]
[[ 0.00277356 -0.00092141 -0.00242587]]
[[-0.00035878 -0.00165604  0.00675038]]
[[ 0.01050197 -0.00801029  0.0008471 ]]
[[ 0.00428759  0.00074002  0.00230817]]
