[[-0.02747009 -0.02513778  0.00924345]]
[[ 0.04572075 -0.00687847  0.04811013]]
[[ 0.01362042  0.00730345  0.01925968]]
[[-0.0180202   0.0110051   0.00720937]]
[[-0.04711473 -0.01158099  0.00357349]]
[[ 0.04987589 -0.0165832   0.02348808]]
[[-0.03050752 -0.00304673 -0.03701784]]
[[-0.00358159 -0.00458261 -0.03338692]]
[[-0.02372665 -0.02210011  0.02478583]]
[[ 0.03409958 -0.01177635  0.06130399]]
[[-0.05944385  0.00282418 -0.03440416]]
[[ 0.02514048 -0.00942176 -0.02292857]]
[[ 0.01003464 -0.03530466  0.00915496]]
[[-0.01249383 -0.00718314  0.02133371]]
[[ 0.02314223  0.02850091  0.02272527]]
[[-0.04558207  0.01784122  0.00060236]]
[[-0.03434122  0.01937416  0.01746056]]
[[ 0.02412705 -0.01726415 -0.00503233]]
[[-0.00558603  0.01392061  0.00058021]]
[[ 0.0221573   0.00805528  0.0204716 ]]
[[-0.05300832 -0.04850398  0.02234254]]
[[ 0.08903569 -0.01572612  0.09321826]]
[[ 0.02539379  0.00808535  0.01888962]]
[[-0.01949255  0.01819001  0.00405169]]
[[-0.14929384 -0.04283097  0.05985258]]
[[ 0.15306453 -0.05095696  0.1575812 ]]
[[-2.57642783 -1.83868852 -3.89820741]]
[[ 2.03902925 -1.32972067 -2.62152041]]
[[-0.03748632 -0.03585902  0.12430184]]
[[-0.12217852 -0.08195112  0.01236031]]
[[ 3.67001455 -0.71858447  1.04760773]]
[[-1.83732827  1.90414917  0.02010555]]
[[ 0.0039492  -0.00938109 -0.01586166]]
[[ 0.17541355  0.07464096 -0.01223208]]
[[ 0.0432958  -1.25599323 -4.11132866]]
[[ 0.2934206  -4.53412078 -0.54115187]]
[[ 0.12698609  0.12436583  0.00123433]]
[[-0.2721228   0.03889385 -0.10051009]]
[[-2.6734617  -0.18218756  2.83223037]]
[[ 3.29506512  2.28612521 -0.36685957]]
[[-0.03083365  0.03891118 -0.04312418]]
[[ 0.06391168  0.06500302  0.03385363]]
[[ 0.93021943  1.59442942  0.40907506]]
[[-2.03197064 -0.02365594  2.52064784]]
[[ 0.04101277 -0.02401612  0.09437565]]
[[-0.11303382 -0.09016615  0.08934208]]
[[-0.07653075 -3.16682246 -1.84787014]]
[[ 4.49925756 -0.2062235  -1.46543869]]
[[-0.11375468 -0.08711339  0.00455189]]
[[ 0.15081913  0.04229362  0.05814515]]
[[-3.45206104 -0.37016309 -2.17773807]]
[[-1.71565564 -3.4324682  -0.98446364]]
[[ 0.08152689  0.2307365  -0.02550033]]
[[ 0.06581741  0.0963346  -0.19934051]]
[[ 1.95654205  0.65304948  2.21770666]]
[[ 0.66222265  1.27118524  2.15583233]]
[[ 0.19272911 -0.0461587  -0.07266352]]
[[-0.26221362  0.07993377 -0.0082925 ]]
[[ 0.17795663 -1.33473681  0.02978847]]
[[-1.5983617  -0.36653468 -0.78973966]]
[[-0.09829678 -0.01031042  0.11827334]]
[[ 0.16110707 -0.0449169   0.20147857]]
[[ 2.68842036 -1.21045138 -0.68501708]]
[[-2.64521435  0.03518581 -1.65015457]]
[[ 0.13490073 -0.07587061  0.07294164]]
[[-0.03520596  0.04321648  0.06574507]]
[[ 0.03833166 -1.3465191  -2.99225702]]
[[ 1.90880397 -4.66746415  0.21704623]]
[[-0.05599757  0.16899338 -0.0174787 ]]
[[ 0.02501769  0.05357406 -0.11515148]]
[[-2.34369897 -1.348277    2.58388296]]
[[ 3.09938773  2.64962495 -0.82651748]]
[[-0.14844722 -0.14631237  0.1759894 ]]
[[ 0.45324359 -0.06760494  0.43811575]]
[[-6.12361592 -1.44545125 -2.39335996]]
[[ 5.97659824 -1.39036845 -0.79360768]]
[[-30.34517454 -10.07643049   1.92394567]]
[[ 43.45844678  -8.75744334  18.04138302]]
[[-0.86392834 -0.20151857 -1.19463077]]
[[ 0.87704022  0.16166749 -1.29475176]]
[[  4.88751245  -2.75339559  12.53563465]]
[[ -9.20605157  -7.229701    11.64966421]]
[[-1.41144178  0.52304423 -0.06702595]]
[[ 0.4081261   0.57184804 -0.53697418]]
[[ -5.96164265 -24.15088414  -1.64005081]]
[[ -1.47377837  -4.69482607  15.91133016]]
[[ 1.35845211  1.19719725  0.68870025]]
[[-1.90581465  0.69950388  0.25539467]]
[[ -9.11867852   9.75567746  11.85681179]]
[[ 13.90722785 -12.01176944  -6.41392577]]
[[-0.05122941  0.43371086  0.32023569]]
[[ 1.53703183  0.75039114  0.56963999]]
[[-6.05630458  4.22725891  3.20228902]]
[[ 16.44021777   7.1422588    4.75254488]]
[[-0.52835739  0.17225141  0.44721201]]
[[ 0.01866296  0.10440971 -0.16500287]]
[[ 15.5832691    3.53315619   2.41150886]]
[[-12.25719943   2.74051904   6.52622938]]
[[ 0.0304559   0.83177764  1.04787644]]
[[-0.6397623   1.12968342 -0.13972554]]
[[-13.25533338 -23.82160982  -7.43919772]]
[[ -1.49911174  -4.53238561  20.57865078]]
[[ 0.4184049   0.93512098  0.27891752]]
[[-0.28044523  0.74766607  0.24049625]]
[[-10.1013605    0.14728706   6.52907911]]
[[ 23.23302507 -14.11036946  -3.02783094]]
[[ 0.60434031  0.85240076  0.41574561]]
[[-0.74783054  0.77745754  0.38681969]]
[[ 11.55543694   2.24419359   4.0384205 ]]
[[-10.37864267   3.32086787  -4.58799818]]
[[ 0.51393074  0.16245222 -0.00070569]]
[[-0.30227824  0.25035216 -0.17676156]]
[[ 16.80714046  15.1533138   -8.4082461 ]]
[[-31.92843538   4.3937752  -31.99268533]]
[[-0.31297541 -0.44993633 -0.19306191]]
[[ 0.36368755 -0.49233559 -0.36687883]]
[[ -7.19811310e+00   5.36212764e+00   2.59276157e-03]]
[[-5.15941993 -1.29551915 -0.87967389]]
[[-0.77578739  0.4757224   0.70284699]]
[[-0.18809246  0.35485371 -0.0930786 ]]
[[ 6.74163062  3.4237303   8.49237757]]
[[ 2.58648253  0.83316561  0.52624139]]
[[ 0.56462858  0.73197259  0.68750923]]
[[-0.78160211  0.82914039  0.1527922 ]]
[[ 2.88576127 -9.80453432 -4.86395737]]
[[-3.11615091  6.77623274  7.42726567]]
[[ 0.20243256  0.58430921  0.29797533]]
[[ 0.13742299  0.41484962 -0.08861129]]
[[-7.33735137 -0.95683149  1.49671344]]
[[-3.09354653 -8.27850975  1.40420519]]
[[-0.01561159  0.99626513  0.83380548]]
[[-0.46207855  1.32603269 -0.12475242]]
[[ 1.43671126 -0.84830826  5.51692695]]
[[ 8.08228541 -0.63504839  1.49293842]]
[[ 0.89230896  0.91207892 -0.14746995]]
[[-0.81200554  0.31482824  0.28622464]]
[[-2.51188768  2.4701074  -1.52383904]]
[[-0.94955114  3.75499848 -0.91250325]]
[[-0.10893659  0.05946872 -0.29039494]]
[[ 0.7707033  -0.10471126  0.37944762]]
[[ 15.7784764   14.49544271  -8.95142131]]
[[-19.56044586   6.39842545 -21.97971351]]
[[-0.08797163  0.19367678  0.2637105 ]]
[[-0.37750575  0.21635908  0.34105621]]
[[-5.97269031 -2.34132848  1.53334106]]
[[-9.96823546 -6.58211032  8.20605878]]
[[ 0.21278504  0.16925242  0.30103256]]
[[ 0.127917    0.01467474  0.12669214]]
[[-1.28380034 -3.97109333  3.32524254]]
[[ 15.97777039   1.51287271   3.60640531]]
[[-0.45026424  0.70879423  1.07298205]]
[[ 0.10508538  0.68144881 -0.03129161]]
[[ 1.99945274  3.41791167 -2.04907281]]
[[-6.71411674  0.72266146 -3.43650533]]
[[ 0.36563284  1.07024712  0.89852375]]
[[-1.02670512  1.56559252 -0.03100707]]
[[ 2.21211662 -4.01283617  1.48806757]]
[[-1.41876872 -2.97901823  5.44312566]]
[[ 0.98145222  0.77456209 -0.62593251]]
[[-0.61750883 -0.49248198  0.68717511]]
[[ 9.58409298  8.88475531 -1.54578972]]
[[-13.33545219   0.1452511  -11.35049219]]
[[ 0.08049642  0.32086945  1.07021098]]
[[ 0.10239706  0.31247853  0.36037988]]
[[-1.49865693 -5.47748408 -0.87641618]]
[[-5.01794222 -1.11371328  6.74345477]]
[[-0.45437813  0.87588374  1.02911141]]
[[-0.58572693  1.23624984  0.40146612]]
[[-3.04566106  0.06929224  0.04559613]]
[[ 6.03006507 -0.64791672 -1.28826372]]
[[ 1.55925806  0.66767535 -0.25333562]]
[[-1.31501901 -0.15757693  0.67733338]]
[[ 1.49761679  1.17301066  0.48138713]]
[[-2.06148413 -0.86176455 -1.96003836]]
[[ 1.34869321  0.43529356  0.54254039]]
[[-1.3059692   0.4272578   0.15690296]]
[[ 0.11115822  0.16100245 -0.07688388]]
[[-0.28898561 -0.00899773 -0.31322617]]
[[-0.1321825  -0.09861083 -0.19353203]]
[[ 0.11292918 -0.05436459 -0.15244584]]
[[-0.12704106 -0.15232439 -0.18152873]]
[[-0.02533785 -0.15836592  0.05698775]]
[[ 0.16549386 -0.01351417  0.07172467]]
[[-0.1259501   0.13300586 -0.00331824]]
[[-0.14024546 -0.06010479 -0.11441484]]
[[ 0.20542716 -0.15459077 -0.06742202]]
[[ 0.049088   -0.03825123 -0.21146413]]
[[-0.0182501  -0.23298549 -0.00510161]]
[[ 0.13844347 -0.06928681  0.05986644]]
[[ 0.00426208 -0.12323491 -0.00844958]]
[[-0.16086932 -0.01270206  0.15817144]]
[[ 0.23123348  0.13245081 -0.01170416]]
[[-0.63009518 -0.48276582  0.36697758]]
[[ 0.89871384 -0.24891753  1.02103071]]
[[ 0.08507696  0.12473209  0.09692496]]
[[-0.16158255  0.0563251   0.15943211]]
[[ 0.35311746 -0.19490036 -0.09651901]]
[[ 0.1472842   0.14866611  0.02279733]]
[[ 0.0286606  -0.14618694 -0.08298275]]
[[ 0.23407615  0.02084066 -0.06679074]]
[[-0.30424282 -0.18748852 -0.19729934]]
[[-0.39373993 -0.22106996  0.0402102 ]]
[[-0.19111926  0.00762104 -0.10381036]]
[[-0.10277282 -0.1609413  -0.043884  ]]
[[-0.21030051 -0.03983631  0.25716611]]
[[ 0.6190315  -0.34886677  0.04144588]]
[[ 0.13069911  0.05689054  0.12865964]]
[[ 0.00444656  0.08066696  0.13454156]]
[[ 0.18088494  0.01248568 -0.00871952]]
[[-0.14574709  0.16442565 -0.02873155]]
[[ 0.01600339 -0.08581089 -0.00549565]]
[[-0.06074345 -0.02204672 -0.04626838]]
[[-0.41623142 -0.5064809   0.09554572]]
[[ 0.48469873 -0.10479     0.66480361]]
[[ 0.14278503 -0.02657768 -0.01048542]]
[[-0.14888793  0.03334399 -0.09528414]]
[[-0.06957727  0.00969305  0.07540461]]
[[ 0.35970197 -0.10121285 -0.1259409 ]]
[[ 0.02274188 -0.03239562 -0.14135738]]
[[ 0.06319006 -0.21542999  0.01581913]]
[[ 0.20909832 -0.19485003 -0.11794199]]
[[-0.26946542 -0.03289879  0.0614517 ]]
[[-0.09929122 -0.05372474  0.13010827]]
[[ 0.16855141  0.14400165 -0.02906854]]
[[-0.14252319 -0.2292738  -0.0890774 ]]
[[ 0.22867476 -0.00376579  0.23158119]]
[[-0.30440343 -0.0640029  -0.1388416 ]]
[[ 0.29632666 -0.0684229  -0.05694714]]
[[-0.03645321 -0.01098585 -0.00325724]]
[[ 0.0572111  -0.01366916  0.0140384 ]]
[[ 0.03057217  0.01316819  0.03787001]]
[[-0.01373624  0.02010899  0.01902322]]
[[-0.01568531 -0.02165212  0.0327555 ]]
[[ 0.05211859 -0.01462888  0.06749191]]
[[ 0.01303905  0.00947634  0.02430197]]
[[-0.00308483  0.00785176  0.01644623]]
[[ 0.0119228  -0.0398063   0.00867837]]
[[-0.01905992 -0.00412187  0.02524003]]
[[-0.00680806  0.00345647  0.01134001]]
[[ 0.00876282  0.02083547  0.00599973]]
[[-0.03303349  0.01557535  0.01131154]]
[[ 0.04266592 -0.01553152 -0.00343903]]
[[ 0.02062999  0.0021735  -0.00814714]]
[[-0.02131354 -0.00753131 -0.00228752]]
[[-0.04113245 -0.0516904   0.02581607]]
[[ 0.09059714 -0.01817702  0.09356031]]
[[ 0.02550274  0.00457253  0.0031751 ]]
[[-0.02259588  0.00525448 -0.00484371]]
[[ 0.0012041  -0.00597098  0.00165282]]
[[ 0.00989601 -0.00083351  0.00845804]]
[[ 0.0027319  -0.00051465  0.00087644]]
[[ 0.00253709  0.00139554 -0.00079179]]
