[[ 0.00042932  0.00303282 -0.0008225 ]]
[[-0.00029399  0.00223586  0.00020412]]
[[ -1.57512729e-05   2.30503747e-03   3.92711922e-05]]
[[ 0.00194261  0.00621184 -0.00087098]]
[[ 0.00222484  0.0064336  -0.00065653]]
[[ 0.00650499  0.01243142  0.00524389]]
[[ 0.00138395  0.00571745  0.00513406]]
[[ 0.00232943  0.00741663  0.00756251]]
[[-0.00075009  0.00425236  0.00255445]]
[[-0.00062903  0.00288094  0.00132787]]
[[  6.25263462e-05   3.93835109e-03   1.07757929e-03]]
[[ 0.0004044   0.0013893  -0.00022056]]
[[-0.00065931  0.00173386  0.00040049]]
[[-0.00031092  0.00178421 -0.00042403]]
[[ 0.00521961  0.00933434 -0.00470995]]
[[ 0.01688165  0.01601062  0.00730497]]
[[ 0.00667411  0.00612128  0.01403142]]
[[-0.00101475  0.00218841  0.00088185]]
[[-0.00163062  0.00321153  0.00490939]]
[[-0.00161233  0.00237125  0.00178243]]
[[-0.00219729  0.00279305  0.00143987]]
[[-0.00216602  0.00174666  0.00171201]]
[[-0.00166036  0.0019449   0.0007353 ]]
[[ -2.01722275e-03   1.78186657e-03   6.43187519e-05]]
[[-0.00153656  0.00267182 -0.00091426]]
[[-0.0011903  -0.00028499  0.0031031 ]]
[[-0.00188286  0.00213475 -0.00111199]]
[[-0.00192703  0.00144202 -0.00035315]]
[[ 0.00036561  0.00251947 -0.0036493 ]]
[[-0.00074055  0.00233283 -0.00181487]]
[[ 0.003003    0.00478491 -0.00403124]]
[[ 0.00160392  0.00106249 -0.00551374]]
[[ 0.00060793  0.00321157 -0.00159139]]
[[-0.00110383  0.00167189 -0.00110768]]
[[ 0.00769566  0.00572099 -0.00185956]]
[[ 0.00035616  0.00225483 -0.00120458]]
[[ 0.00379042 -0.00208703  0.00650519]]
[[ 0.00409698  0.0036679   0.00821808]]
[[ 0.00368835  0.00412279  0.01002283]]
[[ 0.00133278  0.00767097  0.00926034]]
[[-0.00228632  0.00568931  0.00553991]]
[[-0.00148741  0.00884574  0.00264004]]
[[-0.00554023 -0.00482877  0.00309829]]
[[-0.00292001 -0.00686323  0.00681379]]
[[-0.00129966 -0.00570072  0.01145244]]
[[ 0.00431343 -0.01053065  0.01011056]]
[[ 0.00286267 -0.00756641  0.00872478]]
[[ 0.00127942 -0.00190167  0.00436837]]
[[ 0.00321031  0.00379032  0.0045982 ]]
[[ 0.00130578  0.00722274  0.00631614]]
[[-0.00121483  0.00886853  0.00264666]]
[[-0.00165084 -0.0050758   0.00768039]]
[[ 0.01084198 -0.01068898  0.01111144]]
[[-0.00053596 -0.00957892  0.00865757]]
[[-0.00260571  0.00585854 -0.0023626 ]]
[[-0.00420878 -0.00553731 -0.00208034]]
[[-0.00546949 -0.00365975 -0.00596054]]
[[-0.00228052  0.00785025 -0.00436378]]
[[-0.00133759 -0.00310747 -0.00044304]]
[[-0.00529265 -0.00430947 -0.00999164]]
[[-0.00410282  0.00295465 -0.00844256]]
[[-0.00149342  0.00805269 -0.00194968]]
[[-0.00612593 -0.00469516 -0.01269918]]
[[-0.00325099 -0.00075158 -0.00741246]]
[[-0.00222877  0.00538725 -0.00793303]]
[[ 0.00074365 -0.00759799 -0.01132863]]
[[-0.00122363  0.00269432 -0.00790077]]
[[  1.14456489e-06   5.50069376e-03  -4.33681138e-03]]
[[-0.0004097  -0.00374043 -0.00854376]]
[[ 0.00973412 -0.00367596 -0.01111251]]
[[ 0.00193588  0.00477355 -0.00484578]]
[[ 0.00426755 -0.00366275 -0.00459751]]
[[-0.00170716  0.00107399 -0.00062833]]
[[-0.00140142 -0.00113489  0.00057395]]
[[-0.00158544 -0.00055868  0.00065181]]
[[ 0.0008354   0.00541012  0.00066178]]
[[ 0.00184226  0.00255543  0.00119002]]
[[ 0.00793739  0.00834532  0.00755384]]
[[ 0.00348957 -0.00124372  0.00587147]]
[[ 0.00603513  0.00082766  0.00724896]]
[[ -8.40845796e-05  -1.72263369e-03   1.68652591e-03]]
[[-0.0009668  -0.00195744  0.00113552]]
[[-0.00049936 -0.00016785  0.0014335 ]]
[[-0.00300386  0.00080125 -0.00029291]]
[[-0.00143694 -0.00153862  0.00028281]]
[[-0.00165915 -0.00096103  0.00058108]]
[[ 0.00239244  0.01213564 -0.0039301 ]]
[[ 0.01716458  0.01474455  0.01111012]]
[[ 0.01106161  0.00156769  0.01467002]]
[[-0.00134625 -0.00215679  0.00023038]]
[[ 0.00192011 -0.00425634  0.00315113]]
[[-0.00115786 -0.00335357  0.00028664]]
[[-0.00066431 -0.0036266  -0.00053495]]
[[ 0.00247445 -0.00448156 -0.00054491]]
[[-0.0014952  -0.00314663 -0.00072318]]
[[-0.00101373 -0.003576   -0.0022962 ]]
[[ 0.00233474 -0.00328411 -0.00451569]]
[[ 0.00437547 -0.00453897  0.00187122]]
[[-0.00023878 -0.00318742 -0.0038588 ]]
[[-0.00147127 -0.0033288  -0.00228699]]
[[ 0.00459865 -0.00070292 -0.00753548]]
[[ 0.00016462 -0.00136812 -0.00453452]]
[[ 0.00560846  0.00283031 -0.0084536 ]]
[[ 0.00636674  0.0004341  -0.00969615]]
[[ 0.00168188  0.00041069 -0.00462812]]
[[-0.00075592 -0.00185197 -0.0030376 ]]
[[ 0.00990391  0.0069853  -0.0050981 ]]
[[ 0.00096103  0.00044101 -0.00407889]]
[[-0.00261137 -0.00139733  0.00740691]]
[[-0.00419089  0.00227188  0.00899006]]
[[-0.00067863  0.00069742  0.00942168]]
[[-0.00326502  0.00544506  0.00728486]]
[[-0.00345267  0.00098395  0.00300631]]
[[-0.00432667  0.00612206 -0.00022587]]
[[-0.004002   -0.01025532 -0.00025329]]
[[-0.00126556 -0.01244909  0.00280307]]
[[-0.00256978 -0.00790653  0.00726692]]
[[-0.00040064 -0.00860376  0.0074695 ]]
[[-0.00145457 -0.00567607  0.00717045]]
[[-0.00612288 -0.00014078  0.00431766]]
[[-0.01427602  0.00105137  0.00457976]]
[[-0.00719422  0.00973517  0.00410135]]
[[-0.00810104  0.01044315  0.0007399 ]]
[[ 0.00086463 -0.01191039  0.00125116]]
[[-0.00050266 -0.00827519  0.00392617]]
[[-0.00269603 -0.00664996  0.00499386]]
[[-0.00315466  0.00099136 -0.00586467]]
[[-0.00118885 -0.01302636 -0.00501685]]
[[-0.0036657  -0.00962628 -0.0082378 ]]
[[-0.00555638  0.00490679 -0.00976236]]
[[ 0.00110185 -0.01245802 -0.00380784]]
[[-0.00300886 -0.01166484 -0.0111271 ]]
[[-0.006866    0.00167048 -0.01487423]]
[[-0.00918291  0.00819212 -0.00928544]]
[[-0.00767408 -0.00789184 -0.01271259]]
[[-0.00072719 -0.01065462 -0.00747752]]
[[-0.01045484  0.00996953 -0.01505431]]
[[-0.00455301 -0.00732799 -0.01161732]]
[[-0.00699713  0.00756886 -0.01518045]]
[[-0.01635784  0.01496091 -0.01608858]]
[[-0.00628258 -0.00117767 -0.01143774]]
[[-0.00215031 -0.0070288  -0.0069634 ]]
[[-0.00426643  0.01327474 -0.01511825]]
[[-0.00216991 -0.00098175 -0.00923171]]
[[-0.00174496  0.0059021   0.00345011]]
[[ 0.00018983  0.00315005 -0.00061244]]
[[ -6.91498626e-05   4.07291103e-03  -1.72929216e-04]]
[[-0.0003356   0.00704992 -0.00132963]]
[[ 0.00228216  0.00726912 -0.00193839]]
[[ 0.00710809  0.01279976  0.00349473]]
[[ 0.0029489   0.00602732  0.00352518]]
[[ 0.00446618  0.00752356  0.0064686 ]]
[[ 0.00090876  0.00457736  0.00135062]]
[[  5.64088564e-04   3.49409235e-03   6.21804196e-05]]
[[ 0.00062079  0.00462575 -0.0002567 ]]
[[-0.00171863  0.01040945  0.01175647]]
[[ 0.00013753  0.00236619 -0.00035447]]
[[-0.00027693  0.00236635  0.00068928]]
[[ 0.00168929  0.01140159 -0.00572787]]
[[ 0.01717476  0.0162788   0.00559221]]
[[ 0.00910384  0.00591587  0.01277805]]
[[  2.41853271e-04   2.75130798e-03  -4.16441621e-06]]
[[ 0.00077342  0.003114    0.00439374]]
[[ 0.00029449  0.00274411  0.00110852]]
[[ 0.00010591  0.00289553  0.00128295]]
[[ 0.0005299   0.0016782   0.00219965]]
[[ 0.0001921   0.00233928  0.00043296]]
[[  1.01612317e-07   1.88448785e-03   5.32450238e-04]]
[[ 0.00066094  0.00225501  0.00024389]]
[[ 0.0021516  -0.00075163  0.00353756]]
[[  1.17093375e-04   2.00439219e-03  -5.93593663e-05]]
[[  1.88153671e-05   1.66102787e-03   1.86230676e-04]]
[[ 0.00229738  0.00218477 -0.00170867]]
[[ 0.000648    0.00210124 -0.00043893]]
[[ 0.0039873   0.00407288 -0.00183474]]
[[ 0.00421189  0.00036365 -0.00355218]]
[[ 0.00162271  0.00286047  0.0001402 ]]
[[  3.53835649e-04   1.65899214e-03  -4.56404194e-05]]
[[ 0.0081795   0.0046767   0.00025682]]
[[ 0.00105071  0.00185861  0.00054278]]
[[ 0.00194452 -0.00085314  0.00742942]]
[[ 0.00244503  0.00164375  0.0057571 ]]
[[ 0.00527492  0.00134722  0.00443992]]
[[ 0.00394393  0.00384326  0.00311015]]
[[ 0.00615938  0.0017153   0.00161248]]
[[ 0.00462638  0.00372242  0.00056807]]
[[ 0.00502258 -0.00230486  0.00014299]]
[[ 0.00342145 -0.00304149  0.00098363]]
[[ 0.00445808 -0.00259937  0.00316159]]
[[ 0.00165601 -0.00309578  0.00431119]]
[[ 0.00134587 -0.00365775  0.00639332]]
[[-0.00138475 -0.00336177  0.00869654]]
[[ 0.00040037  0.00207805  0.0031399 ]]
[[ 0.00112044  0.00412592  0.00216345]]
[[ 0.00175073  0.00410691  0.00047221]]
[[ 0.00147167 -0.00276423  0.00025668]]
[[ 0.00012009 -0.00214974  0.00213533]]
[[-0.00249318 -0.0041489   0.00782279]]
[[ 0.00613057  0.00128059 -0.00145693]]
[[ 0.00326591 -0.00258268 -0.00178638]]
[[ 0.00422987 -0.00234524 -0.00297216]]
[[ 0.00363714  0.00207156 -0.00227395]]
[[ 0.00127527 -0.00226451 -0.00177509]]
[[ 0.00057212 -0.00243695 -0.00398883]]
[[ 0.00295866 -0.00087596 -0.00324907]]
[[ 0.00155733  0.00250108 -0.00135046]]
[[-0.00010102 -0.0028561  -0.00331087]]
[[-0.00097503 -0.00163913 -0.00295232]]
[[ 0.0007057  -0.00022853 -0.00203999]]
[[-0.00157247 -0.00213096 -0.00147873]]
[[ 0.00021872 -0.00102841 -0.00112526]]
[[ 0.0003589   0.00017273 -0.00145643]]
[[-0.00068447 -0.0015672  -0.00036674]]
[[-0.00235728 -0.00132622 -0.00102876]]
[[ -7.66155743e-05  -3.77810883e-04  -5.79821340e-04]]
[[ -7.43379021e-04  -9.02827041e-04  -7.13350386e-05]]
[[ 0.00043837  0.00456711  0.00764418]]
[[ 0.00181065 -0.00384808  0.0032248 ]]
[[ 0.00221496 -0.00165217  0.00571333]]
[[ 0.00144913  0.01080784  0.00312264]]
[[ 0.00432447  0.00809081  0.00402067]]
[[ 0.00773666  0.01697348  0.01180432]]
[[ 0.00324239  0.00719205  0.01038557]]
[[ 0.00443149  0.01276279  0.01092319]]
[[ 0.00160059  0.00116534  0.0056131 ]]
[[ 0.00127269 -0.00282005  0.0041865 ]]
[[ 0.00445385  0.0008295   0.00541464]]
[[-0.00240677  0.00899764  0.01648465]]
[[-0.00134387 -0.00581747  0.00276293]]
[[-0.00100937 -0.00340939  0.00595463]]
[[ 0.00048337  0.01957483 -0.0036794 ]]
[[ 0.01550777  0.02386236  0.01384159]]
[[ 0.00940671  0.01331071  0.01754701]]
[[-0.0014587  -0.00428056  0.00133708]]
[[ 0.00091026  0.00644094  0.00429241]]
[[-0.00119982 -0.00374516  0.00049397]]
[[-0.00031536  0.00063088 -0.00231087]]
[[ 0.00095192  0.00833718 -0.00171095]]
[[-0.00318803 -0.00556227 -0.0026959 ]]
[[-0.00021581 -0.00433725 -0.00865109]]
[[ 0.00065676  0.00699859 -0.00823918]]
[[ 0.002665    0.00756881  0.00213464]]
[[ 0.00152747  0.00094645 -0.00981967]]
[[-0.00112644 -0.00801115 -0.01000933]]
[[ 0.00184494  0.00915742 -0.010517  ]]
[[ 0.00191    -0.00171027 -0.01028577]]
[[ 0.00363488  0.00938987 -0.01124727]]
[[ 0.00333273  0.00885076 -0.01030133]]
[[ 0.00284242  0.00440336 -0.0074988 ]]
[[ 0.00115551 -0.00674672 -0.00650022]]
[[ 0.00803966  0.01128433 -0.00861147]]
[[ 0.00248127  0.00362219 -0.00595664]]
[[-0.00159469 -0.0010317   0.01042167]]
[[-0.00569633  0.0021216   0.00953788]]
[[ 0.0021091   0.00038346  0.00892697]]
[[-0.00224277  0.00703879  0.00560747]]
[[ 0.00398149  0.00469033  0.00318103]]
[[-0.00079177  0.00889649 -0.00058243]]
[[ 0.00788942  0.00047777  0.00521256]]
[[ 0.0081217  -0.00357922  0.00974536]]
[[ 0.00664208 -0.00563513  0.01237279]]
[[ 0.01076033 -0.01565536  0.00978412]]
[[ 0.0047333  -0.00565235  0.00679539]]
[[-0.00723847 -0.00178323  0.01064188]]
[[-0.0193333   0.00129558  0.0037594 ]]
[[-0.01084957  0.01140444  0.00126469]]
[[-0.00994164  0.01261067 -0.00091641]]
[[ 0.0098146  -0.00683331  0.01341915]]
[[ 0.0160306  -0.02472501  0.00921321]]
[[ 0.00382701 -0.00517841  0.0046074 ]]
[[ 0.00419981  0.00520297 -0.00503932]]
[[ 0.00897353  0.0021227   0.00025475]]
[[ 0.00801673  0.00235674 -0.00573923]]
[[-0.00164372  0.00615591 -0.00981798]]
[[ 0.01426916  0.00107745  0.0024093 ]]
[[ 0.00678167  0.00059435 -0.01001507]]
[[ 0.00046984  0.00257981 -0.01263529]]
[[-0.01088719  0.00851735 -0.00981715]]
[[ 0.00385269 -0.00018892 -0.01214949]]
[[ 0.0100491  -0.0005981  -0.01003573]]
[[-0.00828795  0.00746035 -0.01093733]]
[[ 0.00687446 -0.00713455 -0.00841222]]
[[-0.00507466  0.00164262 -0.00695517]]
[[-0.01928983  0.01213678 -0.01372505]]
[[ 0.00098166 -0.00195842 -0.00359596]]
[[ 0.01368086 -0.00978173 -0.00964477]]
[[-0.00966706  0.00414367 -0.00531864]]
[[-0.00495213 -0.00774165 -0.00497263]]
[[-0.00118731  0.00199942 -0.00235668]]
[[-0.00059729  0.00130243 -0.00060789]]
[[-0.00103932  0.00085634 -0.00062531]]
[[ 0.00056618  0.00544984 -0.00251207]]
[[ 0.0018459   0.0057859  -0.00228816]]
[[ 0.0065295   0.01175474  0.00364948]]
[[ 0.00215123  0.00506841  0.00400069]]
[[ 0.00359689  0.00682531  0.00727496]]
[[  7.01555737e-05   3.53700788e-03   2.01154934e-03]]
[[-0.00022148  0.00219704  0.00050357]]
[[ -3.85063086e-05   3.06620790e-03   1.45253696e-05]]
[[-0.00238719  0.0007171  -0.00164761]]
[[ -7.34411153e-04   7.72120566e-04  -4.42469790e-05]]
[[-0.00105304  0.00039043 -0.00029824]]
[[ 0.00335533  0.00912628 -0.00652764]]
[[ 0.01668089  0.01542403  0.00547482]]
[[ 0.00831393  0.00541129  0.01334987]]
[[-0.00053776  0.00147947  0.00045943]]
[[-0.0004206   0.00224274  0.00550896]]
[[-0.00076073  0.00164451  0.00178673]]
[[-0.00111536  0.00190888  0.00228701]]
[[-0.00075157  0.00102624  0.00389875]]
[[-0.00082552  0.00128209  0.00090028]]
[[-0.00168298  0.00044847  0.00153108]]
[[-0.00127521  0.00087901  0.00249805]]
[[ 0.00100311 -0.00105336  0.00493529]]
[[-0.00192838  0.00041052  0.0014474 ]]
[[-0.0015539   0.00041942  0.00050556]]
[[ 0.00072378  0.00155524  0.00229962]]
[[-0.00281018 -0.00119775  0.00110494]]
[[ 0.00169114  0.00023591  0.00382207]]
[[ 0.0030956   0.00081593 -0.00078175]]
[[-0.0016889  -0.00142234  0.00315501]]
[[-0.00280969 -0.00073982 -0.00047862]]
[[ 0.0106044  0.0012568  0.0082906]]
[[-0.00354402 -0.00360758  0.00257229]]
[[ 0.00225555 -0.00070973  0.00548463]]
[[ 0.00224191  0.00239494  0.00541518]]
[[ 0.0050442   0.00130419  0.00470879]]
[[ 0.00347831  0.00406894  0.00385402]]
[[ 0.00557057  0.00170469  0.00276808]]
[[ 0.0037687   0.00412657  0.00208375]]
[[ 0.00432139 -0.00253142  0.0015962 ]]
[[ 0.00301714 -0.00365748  0.00187364]]
[[ 0.00408153 -0.00293817  0.00354851]]
[[ 0.00152451 -0.00429465  0.00379307]]
[[ 0.00099924 -0.00394743  0.00447722]]
[[ -6.84291774e-05   3.79256284e-05   4.50466661e-03]]
[[ 0.00018265  0.00300874  0.00350286]]
[[ 0.00074841  0.0045158   0.00274299]]
[[ 0.00100157  0.00473772  0.00150793]]
[[ 0.00103348 -0.00357638  0.00113271]]
[[-0.00038449 -0.00394396  0.00211744]]
[[-0.00151973 -0.00438062  0.00306293]]
[[ 0.0051271   0.00161107  0.00047821]]
[[  2.46147576e-03  -2.94253193e-03   7.40727894e-05]]
[[ 0.00305994 -0.0023046  -0.00051748]]
[[  2.33143798e-03   3.09860541e-03  -9.87775022e-05]]
[[  4.70627214e-04  -2.76024834e-03  -3.13486898e-05]]
[[-0.00073982 -0.00244972 -0.00103343]]
[[ 0.00138523  0.00064024 -0.00084833]]
[[  3.68156013e-04   3.81974303e-03  -3.77359141e-05]]
[[-0.00193767 -0.00202079  0.00050508]]
[[-0.00232026 -0.00185336 -0.00015614]]
[[-0.00150718  0.0023868  -0.00040168]]
[[-0.00327692 -0.00131057  0.00304943]]
[[-0.00353107  0.00432863 -0.00166807]]
[[-0.00188627  0.00282117 -0.00119554]]
[[-0.00323928  0.00182836  0.00401513]]
[[-0.00445904 -0.00121052  0.00277759]]
[[-0.00624051  0.00706945 -0.00692521]]
[[-0.00812862 -0.00196417 -0.00047158]]
[[-0.00524569 -0.00089406 -0.00510483]]
[[-0.01441058 -0.00464688 -0.00150786]]
[[-0.00977402 -0.00245375 -0.00456419]]
[[-0.0021601   0.00394828 -0.00187024]]
[[-0.00159835  0.00311614 -0.00032811]]
[[ 0.00367815  0.01208592  0.00685101]]
[[-0.00133504  0.00652251  0.00594157]]
[[ 0.00031421  0.01109311  0.00701641]]
[[-0.00479143  0.00373987  0.00378265]]
[[-0.00641675  0.0004348   0.00497816]]
[[-0.00647473 -0.00039223  0.00475476]]
[[-0.00429769  0.00064133 -0.00472147]]
[[ -2.76435290e-02   2.83249705e-04   5.78219837e-05]]
[[-0.01233063 -0.00157664 -0.00697328]]
[[ 0.00202354  0.00873067 -0.00599148]]
[[ 0.01540746  0.01699661  0.00747365]]
[[ 0.00704219  0.00995401  0.01388365]]
[[-0.01165559  0.00055377  0.00399156]]
[[-0.00466105  0.00573253  0.00126772]]
[[-0.00588582  0.00270196 -0.00133612]]
[[-0.00670539  0.00385078 -0.00698858]]
[[-0.00375003  0.00550499 -0.00238056]]
[[-0.00832831  0.00222364 -0.00418595]]
[[-0.00994317 -0.00396618 -0.01344248]]
[[-0.0049494   0.00198983 -0.00703527]]
[[  1.70111400e-06   3.33558914e-03   1.60702957e-03]]
[[-0.00768353 -0.0019451  -0.01106689]]
[[-0.01326311 -0.0047237  -0.02305794]]
[[-0.00080071  0.00309914 -0.00714109]]
[[-0.00950354 -0.01052985 -0.00870558]]
[[ 0.00081575  0.00160884 -0.00720037]]
[[ 0.00252558  0.00202367 -0.00683534]]
[[-0.00226859 -0.00319119 -0.00261467]]
[[-0.02044704 -0.01552693 -0.00392193]]
[[ 0.00690129  0.00384113 -0.00265199]]
[[-0.00024368 -0.00271544 -0.00107748]]
[[ 0.00283955 -0.00075065  0.00591107]]
[[ 0.00244667  0.00316695  0.00622029]]
[[ 0.00548377  0.00279608  0.00586352]]
[[ 0.0037074   0.00626372  0.00434854]]
[[ 0.0060345   0.00550316  0.00253785]]
[[ 0.00446334  0.00706403  0.00036777]]
[[ 0.00645811  0.00255044  0.00338467]]
[[ 0.00623254 -0.00084088  0.00615137]]
[[ 0.00532688 -0.00222348  0.00767625]]
[[ 0.00541142 -0.00940973  0.00614272]]
[[ 0.00252389 -0.00491287  0.0049092 ]]
[[ 0.00027307  0.00028905  0.00454328]]
[[ 0.0003541   0.00394658  0.00377935]]
[[ 0.00091025  0.00641664  0.00270241]]
[[ 0.00141019  0.00690201  0.00032649]]
[[ 0.00686485 -0.00500374  0.00890541]]
[[ 0.00215516 -0.01774844  0.00332201]]
[[ 0.00030996 -0.00611997  0.00264837]]
[[ 0.00621118  0.00531869 -0.00255689]]
[[ 0.00654124  0.00411128 -0.00027302]]
[[ 0.00644257  0.003484   -0.00461136]]
[[ 0.00376294  0.00483958 -0.00411711]]
[[ 0.00918786  0.0019886   0.00075698]]
[[ 0.00460491  0.00063795 -0.00717613]]
[[ 0.00336585  0.00117907 -0.00545357]]
[[ 0.00133952  0.00476357 -0.00232467]]
[[ 0.0018784  -0.00026635 -0.00707959]]
[[ 0.00628634 -0.00238007 -0.00926   ]]
[[ 0.0009572   0.00102872 -0.00402093]]
[[ 0.00107603 -0.00373113 -0.00488495]]
[[ 0.00057651 -0.00062402 -0.00291698]]
[[ 0.00031936  0.00128143 -0.00259107]]
[[  3.00694262e-05  -1.54064126e-03  -2.46576813e-03]]
[[-0.00017507 -0.00812583 -0.00391193]]
[[  2.34069237e-05   8.36044823e-05  -1.90008536e-03]]
[[ 0.00011225 -0.00145727 -0.00165045]]
[[ 0.00198128  0.00047102 -0.00331775]]
[[-0.00700771 -0.00816647 -0.00343188]]
[[-0.00159333 -0.00381676 -0.00376033]]
[[ 0.00380943  0.00721252 -0.00231295]]
[[ 0.00562941  0.00622502 -0.00140159]]
[[ 0.010131    0.01427343  0.00519503]]
[[ 0.00847763  0.00673563  0.00527379]]
[[ 0.00886942  0.0094337   0.00665802]]
[[ 0.00709162  0.00063174  0.00262734]]
[[ 0.00240164 -0.00407277  0.00189917]]
[[ 0.00189857 -0.0017257   0.00256669]]
[[ 0.00099596  0.00059322 -0.00210988]]
[[-0.02148213 -0.002036   -0.00317226]]
[[-0.00519265 -0.0010732  -0.00619804]]
[[ 0.00538263  0.01166775 -0.0066256 ]]
[[ 0.01899004  0.01818248  0.00630479]]
[[ 0.01211294  0.00787948  0.01313162]]
[[-0.0039061  -0.00405101  0.00174652]]
[[ 0.00691028  0.00373482  0.00290691]]
[[ 0.00596074 -0.00322673 -0.00165861]]
[[ 0.00714131 -0.00047826 -0.00405765]]
[[ 0.00391717  0.00338831 -0.00072876]]
[[ 0.00120529 -0.00281015 -0.00387964]]
[[ 0.00100042 -0.0074152  -0.00980638]]
[[ 0.00216533  0.00243945 -0.0033247 ]]
[[ 0.00427338  0.00086745  0.0018576 ]]
[[ 0.0012725  -0.00204173 -0.00620015]]
[[-0.0070379  -0.00614282 -0.01865861]]
[[ 0.00133369  0.00388666 -0.00167756]]
[[-0.00620372 -0.00936187 -0.0046693 ]]
[[ 0.00151949  0.00146728  0.00236121]]
[[ 0.0035857   0.00203405 -0.00413737]]
[[-0.0015421  -0.00201515  0.00341788]]
[[-0.02044676 -0.01179494 -0.00249527]]
[[ 0.01161312  0.0023549   0.01013518]]
[[-0.00316448 -0.00518802  0.00431507]]
[[ 0.00490342  0.00140068  0.00658688]]
[[ 0.00454996  0.00506827  0.00617734]]
[[ 0.00851803  0.00360544  0.00517166]]
[[ 0.00672512  0.00686748  0.00373725]]
[[ 0.00982114  0.00414616  0.00173492]]
[[ 0.00748974  0.00671705  0.00018452]]
[[ 0.00905781 -0.00124573  0.00011446]]
[[ 0.00734242 -0.00302981  0.00109715]]
[[ 0.00813187 -0.00169766  0.00353776]]
[[ 0.00520398 -0.00369301  0.0041732 ]]
[[ 0.00422452 -0.00279245  0.00537526]]
[[ 0.00206882  0.0021376   0.00586335]]
[[ 0.00187938  0.00579173  0.00426076]]
[[ 0.0032987   0.00741734  0.00294544]]
[[ 0.00411519  0.00739778  0.00025204]]
[[ 0.00514814 -0.00353405  0.00037989]]
[[ 0.00329698 -0.00386668  0.00235683]]
[[ 0.00168216 -0.00353011  0.00423874]]
[[ 0.00941624  0.00389225 -0.00233693]]
[[ 0.00698326 -0.00230793 -0.00232804]]
[[ 0.00782527 -0.00105278 -0.00358923]]
[[ 0.0057641   0.0053228  -0.00345824]]
[[ 0.00470683 -0.00268038 -0.00209587]]
[[ 0.0037393  -0.00182218 -0.00488215]]
[[ 0.00550225  0.0020454  -0.00465539]]
[[ 0.00300907  0.00596434 -0.00252635]]
[[ 0.00285371 -0.00114087 -0.00421783]]
[[ 0.00195753 -0.00169452 -0.0034981 ]]
[[ 0.00199589  0.00330464 -0.00376723]]
[[ 0.00104392 -0.00088119 -0.0025881 ]]
[[ 0.0016707   0.00239217 -0.00338504]]
[[ 0.00065689  0.00378963 -0.00314974]]
[[ 0.00142949  0.00071    -0.00157106]]
[[ 0.00014504 -0.00083552 -0.00161926]]
[[  7.03719741e-05   3.34183927e-03  -3.53634462e-03]]
[[ 0.00142803  0.00079956 -0.00117036]]
