[[-0.00010265  0.00337754 -0.00263191]]
[[-0.00050945  0.00223551 -0.00114412]]
[[-0.00046471  0.00242369 -0.00142657]]
[[ 0.00175185  0.00676557 -0.00235488]]
[[ 0.0022534   0.0067724  -0.00206963]]
[[ 0.00673113  0.01279718  0.00408447]]
[[ 0.0016822   0.00595707  0.00409887]]
[[ 0.00273597  0.0076737   0.00678457]]
[[-0.00048762  0.00441559  0.00163752]]
[[-0.00051209  0.0029729   0.00027999]]
[[  5.88959667e-05   4.10495911e-03  -1.54268747e-04]]
[[-0.00059696  0.00193464 -0.00211406]]
[[-0.00091254  0.00159258 -0.00059356]]
[[-0.00091284  0.00199252 -0.00174143]]
[[ 0.00495553  0.00999755 -0.00602526]]
[[ 0.01708199  0.01640572  0.00628525]]
[[ 0.00709796  0.00636847  0.01336335]]
[[ -9.57193031e-04   2.18929010e-03   8.73905651e-05]]
[[-0.00121809  0.00337758  0.00420619]]
[[-0.00133341  0.00248089  0.00103189]]
[[-0.00181236  0.00295323  0.0008071 ]]
[[-0.00168604  0.00194357  0.00120674]]
[[-0.00143448  0.00199892  0.0001722 ]]
[[-0.00165063  0.00191967 -0.00044018]]
[[-0.00107875  0.00280064 -0.00134359]]
[[-0.00067251 -0.00012252  0.00268884]]
[[-0.00145517  0.00228288 -0.00151154]]
[[-0.00160399  0.00153544 -0.00072332]]
[[ 0.00084925  0.00265176 -0.00393652]]
[[-0.00034282  0.00246895 -0.00210365]]
[[ 0.00345465  0.00489138 -0.00427032]]
[[ 0.0021379   0.00115323 -0.00573327]]
[[ 0.00101245  0.00332393 -0.00181049]]
[[-0.00073853  0.0017811  -0.00131861]]
[[ 0.00820039  0.00580528 -0.00204086]]
[[ 0.00072788  0.00227977 -0.00137215]]
[[ 0.00404763 -0.0008111   0.00481834]]
[[ 0.004512    0.00459482  0.00681258]]
[[ 0.00433848  0.00463741  0.00877533]]
[[ 0.00192941  0.00802158  0.00828373]]
[[-0.00154905  0.00584167  0.00469976]]
[[-0.00083353  0.0089138   0.00197849]]
[[-0.00466474 -0.00462463  0.00210011]]
[[-0.00199197 -0.00669722  0.00555306]]
[[-0.00044187 -0.00507953  0.00979692]]
[[ 0.00519652 -0.009877    0.00791792]]
[[ 0.00335896 -0.00573859  0.00561991]]
[[ 0.00139503 -0.00064974  0.00280708]]
[[ 0.00348592  0.00454175  0.00375063]]
[[ 0.00178256  0.00750694  0.00563429]]
[[-0.00065575  0.00889625  0.00216252]]
[[-0.00058014 -0.00498548  0.00659939]]
[[ 0.01187783 -0.01016425  0.00906549]]
[[-0.00064074 -0.00685148  0.00464224]]
[[-0.00186913  0.00582113 -0.00289498]]
[[-0.00327273 -0.00562152 -0.00282948]]
[[-0.00461964 -0.00368066 -0.00652915]]
[[-0.00163558  0.00776199 -0.00476163]]
[[-0.00025294 -0.00321871 -0.00103311]]
[[-0.00440086 -0.004523   -0.01038473]]
[[-0.00341024  0.00280365 -0.00873082]]
[[-0.00091925  0.0079297  -0.00224304]]
[[-0.00533395 -0.00484051 -0.01296266]]
[[-0.0022124  -0.00096295 -0.00768329]]
[[-0.0016324   0.00519788 -0.00811821]]
[[ 0.00153495 -0.00786841 -0.01145884]]
[[-0.0006294   0.002482   -0.00798516]]
[[ 0.00054892  0.00528727 -0.00447166]]
[[ 0.000274   -0.00394351 -0.00858795]]
[[ 0.01068027 -0.00393197 -0.01114751]]
[[ 0.0024511   0.00462167 -0.00481997]]
[[ 0.00498968 -0.00383022 -0.00457259]]
[[-0.00047173  0.00101018 -0.00218996]]
[[-0.00057437 -0.0010854  -0.00048928]]
[[-0.000647   -0.00062754 -0.00052347]]
[[ 0.00232272  0.00577827 -0.00058577]]
[[  3.17632062e-03   2.96616717e-03  -3.06143772e-05]]
[[ 0.00943821  0.00908332  0.00668145]]
[[ 0.00482456 -0.00059588  0.00507347]]
[[ 0.00758713  0.00180692  0.00690433]]
[[ 0.00093803 -0.00115704  0.00108194]]
[[ -7.96883161e-05  -1.56249184e-03   3.54616423e-04]]
[[ 0.00050031  0.00013595  0.00049506]]
[[-0.00156368  0.00029459 -0.0019151 ]]
[[-0.00078604 -0.00157135 -0.0004233 ]]
[[-0.00069424 -0.00112561 -0.00051575]]
[[ 0.0042733   0.01241865 -0.00504887]]
[[ 0.01909495  0.01542745  0.01037355]]
[[ 0.01306928  0.00249296  0.0144599 ]]
[[-0.00061363 -0.0018529  -0.00029315]]
[[ 0.00321729 -0.00349807  0.002839  ]]
[[-0.00025599 -0.00275498 -0.00015196]]
[[ 0.000361   -0.00290524 -0.00081145]]
[[ 0.00397503 -0.00344769 -0.00050396]]
[[-0.00072498 -0.00262866 -0.00098562]]
[[-0.00011456 -0.00287497 -0.00244131]]
[[ 0.00356568 -0.00248888 -0.0044232 ]]
[[ 0.0063502  -0.00356953  0.00206841]]
[[ 0.000743   -0.00241694 -0.00383866]]
[[-0.00068964 -0.00270381 -0.00232216]]
[[ 0.00598088  0.00028961 -0.00712159]]
[[ 0.00100285 -0.00065996 -0.00442329]]
[[ 0.00669416  0.00358721 -0.00806755]]
[[ 0.00822709  0.00136779 -0.00914412]]
[[ 0.00255011  0.00113578 -0.00429801]]
[[ -6.93184364e-06  -1.20101176e-03  -2.89659958e-03]]
[[ 0.01109601  0.00761878 -0.00472669]]
[[ 0.00162302  0.00089802 -0.00367666]]
[[ 0.00012458 -0.00067621  0.00545942]]
[[-0.00112244  0.00266929  0.00739685]]
[[ 0.00281132  0.00164636  0.00838983]]
[[  3.62800554e-05   5.60107810e-03   6.60776135e-03]]
[[  3.38379059e-05   1.83136909e-03   2.88740887e-03]]
[[-0.00112371  0.00612009 -0.00025926]]
[[-0.0011518  -0.0081511  -0.00022713]]
[[ 0.00081485 -0.0100842   0.00236778]]
[[ 0.00033237 -0.00592904  0.00637005]]
[[ 0.00156618 -0.00685005  0.00606031]]
[[ 0.00068122 -0.00446995  0.0054375 ]]
[[ -3.35340608e-03   4.15601099e-05   2.22678167e-03]]
[[-0.01124853  0.00096369  0.00333002]]
[[-0.00415011  0.00939337  0.00351079]]
[[-0.00520857  0.0099306   0.00064529]]
[[ 0.00208038 -0.00962469  0.00100173]]
[[ 0.00077379 -0.00662914  0.00310913]]
[[-0.00102893 -0.00543587  0.00332013]]
[[ 0.0002256   0.0018023  -0.00535734]]
[[ 0.00069621 -0.01051173 -0.00469593]]
[[-0.0009944  -0.00751652 -0.00752191]]
[[-0.0024938   0.00485609 -0.00908614]]
[[ 0.00210504 -0.00999038 -0.00352445]]
[[-0.00141939 -0.00915825 -0.01013765]]
[[-0.00402406  0.00242479 -0.0137991 ]]
[[-0.00643102  0.00761299 -0.00890865]]
[[-0.00548596 -0.00601523 -0.01143023]]
[[  3.54898147e-05  -8.20653997e-03  -6.75555524e-03]]
[[-0.00783234  0.00998617 -0.01392395]]
[[-0.00334631 -0.00517072 -0.01029104]]
[[-0.00472156  0.00818425 -0.0135849 ]]
[[-0.01385367  0.01447761 -0.01530959]]
[[-0.00464998  0.00044743 -0.00977153]]
[[-0.0015783  -0.00485463 -0.00596378]]
[[-0.00208915  0.01340885 -0.01336968]]
[[-0.0011887   0.00057622 -0.0074267 ]]
[[-0.0007735   0.00571498  0.00482658]]
[[ 0.00082089  0.00329184  0.00042474]]
[[ 0.000809    0.00411562  0.00091413]]
[[ 0.00035845  0.00670323 -0.00016462]]
[[ 0.00274778  0.00706772 -0.00082996]]
[[ 0.00739594  0.01257477  0.00442206]]
[[ 0.00315916  0.00588778  0.00435533]]
[[ 0.00458507  0.00737551  0.0071247 ]]
[[ 0.00112526  0.00453226  0.00208921]]
[[ 0.00089334  0.00355126  0.00089305]]
[[ 0.00108558  0.0045996   0.00070005]]
[[-0.00028048  0.00999713  0.01316308]]
[[ 0.00079421  0.00263378  0.00042474]]
[[ 0.0007988   0.00230769  0.00160278]]
[[ 0.00248889  0.01087089 -0.00462018]]
[[ 0.0175387   0.01596771  0.0064383 ]]
[[ 0.00926392  0.00572386  0.01336272]]
[[ 0.00061861  0.00289155  0.00064004]]
[[ 0.00087171  0.00301992  0.00499764]]
[[ 0.00047227  0.0027783   0.0017413 ]]
[[ 0.00020998  0.00284028  0.00182621]]
[[ 0.00057517  0.00155967  0.00267226]]
[[ 0.00041553  0.00242575  0.00093059]]
[[  9.18759696e-05   1.87491520e-03   1.00217430e-03]]
[[ 0.00070674  0.00217939  0.00067448]]
[[ 0.00222101 -0.00089051  0.00394764]]
[[ 0.0001663   0.00194758  0.00033762]]
[[ 0.00015004  0.00169616  0.00056222]]
[[ 0.00231792  0.00210258 -0.00136054]]
[[ 0.00069687  0.00207624 -0.000106  ]]
[[ 0.0040041   0.0040081  -0.00151287]]
[[ 0.0042507   0.00026916 -0.00325496]]
[[ 0.00165235  0.00282211  0.00045068]]
[[ 0.00043525  0.00166772  0.00023216]]
[[ 0.00817667  0.00457102  0.00051995]]
[[ 0.00109026  0.00184348  0.00083947]]
[[ 0.00232422 -0.00222577  0.0086564 ]]
[[ 0.00264083  0.00056635  0.00679114]]
[[ 0.00532807  0.00065659  0.00538132]]
[[ 0.00398884  0.00325671  0.0038327 ]]
[[ 0.00613194  0.00133116  0.002265  ]]
[[ 0.00461936  0.00337272  0.00108628]]
[[ 0.00494269 -0.00269777  0.00094588]]
[[ 0.00330188 -0.00343038  0.00199029]]
[[ 0.00439337 -0.00333926  0.00448078]]
[[ 0.00156561 -0.00390725  0.00608591]]
[[ 0.0015544  -0.00550487  0.0089608 ]]
[[-0.00090178 -0.00467588  0.00971827]]
[[ 0.00068308  0.00112627  0.00371068]]
[[ 0.00123302  0.00357491  0.00264633]]
[[ 0.0017945   0.00376838  0.00084309]]
[[ 0.00135085 -0.0030562   0.00116851]]
[[ -9.35299788e-06  -2.82589717e-03   3.88839771e-03]]
[[-0.00167677 -0.00676808  0.01129299]]
[[ 0.00608776  0.00104471 -0.00099114]]
[[ 0.00316565 -0.00279333 -0.00115633]]
[[ 0.00416859 -0.00257522 -0.00245135]]
[[ 0.00361643  0.00183879 -0.00189687]]
[[ 0.00118373 -0.00241677 -0.00122329]]
[[ 0.00049836 -0.00257199 -0.00356995]]
[[ 0.00291956 -0.00102904 -0.00291137]]
[[ 0.00157494  0.00227521 -0.00107382]]
[[-0.00014969 -0.0030039  -0.00295019]]
[[-0.00103955 -0.00173819 -0.00258314]]
[[ 0.00068341 -0.00038536 -0.00176433]]
[[-0.00162506 -0.00223161 -0.00117883]]
[[ 0.00018951 -0.00114719 -0.00086171]]
[[  3.66909417e-04   1.66092700e-05  -1.25060195e-03]]
[[ -7.25251749e-04  -1.66967534e-03  -9.59268848e-05]]
[[-0.00240169 -0.00139896 -0.0007692 ]]
[[ -8.92348453e-05  -5.11231340e-04  -3.43797468e-04]]
[[-0.00079491 -0.00094888  0.00016871]]
[[ 0.00277319  0.00509476  0.0049842 ]]
[[ 0.00342732 -0.00365745  0.00114604]]
[[ 0.00450364 -0.0010508   0.00302159]]
[[ 0.00365504  0.0116403   0.00127197]]
[[ 0.00622759  0.00847285  0.00244681]]
[[ 0.00957257  0.01731949  0.01071216]]
[[ 0.00493934  0.00733521  0.00952225]]
[[ 0.00607922  0.0128383   0.01041737]]
[[ 0.00319573  0.00143276  0.0048278 ]]
[[ 0.00274473 -0.00248956  0.00306618]]
[[ 0.00620923  0.00123776  0.00391191]]
[[ 0.00066617  0.00935025  0.01364023]]
[[  3.28449191e-05  -5.81886765e-03   1.27819142e-03]]
[[ 0.00196269 -0.00325995  0.00276555]]
[[ 0.00264714  0.02012415 -0.00496533]]
[[ 0.01743436  0.02395512  0.01303895]]
[[ 0.01116271  0.0131548   0.0171812 ]]
[[-0.00013705 -0.00400275  0.00050091]]
[[ 0.00248001  0.00643444  0.00394478]]
[[  1.83438120e-04  -3.43494634e-03  -1.58034365e-05]]
[[ 0.00118871  0.00081253 -0.00261731]]
[[ 0.00246969  0.00825492 -0.00182678]]
[[-0.00191636 -0.00524086 -0.00303232]]
[[ 0.00108997 -0.0040859  -0.00875026]]
[[ 0.00209523  0.00691216 -0.0081868 ]]
[[ 0.00428869  0.00725932  0.00207978]]
[[ 0.00288496  0.00106344 -0.00976907]]
[[  8.86671813e-05  -7.71417985e-03  -1.00117736e-02]]
[[ 0.00319366  0.00898114 -0.01029882]]
[[ 0.00308762 -0.00151673 -0.01007986]]
[[ 0.00484603  0.00926953 -0.01089754]]
[[ 0.00480964  0.00845207 -0.01008427]]
[[ 0.0039577   0.00447482 -0.00714268]]
[[ 0.00226577 -0.00647529 -0.00627307]]
[[ 0.00924978  0.01097199 -0.00825403]]
[[ 0.00346731  0.00359614 -0.00549877]]
[[ 0.00053446 -0.00180362  0.00883308]]
[[-0.00391731  0.00131417  0.00827834]]
[[ 0.00419246 -0.00086312  0.00786758]]
[[-0.00052807  0.0058153   0.00477381]]
[[ 0.00592422  0.00323502  0.00256974]]
[[ 0.0008171   0.00748295 -0.00104004]]
[[ 0.01035219 -0.00105613  0.00470717]]
[[ 0.01103143 -0.00550741  0.00905596]]
[[ 0.00935084 -0.00702881  0.01129384]]
[[ 0.0140355 -0.0175028  0.0083114]]
[[ 0.00743116 -0.00647551  0.00480736]]
[[-0.00518504 -0.00204937  0.00890459]]
[[-0.01784453  0.00051374  0.00287148]]
[[-0.0094157   0.01026677  0.00059511]]
[[-0.00857916  0.01128998 -0.00132434]]
[[ 0.01360666 -0.00888378  0.0133218 ]]
[[ 0.02057459 -0.02664743  0.00830803]]
[[ 0.00668413 -0.00550796  0.00269609]]
[[ 0.00598889  0.00362532 -0.00525704]]
[[  1.17107307e-02   1.58537772e-04  -3.94135697e-05]]
[[ 0.01037035  0.00069075 -0.00583441]]
[[-0.00018884  0.0046068  -0.00989613]]
[[ 0.0177321  -0.00106619  0.00231881]]
[[ 0.00944819 -0.00151919 -0.00993102]]
[[ 0.00208247  0.00090968 -0.01247864]]
[[-0.00964164  0.00706849 -0.00993848]]
[[ 0.00610075 -0.00201763 -0.01179276]]
[[ 0.01352515 -0.00268025 -0.00987028]]
[[-0.00708786  0.00591361 -0.01061475]]
[[ 0.00944516 -0.00960325 -0.00761119]]
[[ -3.86115225e-03   4.01080741e-05  -6.29931163e-03]]
[[-0.01823747  0.01071509 -0.01358566]]
[[ 0.00270142 -0.00376173 -0.00236933]]
[[ 0.01757665 -0.01214765 -0.00862375]]
[[-0.00884812  0.00289707 -0.00444758]]
[[-0.0031922  -0.00912482 -0.00345942]]
[[-0.00101613  0.00209895 -0.00263458]]
[[-0.00041487  0.00142339 -0.00083702]]
[[-0.00087484  0.00096309 -0.00086287]]
[[ 0.00079069  0.00558213 -0.00278012]]
[[ 0.00210028  0.00592906 -0.00257981]]
[[ 0.00682792  0.01191353  0.00337159]]
[[ 0.00246743  0.00522354  0.00369688]]
[[ 0.0039594   0.00698795  0.00698721]]
[[ 0.00034185  0.00369099  0.00172854]]
[[  1.65651139e-05   2.35591717e-03   2.53762887e-04]]
[[ 0.00017676  0.00319791 -0.00024177]]
[[-0.00225765  0.00075139 -0.00192122]]
[[-0.0005642   0.00088398 -0.00020785]]
[[-0.00088948  0.00050689 -0.00051492]]
[[ 0.00362967  0.00922155 -0.00677818]]
[[ 0.01705127  0.01553394  0.0052513 ]]
[[ 0.00875723  0.00551433  0.01312754]]
[[-0.00031668  0.00162697  0.0002771 ]]
[[ -4.00148969e-05   2.40358310e-03   5.17754577e-03]]
[[-0.00046307  0.00183406  0.00151715]]
[[-0.00077274  0.00208979  0.00196353]]
[[-0.00031534  0.00118721  0.0035589 ]]
[[-0.00054448  0.00145941  0.00070664]]
[[-0.00129896  0.00067878  0.00121211]]
[[-0.00080005  0.00105234  0.00211223]]
[[ 0.00152475 -0.00097188  0.00467336]]
[[-0.00148694  0.00062114  0.00107572]]
[[-0.00118899  0.00063098  0.00028906]]
[[ 0.00124344  0.00167473  0.00187305]]
[[-0.00229296 -0.00089605  0.00074783]]
[[ 0.00228774  0.00044822  0.00331777]]
[[ 0.00369011  0.00082764 -0.00108636]]
[[-0.00113171 -0.00118624  0.00272374]]
[[-0.00232542 -0.00046753 -0.00068824]]
[[ 0.01128119  0.0013664   0.00772732]]
[[-0.00289924 -0.00343577  0.00219093]]
[[ 0.00387838  0.00065893  0.00700907]]
[[ 0.00355165  0.00430086  0.00664829]]
[[ 0.00716104  0.00288371  0.00582551]]
[[ 0.00515896  0.00626424  0.00468622]]
[[ 0.00808017  0.00345203  0.00327435]]
[[ 0.00571455  0.00630377  0.00223516]]
[[ 0.00728182 -0.00184595  0.00188441]]
[[ 0.00576059 -0.00365179  0.00235947]]
[[ 0.00663094 -0.00231317  0.00444665]]
[[ 0.00390173 -0.00426996  0.00479756]]
[[ 0.00306195 -0.0034403   0.00588685]]
[[ 0.00103128  0.00145068  0.00619221]]
[[ 0.00093351  0.00504352  0.00448736]]
[[ 0.00171134  0.00679366  0.00342038]]
[[ 0.00220217  0.00700839  0.00171823]]
[[ 0.00358981 -0.00405174  0.0014213 ]]
[[ 0.00193773 -0.00437303  0.00283268]]
[[ 0.00047831 -0.0042363   0.00460702]]
[[ 0.00781222  0.0033676   0.00026675]]
[[ 0.00536222 -0.00288144 -0.00012729]]
[[ 0.00618071 -0.0015631  -0.00089222]]
[[ 0.00442585  0.00511336 -0.00074151]]
[[ 0.00316826 -0.00316715 -0.00024974]]
[[ 0.00225683 -0.00226127 -0.00193829]]
[[ 0.00408354  0.00223407 -0.00196069]]
[[ 0.0017491   0.00587511 -0.00039518]]
[[ 0.00117036 -0.0012356  -0.00077489]]
[[ 0.00049411 -0.00211091 -0.00093607]]
[[ 0.00045269  0.00384022 -0.00193244]]
[[-0.00049618 -0.00099021  0.00130165]]
[[-0.00145154  0.00529606 -0.0035145 ]]
[[-0.00050666  0.00424731 -0.00212139]]
[[-0.00069494  0.00237452  0.00196755]]
[[-0.00169956 -0.00129377  0.00137259]]
[[-0.00454293  0.00811528 -0.00865057]]
[[-0.00535754 -0.00179843 -0.00255521]]
[[-0.00423394 -0.00041144 -0.00614286]]
[[-0.01334969 -0.00426473 -0.00257325]]
[[-0.00857754 -0.0017111  -0.00588926]]
[[-0.00117902  0.00428526 -0.00273411]]
[[-0.00064706  0.00321503 -0.00112404]]
[[ 0.00452165  0.01204475  0.00619539]]
[[-0.00049645  0.00635251  0.00538861]]
[[ 0.00103353  0.01082117  0.00659737]]
[[-0.00383313  0.00363482  0.00320162]]
[[-0.00543907  0.00050653  0.00426711]]
[[-0.00541081 -0.00020519  0.00385085]]
[[-0.00337674  0.0010678  -0.00579271]]
[[-0.02650807  0.00067011 -0.00087318]]
[[-0.01100242 -0.00047903 -0.00847834]]
[[ 0.00290273  0.00888583 -0.00656182]]
[[ 0.01617398  0.01684176  0.00699439]]
[[ 0.00770369  0.0096051   0.01355798]]
[[-0.0105873   0.00061956  0.00339054]]
[[-0.0039155   0.00540292  0.00094588]]
[[-0.00500681  0.00258215 -0.00174469]]
[[-0.00583736  0.00359534 -0.0072924 ]]
[[-0.00311871  0.00510966 -0.00258666]]
[[-0.00734904  0.00210172 -0.00449179]]
[[-0.00916361 -0.00419506 -0.013597  ]]
[[-0.00430854  0.00158407 -0.00712977]]
[[ 0.00057901  0.00287977  0.00143758]]
[[-0.00694698 -0.00227482 -0.01113489]]
[[-0.01237472 -0.00494402 -0.0231433 ]]
[[-0.00028349  0.00265043 -0.00715975]]
[[-0.00884081 -0.0108195  -0.00864803]]
[[ 0.00131257  0.00118898 -0.00711156]]
[[ 0.00300752  0.00152538 -0.00686602]]
[[-0.00171014 -0.00353471 -0.00249992]]
[[-0.01967463 -0.01578676 -0.00384305]]
[[ 0.00736452  0.00338283 -0.00251111]]
[[ 0.00033751 -0.00306526 -0.00089336]]
[[ 0.00355271 -0.00111902  0.00521892]]
[[ 0.00305914  0.00277504  0.0056353 ]]
[[ 0.00616869  0.00220994  0.00531145]]
[[ 0.00429006  0.00568335  0.0038991 ]]
[[ 0.00665568  0.00477242  0.00215592]]
[[  4.98124451e-03   6.38069575e-03   8.28293431e-05]]
[[ 0.00719461  0.00165897  0.00294495]]
[[ 0.00714682 -0.00197171  0.00557093]]
[[ 0.00614124 -0.00294576  0.0069849 ]]
[[ 0.00638838 -0.01031536  0.00534092]]
[[ 0.00336105 -0.005345    0.00401323]]
[[ 0.00096424  0.00010878  0.00381325]]
[[ 0.00088215  0.00356257  0.00335962]]
[[ 0.00142026  0.00587837  0.00235471]]
[[  1.88028823e-03   6.27399814e-03   8.73602623e-05]]
[[ 0.0079724  -0.0063719   0.00835451]]
[[ 0.00331428 -0.01886612  0.00256973]]
[[ 0.00117107 -0.00638258  0.00180945]]
[[ 0.00674401  0.00451822 -0.00275179]]
[[ 0.0073806   0.0028353  -0.00062418]]
[[ 0.00708428  0.00249431 -0.00479266]]
[[ 0.00419249  0.00410766 -0.00422071]]
[[ 0.01020711  0.00046416  0.00044569]]
[[ 0.00531344 -0.00068651 -0.0072746 ]]
[[ 0.00379987  0.00038741 -0.0054796 ]]
[[ 0.00174804  0.00408979 -0.00243621]]
[[ 0.00238228 -0.00125031 -0.00701674]]
[[ 0.00714517 -0.00393787 -0.00930774]]
[[ 0.00129455  0.00032717 -0.00397212]]
[[ 0.00159921 -0.0049442  -0.00473462]]
[[ 0.0008957  -0.00134439 -0.00277183]]
[[ 0.00065744  0.0006341  -0.00259292]]
[[ 0.00037413 -0.00240554 -0.00220705]]
[[ 0.00045969 -0.00954398 -0.00371982]]
[[ 0.00024522 -0.00049852 -0.00165549]]
[[ 0.00040946 -0.00219868 -0.00140705]]
[[ 0.00253277  0.00057846 -0.00341951]]
[[-0.00642504 -0.00817061 -0.0035931 ]]
[[-0.00098715 -0.00376759 -0.00390469]]
[[ 0.0043214   0.00739815 -0.00241344]]
[[ 0.00612663  0.00633676 -0.00155147]]
[[ 0.01052553  0.01442521  0.00502585]]
[[ 0.0088868   0.00683992  0.00507092]]
[[ 0.00917872  0.00956774  0.00644724]]
[[ 0.00756946  0.00065668  0.00239336]]
[[ 0.00291721 -0.00405622  0.00168787]]
[[ 0.00245639 -0.0016999   0.00237555]]
[[ 0.00156059  0.00065264 -0.00219975]]
[[-0.02080181 -0.00210963 -0.00329035]]
[[-0.00451095 -0.00108142 -0.00637238]]
[[ 0.00580146  0.01187348 -0.00663574]]
[[ 0.01926848  0.01835788  0.00620466]]
[[ 0.01230108  0.00804481  0.0129712 ]]
[[-0.00329854 -0.00409579  0.00157955]]
[[ 0.0072597   0.00382783  0.00266749]]
[[ 0.00641196 -0.00321097 -0.00189797]]
[[ 0.00756992 -0.00045298 -0.00433094]]
[[ 0.00418606  0.00350999 -0.0009823 ]]
[[ 0.00173694 -0.00284405 -0.00407479]]
[[ 0.00140453 -0.00740669 -0.01010015]]
[[ 0.00247651  0.00252811 -0.00360337]]
[[ 0.0044159   0.00102691  0.00164953]]
[[ 0.00166249 -0.00202061 -0.00652621]]
[[-0.00658254 -0.00617739 -0.01891312]]
[[ 0.00156625  0.00399472 -0.00196228]]
[[-0.00587165 -0.00936266 -0.00502746]]
[[ 0.00177073  0.00152955  0.00206524]]
[[ 0.0037061   0.00218485 -0.00437105]]
[[-0.00127345 -0.00201359  0.00303305]]
[[-0.02009352 -0.01183032 -0.00284002]]
[[ 0.01191879  0.00246341  0.00990454]]
[[-0.00297278 -0.00527847  0.00391452]]
[[ 0.00377504  0.00015651  0.00462095]]
[[ 0.00370826  0.00329218  0.00449142]]
[[ 0.00690274  0.00214663  0.00354084]]
[[ 0.00553777  0.00476174  0.0023634 ]]
[[ 0.00784166  0.00250133  0.00061136]]
[[ 0.00608437  0.00458019 -0.00062548]]
[[ 0.00665469 -0.00183233 -0.00084702]]
[[  5.11085260e-03  -2.94532520e-03   1.74751164e-05]]
[[ 0.00609946 -0.0022236   0.00208635]]
[[ 0.00332132 -0.00364508  0.00268421]]
[[ 0.00264706 -0.0031896   0.00350125]]
[[ 0.00150879  0.00083654  0.00377368]]
[[ 0.00158391  0.00387469  0.00293111]]
[[ 0.0028023   0.00521185  0.00184778]]
[[ 0.00341805  0.0051341  -0.00045452]]
[[ 0.00309525 -0.00300038 -0.00039197]]
[[ 0.00145816 -0.0033961   0.00126594]]
[[ 0.00016268 -0.0035055   0.00230517]]
[[ 0.00732839  0.00219256 -0.00286755]]
[[ 0.00465336 -0.00229953 -0.00284924]]
[[ 0.00534744 -0.00173501 -0.00403045]]
[[ 0.00428857  0.00326789 -0.00360045]]
[[ 0.00257581 -0.00221938 -0.00249564]]
[[ 0.00142691 -0.00198993 -0.00485601]]
[[ 0.00352115  0.00039075 -0.00441123]]
[[ 0.0021945   0.00381448 -0.00274067]]
[[ 0.00054183 -0.00196033 -0.0039377 ]]
[[-0.00016272 -0.00140706 -0.00350508]]
[[ 0.00079521  0.00164134 -0.00313189]]
[[-0.00086041 -0.00128769 -0.00188971]]
[[ 0.00044395  0.00120402 -0.00248375]]
[[ -5.00629278e-05   2.09339858e-03  -2.84379165e-03]]
[[ -9.54455982e-05  -3.40088133e-05  -6.74816038e-04]]
[[-0.00165859 -0.00081345 -0.00116899]]
[[-0.00077965  0.00215138 -0.00259342]]
[[  8.72574124e-05   4.36704740e-04  -2.07478486e-04]]
