[[ 0.00066826  0.00304767 -0.00082065]]
[[ -6.99819106e-05   2.27111608e-03   2.49124746e-04]]
[[  2.09834586e-04   2.33831584e-03   5.46889450e-05]]
[[ 0.00220912  0.00622758 -0.00084388]]
[[ 0.00249042  0.00642849 -0.00060038]]
[[ 0.0067837   0.01242799  0.00534472]]
[[ 0.00164912  0.00568593  0.0052685 ]]
[[ 0.00260176  0.00739041  0.00774759]]
[[-0.000501    0.00424576  0.0026988 ]]
[[-0.00039631  0.00290245  0.00142941]]
[[ 0.00030988  0.00395273  0.00114998]]
[[ 0.00064377  0.00136741 -0.00023071]]
[[-0.00043378  0.00177482  0.0004579 ]]
[[ -8.77464616e-05   1.80974696e-03  -4.37144534e-04]]
[[ 0.00552915  0.00931804 -0.00467772]]
[[ 0.01720976  0.01597585  0.00740046]]
[[ 0.00699807  0.00606167  0.01420257]]
[[-0.00077987  0.00221911  0.00098199]]
[[-0.00138711  0.00315178  0.0051333 ]]
[[-0.00138828  0.0023777   0.00195586]]
[[-0.0019658   0.00275876  0.00165697]]
[[-0.00193098  0.00167776  0.00197867]]
[[-0.00143029  0.00196315  0.00089269]]
[[-0.00182666  0.00174868  0.0003114 ]]
[[-0.00134447  0.00257566 -0.00060548]]
[[-0.00090786 -0.00038563  0.0033513 ]]
[[-0.00170359  0.00206602 -0.0008272 ]]
[[-0.00172539  0.00143017 -0.00014225]]
[[ 0.00053322  0.00241782 -0.00330302]]
[[-0.00061204  0.00225078 -0.00151595]]
[[ 0.00310189  0.00464454 -0.00364734]]
[[ 0.00181503  0.00093195 -0.00520071]]
[[ 0.00071122  0.00312068 -0.0012355 ]]
[[-0.00095465  0.00162286 -0.00086587]]
[[ 0.00775728  0.00551931 -0.00147777]]
[[ 0.00043906  0.0021651  -0.00082734]]
[[ 0.00416732 -0.00228201  0.00647158]]
[[ 0.00445923  0.0034328   0.00822475]]
[[ 0.00411273  0.0038708   0.01009019]]
[[ 0.00170749  0.00738338  0.00937321]]
[[-0.00187213  0.00538062  0.00574057]]
[[-0.00114876  0.00852039  0.00289132]]
[[-0.00505164 -0.00511668  0.00330558]]
[[-0.00238507 -0.00718598  0.00693605]]
[[-0.00080372 -0.00592195  0.01149981]]
[[ 0.00481773 -0.01077528  0.01009163]]
[[ 0.00329401 -0.00773217  0.00865956]]
[[ 0.00162299 -0.00204123  0.00428788]]
[[ 0.00354521  0.00353594  0.00461968]]
[[ 0.00164633  0.00692619  0.00641585]]
[[-0.00090272  0.00854427  0.00284366]]
[[-0.00096645 -0.00537125  0.0078109 ]]
[[ 0.01146522 -0.01090862  0.01111049]]
[[-0.00011362 -0.00967597  0.00861128]]
[[-0.00226211  0.00550573 -0.0020121 ]]
[[-0.00368338 -0.00593041 -0.00179609]]
[[-0.00504204 -0.00400999 -0.00557842]]
[[-0.00202873  0.0074924  -0.00396332]]
[[-0.00065241 -0.00347051 -0.00014925]]
[[-0.00485464 -0.00476072 -0.00953701]]
[[-0.0038839   0.0025849  -0.00795541]]
[[-0.00125477  0.00770834 -0.00164696]]
[[-0.00583308 -0.00508505 -0.01214415]]
[[-0.00266028 -0.00117265 -0.00695528]]
[[-0.00212493  0.00503879 -0.00740707]]
[[ 0.00100561 -0.00808833 -0.010709  ]]
[[-0.00117492  0.00230813 -0.00727408]]
[[ 0.00011428  0.00517607 -0.00395459]]
[[-0.0003299  -0.00413388 -0.00783284]]
[[ 0.0101419  -0.00413321 -0.01052601]]
[[ 0.00189327  0.00439101 -0.00419947]]
[[ 0.00425633 -0.0039732  -0.00385967]]
[[-0.0011284   0.00156462 -0.00083573]]
[[-0.00092402 -0.00066376  0.00056801]]
[[-0.00110341 -0.00010006  0.00056698]]
[[ 0.00162675  0.0060743   0.00056378]]
[[ 0.0026077   0.00315542  0.00113622]]
[[ 0.00891328  0.00912328  0.00773158]]
[[ 0.00435769 -0.00061337  0.00609853]]
[[ 0.00714032  0.00168879  0.00779296]]
[[ 0.00056218 -0.00112882  0.00198176]]
[[-0.00041295 -0.00141505  0.00128631]]
[[  8.44825470e-05   3.72946086e-04   1.50941664e-03]]
[[-0.00250532  0.00111745 -0.00051885]]
[[-0.00102122 -0.00109631  0.00035874]]
[[-0.0012424  -0.00057766  0.00040514]]
[[ 0.00341149  0.01278263 -0.00401578]]
[[ 0.01848029  0.01551492  0.0113007 ]]
[[ 0.01258178  0.00239354  0.01524089]]
[[-0.00086742 -0.0016451   0.00041591]]
[[ 0.00279514 -0.0036521   0.00372993]]
[[-0.00057335 -0.00277993  0.00065637]]
[[ -7.04912226e-06  -3.04122334e-03  -2.85475278e-05]]
[[ 0.00353473 -0.00371511  0.00027729]]
[[-0.00098005 -0.00259875 -0.00037299]]
[[-0.00046147 -0.00307349 -0.00172712]]
[[ 0.00312968 -0.00279172 -0.00364289]]
[[ 0.00588351 -0.00382677  0.00276036]]
[[ 0.00035112 -0.0026988  -0.00315407]]
[[-0.00097836 -0.00283425 -0.00179408]]
[[  5.51528025e-03  -9.89672105e-05  -6.41880220e-03]]
[[ 0.00060386 -0.00101678 -0.00381829]]
[[ 0.00618796  0.00310517 -0.007334  ]]
[[ 0.00772655  0.00097561 -0.00852215]]
[[ 0.00213322  0.0007493  -0.00369253]]
[[-0.00034483 -0.00147534 -0.00246752]]
[[ 0.01049639  0.00701968 -0.00400426]]
[[ 0.00125752  0.00059986 -0.00310373]]
[[-0.00082779 -0.00058446  0.00655792]]
[[-0.00194082  0.00265081  0.00839814]]
[[ 0.00209834  0.00155883  0.00938661]]
[[-0.00057784  0.00546098  0.00754806]]
[[-0.00052863  0.00160795  0.00384035]]
[[-0.00164099  0.00586662  0.00067107]]
[[-0.00165828 -0.00835134  0.00062712]]
[[ 0.00029675 -0.0101872   0.00320428]]
[[-0.00029476 -0.00598277  0.0072368 ]]
[[ 0.00090087 -0.00677106  0.00691204]]
[[ -8.29446198e-05  -4.36356766e-03   6.31680211e-03]]
[[-0.00460064  0.0002289   0.00336046]]
[[-0.01217157  0.0009247   0.00424177]]
[[-0.00479578  0.00924474  0.00435621]]
[[-0.00573904  0.00969447  0.00145383]]
[[ 0.00163097 -0.00966473  0.00161085]]
[[ 0.00020231 -0.00648647  0.00369687]]
[[-0.00177752 -0.00538949  0.0040682 ]]
[[-0.00028459  0.00143906 -0.00438625]]
[[ 0.00026092 -0.01074999 -0.00387525]]
[[-0.00144318 -0.00784728 -0.00667231]]
[[-0.00299424  0.00445035 -0.00811317]]
[[ 0.00173448 -0.01017857 -0.00291416]]
[[-0.00180922 -0.00956954 -0.00931714]]
[[-0.00455885  0.00188488 -0.0127604 ]]
[[-0.00695254  0.0072409  -0.00807713]]
[[-0.00592964 -0.00652274 -0.01055081]]
[[-0.00028135 -0.00856878 -0.00614746]]
[[-0.00840737  0.0093721  -0.01285496]]
[[-0.00372142 -0.00585223 -0.00942551]]
[[-0.00529497  0.00730138 -0.0123715 ]]
[[-0.01449105  0.01388011 -0.01439628]]
[[-0.00511227 -0.0003263  -0.0088527 ]]
[[-0.00185664 -0.00545721 -0.00537481]]
[[-0.00279731  0.01227305 -0.01214506]]
[[-0.00170331 -0.00017871 -0.00660256]]
[[-0.00250113  0.00428842  0.00618546]]
[[-0.00054747  0.00196886  0.00104404]]
[[-0.00057923  0.00280128  0.00178908]]
[[-0.00216659  0.00465726  0.00072177]]
[[ 0.00036374  0.00531163 -0.00013616]]
[[ 0.00439874  0.01036447  0.0043304 ]]
[[ 0.00059899  0.00421379  0.00412797]]
[[ 0.0015231   0.00534384  0.00608779]]
[[-0.00076762  0.00286     0.00180981]]
[[-0.0007164   0.00199989  0.00100385]]
[[-0.00065556  0.00301332  0.00104714]]
[[-0.00172698  0.0091427   0.01458045]]
[[-0.0003367   0.00143115  0.0006897 ]]
[[-0.00039198  0.00118994  0.00266892]]
[[-0.00096389  0.00889417 -0.00375281]]
[[ 0.0135776   0.01386576  0.0060427 ]]
[[ 0.0053433   0.00395506  0.01198031]]
[[-0.00071821  0.00144247  0.00058604]]
[[-0.00151506  0.0015805   0.00395285]]
[[-0.00119088  0.00117346  0.00127145]]
[[-0.00164203  0.00126197  0.00109811]]
[[-0.00196602  0.00010813  0.00141001]]
[[-0.00100924  0.0008805   0.00045687]]
[[-0.00148981  0.00040938  0.00017623]]
[[-0.0014706   0.00085461 -0.00053004]]
[[-0.00068035 -0.00203197  0.00245443]]
[[-0.00152707  0.00052668 -0.00066335]]
[[-0.00122904  0.0002482  -0.00019338]]
[[-0.00021788  0.00050113 -0.00289604]]
[[-0.00072562  0.00075561 -0.00113525]]
[[ 0.00195672  0.00271511 -0.00307037]]
[[ 0.00079552 -0.00124758 -0.00456587]]
[[ 0.00013689  0.00149653 -0.00101464]]
[[-0.00082449  0.00035351 -0.00067328]]
[[ 0.0058166   0.00363217 -0.00105773]]
[[  1.04111853e-05   9.92623636e-04  -7.40378232e-04]]
[[ 0.00212781 -0.0023882   0.00886226]]
[[ 0.00250766  0.00036492  0.00696685]]
[[ 0.00513615  0.00050892  0.00554202]]
[[ 0.00386201  0.00306331  0.00397312]]
[[ 0.00594747  0.00119124  0.00240864]]
[[ 0.00450315  0.00320311  0.00121963]]
[[ 0.0047348  -0.00274568  0.0011064 ]]
[[ 0.00309646 -0.00341656  0.00216708]]
[[ 0.00417651 -0.00339421  0.00466636]]
[[ 0.0013521  -0.00389376  0.00630977]]
[[ 0.00134629 -0.00560937  0.00922951]]
[[-0.00113302 -0.00484127  0.00990624]]
[[ 0.00060062  0.00094083  0.00386751]]
[[ 0.00117097  0.0033939   0.00277393]]
[[ 0.00174028  0.00360922  0.00095779]]
[[ 0.00118592 -0.00300007  0.00132219]]
[[-0.00018674 -0.00276477  0.00408464]]
[[-0.00183353 -0.00689675  0.01159274]]
[[ 0.00592227  0.00092166 -0.00085758]]
[[ 0.00298435 -0.00278048 -0.00099563]]
[[ 0.00398577 -0.00261403 -0.00230607]]
[[ 0.00350361  0.00168674 -0.00176748]]
[[ 0.00103933 -0.00236976 -0.0010856 ]]
[[ 0.00034208 -0.00256401 -0.00341976]]
[[ 0.00276542 -0.00114017 -0.00275737]]
[[ 0.00152447  0.00213467 -0.00096622]]
[[-0.00030705 -0.00304201 -0.00279649]]
[[-0.00116049 -0.00170254 -0.0024549 ]]
[[ 0.00060372 -0.00048723 -0.00160534]]
[[-0.00173695 -0.00224491 -0.0010215 ]]
[[ 0.00011673 -0.00121138 -0.00070018]]
[[  3.24626810e-04  -7.71779088e-05  -1.13719486e-03]]
[[ -8.09756870e-04  -1.70653631e-03   5.87639668e-05]]
[[-0.0024907  -0.00138547 -0.00064801]]
[[-0.00013258 -0.0005837  -0.00020008]]
[[-0.00086571 -0.00095677  0.00031152]]
[[ 0.00129227  0.00460961  0.00737915]]
[[ 0.0026259  -0.00367783  0.00319219]]
[[ 0.00300905 -0.00150337  0.00555076]]
[[ 0.00243922  0.01077788  0.00296256]]
[[ 0.005395    0.00801255  0.00400981]]
[[ 0.00884882  0.01680453  0.0119609 ]]
[[ 0.00433935  0.00697354  0.01071957]]
[[ 0.00550654  0.01245568  0.01142514]]
[[ 0.00262717  0.00113069  0.00600382]]
[[ 0.00218613 -0.0027007   0.0044051 ]]
[[ 0.00542829  0.00089633  0.00549584]]
[[-0.00163266  0.00892262  0.0161593 ]]
[[-0.00058834 -0.00560818  0.0028252 ]]
[[-0.00028017 -0.00324466  0.00571117]]
[[ 0.00158011  0.01936061 -0.00382695]]
[[ 0.01675153  0.02349252  0.01397974]]
[[ 0.01061133  0.01280652  0.01799157]]
[[-0.000611   -0.00409369  0.0015786 ]]
[[ 0.00192019  0.00609554  0.00498103]]
[[-0.00030066 -0.00369516  0.00101397]]
[[ 0.00065068  0.00047664 -0.00162448]]
[[ 0.00187737  0.00786992 -0.00087216]]
[[-0.00233603 -0.00542908 -0.00222093]]
[[ 0.00055599 -0.004457   -0.00783882]]
[[ 0.00144161  0.00650213 -0.00719432]]
[[ 0.0036997   0.00692119  0.0028848 ]]
[[ 0.00226976  0.00064461 -0.00885791]]
[[-0.00037746 -0.00800925 -0.00932807]]
[[ 0.00246736  0.00856611 -0.00931277]]
[[ 0.00240143 -0.00204756 -0.00924632]]
[[ 0.00394444  0.00868673 -0.00982071]]
[[ 0.00405452  0.00810174 -0.00924167]]
[[ 0.00319112  0.00398193 -0.00623965]]
[[ 0.00167879 -0.00691496 -0.00569595]]
[[ 0.00807022  0.0103548  -0.00713871]]
[[ 0.00267528  0.00323893 -0.00462613]]
[[-0.00025586 -0.00224855  0.00987991]]
[[-0.00451964  0.00082762  0.00923421]]
[[ 0.00359212 -0.00121712  0.00884788]]
[[-0.00105383  0.00549404  0.00572126]]
[[ 0.00538417  0.00292526  0.00359281]]
[[  2.71876290e-04   7.24712235e-03   1.91309688e-05]]
[[ 0.00979886 -0.00136765  0.00576054]]
[[ 0.01048051 -0.00579191  0.01004764]]
[[ 0.00872936 -0.00733926  0.01230123]]
[[ 0.01333464 -0.01773932  0.0093    ]]
[[ 0.00664687 -0.00686015  0.00586881]]
[[-0.00617874 -0.00255383  0.00990641]]
[[ -1.83963772e-02   4.31781865e-05   3.58291551e-03]]
[[-0.00989973  0.00997311  0.0013432 ]]
[[-0.00908021  0.01111279 -0.00049937]]
[[ 0.01308565 -0.00911383  0.01409396]]
[[ 0.01990452 -0.02681036  0.00903607]]
[[ 0.00574868 -0.00596754  0.00368406]]
[[ 0.00539302  0.0033179  -0.00406005]]
[[ 0.01119011 -0.00016478  0.00103396]]
[[ 0.00977605  0.00036063 -0.0046255 ]]
[[-0.00087081  0.004431   -0.00857441]]
[[ 0.01725502 -0.00136283  0.00317711]]
[[ 0.008861   -0.00198243 -0.00862027]]
[[ 0.00125102  0.00059641 -0.0109007 ]]
[[-0.01026461  0.00700473 -0.00894677]]
[[ 0.00528311 -0.00243411 -0.010161  ]]
[[ 0.01300872 -0.00314334 -0.00882489]]
[[-0.00823099  0.00592714 -0.0087162 ]]
[[ 0.00858706 -0.01050568 -0.00567582]]
[[-0.00536364 -0.00041196 -0.00389633]]
[[-0.01923349  0.01093493 -0.01230547]]
[[ 0.00112896 -0.00446635  0.00022525]]
[[ 0.01687501 -0.01306022 -0.00722469]]
[[-0.01107622  0.00248998 -0.00199358]]
[[-0.00568207 -0.01045735 -0.0007015 ]]
[[-0.00109692  0.00203036 -0.00247742]]
[[-0.00049326  0.00134806 -0.00071667]]
[[-0.00094657  0.00089548 -0.00073645]]
[[ 0.00066882  0.00548347 -0.00263524]]
[[ 0.00196874  0.0058255  -0.00242851]]
[[ 0.0066596   0.01178677  0.00349584]]
[[ 0.00231187  0.00510964  0.00383215]]
[[ 0.00376975  0.00685449  0.00709472]]
[[ 0.00022596  0.0035826   0.00185775]]
[[ -8.43761003e-05   2.25604471e-03   3.75741299e-04]]
[[  7.99532379e-05   3.10690072e-03  -1.14375530e-04]]
[[-0.00231084  0.00072336 -0.00176569]]
[[-0.00063165  0.00081568 -0.00012227]]
[[-0.00095835  0.00043749 -0.00039816]]
[[ 0.00345851  0.00914213 -0.00663212]]
[[ 0.01681132  0.01543572  0.00534557]]
[[ 0.00849034  0.00541775  0.01319547]]
[[-0.00040325  0.00153581  0.00036793]]
[[-0.00020648  0.00228563  0.00531092]]
[[-0.00058043  0.00171747  0.0016416 ]]
[[-0.00090446  0.00196615  0.00210857]]
[[-0.00050924  0.00105907  0.00368914]]
[[-0.00064783  0.00135103  0.00080075]]
[[-0.00143679  0.00054081  0.00136281]]
[[-0.00097669  0.00092826  0.00227762]]
[[ 0.00125573 -0.00105313  0.00475209]]
[[-0.00163779  0.00048148  0.00125574]]
[[-0.00131226  0.00050342  0.00039949]]
[[ 0.00106033  0.00157376  0.00207059]]
[[-0.00246618 -0.00108102  0.00093669]]
[[ 0.00210216  0.00029384  0.00358659]]
[[ 0.00345051  0.00078906 -0.00097585]]
[[-0.00130793 -0.00135622  0.00296795]]
[[-0.0024795  -0.00063404 -0.00056886]]
[[ 0.01113128  0.00126077  0.00805954]]
[[-0.00310633 -0.00360046  0.0024114 ]]
[[ 0.00235813 -0.00072256  0.00531274]]
[[ 0.00236202  0.00235998  0.00523211]]
[[ 0.00518537  0.0012814   0.0044953 ]]
[[ 0.00364855  0.00400702  0.00362009]]
[[ 0.0057703   0.00166253  0.00249456]]
[[ 0.0040098   0.00402747  0.00178064]]
[[ 0.00454141 -0.00254934  0.00127257]]
[[ 0.00318813 -0.00365262  0.00160157]]
[[ 0.00423292 -0.00294568  0.00330149]]
[[ 0.00164466 -0.00428816  0.00358676]]
[[ 0.00110308 -0.00394257  0.0042831 ]]
[[  3.01106728e-05   1.19345699e-05   4.34475213e-03]]
[[ 0.00029511  0.00295248  0.00336201]]
[[ 0.00090366  0.00442941  0.002566  ]]
[[ 0.001219    0.00460505  0.00129009]]
[[ 0.00120166 -0.00356773  0.00089638]]
[[-0.00027092 -0.00393432  0.00194421]]
[[-0.00144031 -0.00434514  0.00289761]]
[[ 0.00541881  0.00152778  0.00013055]]
[[ 0.00271931 -0.00296033 -0.0002865 ]]
[[ 0.00339392 -0.00235878 -0.00094168]]
[[ 0.00267611  0.00293144 -0.00047767]]
[[ 0.00073469 -0.00276365 -0.0003603 ]]
[[-0.00033482 -0.00251985 -0.0015077 ]]
[[ 0.00182183  0.0004619  -0.00126999]]
[[ 0.00067593  0.00360787 -0.00029435]]
[[ -1.41672421e-03  -2.15630908e-03  -4.80486705e-05]]
[[-0.0018893  -0.00189099 -0.00060975]]
[[-0.00100283  0.00208478 -0.00084021]]
[[-0.00262572 -0.00149285  0.00245866]]
[[-0.00291248  0.00399635 -0.00210748]]
[[-0.00144876  0.00247028 -0.00146223]]
[[-0.00243606  0.00154592  0.00334328]]
[[-0.00371135 -0.00134646  0.00219433]]
[[-0.00559603  0.00676401 -0.00723272]]
[[-0.00697543 -0.00224982 -0.00115697]]
[[-0.0048347  -0.00125706 -0.00519561]]
[[-0.01390731 -0.00495959 -0.00147457]]
[[-0.00930479 -0.00275218 -0.00461934]]
[[-0.00178162  0.00351114 -0.00188899]]
[[-0.00116996  0.00264304 -0.00023335]]
[[ 0.00403089  0.01156832  0.00702619]]
[[-0.00097039  0.00598099  0.00625398]]
[[ 0.00057491  0.01053358  0.00741036]]
[[-0.00433254  0.00325256  0.00413687]]
[[ -5.93676127e-03   3.47293430e-05   5.20570635e-03]]
[[-0.00596347 -0.00080017  0.00487663]]
[[-0.00388661  0.00028417 -0.00487272]]
[[ -2.70405455e-02  -1.14786730e-05   1.27010071e-04]]
[[-0.01180879 -0.00183228 -0.00704418]]
[[ 0.00237539  0.00824074 -0.00602385]]
[[ 0.01573908  0.01644222  0.0075897 ]]
[[ 0.00729178  0.0093747   0.01418379]]
[[-0.01106267  0.00017877  0.00421656]]
[[-0.00441686  0.00516027  0.00181944]]
[[-0.00550142  0.00224503 -0.00088465]]
[[-0.00637767  0.00330677 -0.0063814 ]]
[[-0.00363375  0.00493847 -0.00172294]]
[[-0.00782758  0.00179592 -0.00377779]]
[[-0.00974943 -0.00449333 -0.01273334]]
[[-0.00492324  0.00143138 -0.00622046]]
[[ 0.0001126   0.00278156  0.00212596]]
[[-0.00761189 -0.00250166 -0.01021839]]
[[-0.01295149 -0.00519854 -0.02246682]]
[[-0.0009119   0.00264392 -0.00622188]]
[[-0.00962692 -0.01111572 -0.00780174]]
[[ 0.00050808  0.00112149 -0.00613836]]
[[ 0.00244656  0.00161395 -0.00612995]]
[[-0.00253252 -0.00363649 -0.0015261 ]]
[[-0.02044332 -0.01604362 -0.00321699]]
[[ 0.00638399  0.00340755 -0.0015709 ]]
[[ -6.23408791e-04  -3.01310710e-03   5.83629603e-05]]
[[ 0.0031792  -0.0014776   0.00585374]]
[[ 0.00272598  0.00246097  0.00627333]]
[[ 0.0057988   0.0019687   0.00601337]]
[[ 0.00393055  0.00552602  0.00460933]]
[[ 0.00626165  0.00465489  0.00294754]]
[[ 0.0045704   0.00637526  0.00090145]]
[[ 0.00674983  0.00151309  0.00386937]]
[[ 0.00673684 -0.00217817  0.00640897]]
[[ 0.00572057 -0.00320264  0.00779549]]
[[ 0.00597014 -0.01062411  0.00607915]]
[[ 0.00294537 -0.00574673  0.00476805]]
[[ 0.00054922 -0.00022309  0.00437893]]
[[ 0.00060295  0.00329632  0.00382203]]
[[ 0.0011146   0.00576248  0.00288971]]
[[ 0.00152859  0.00631693  0.0006897 ]]
[[ 0.00756264 -0.00656106  0.00908456]]
[[ 0.00287913 -0.01917079  0.00318571]]
[[ 0.0007117  -0.00691006  0.00250839]]
[[ 0.00628262  0.00456174 -0.00184077]]
[[ 0.00692023  0.00277681  0.00035262]]
[[ 0.00655568  0.00251936 -0.00370035]]
[[ 0.0036979   0.00429734 -0.00327934]]
[[ 0.00975772  0.00041528  0.00135036]]
[[ 0.00472901 -0.00051244 -0.0060775 ]]
[[ 0.00320928  0.00070569 -0.00443724]]
[[ 0.00132711  0.00433499 -0.00177133]]
[[ 0.00167389 -0.00092838 -0.00564976]]
[[ 0.00656532 -0.00376369 -0.00809812]]
[[ 0.0006567   0.00083932 -0.00292137]]
[[ 0.00075317 -0.00427187 -0.00322025]]
[[ 0.0001642  -0.00062847 -0.00165575]]
[[ 0.00012908  0.0011784  -0.001901  ]]
[[-0.00061185 -0.00154017 -0.00046967]]
[[-0.0004947  -0.00877501 -0.00196575]]
[[-0.00036535  0.00012441 -0.00074626]]
[[-0.00084255 -0.00077488  0.00066409]]
[[ 0.00197675  0.00033081 -0.00272336]]
[[-0.00695421 -0.00840309 -0.00286968]]
[[-0.00158926 -0.00403624 -0.00316945]]
[[ 0.00378989  0.00707445 -0.0017405 ]]
[[ 0.00563542  0.00603747 -0.00078112]]
[[ 0.01010596  0.01412491  0.00583482]]
[[ 0.00847101  0.00651082  0.00597654]]
[[ 0.00883994  0.0092701   0.00741838]]
[[ 0.0071533   0.000334    0.00329954]]
[[ 0.00245666 -0.00437391  0.00248047]]
[[ 0.00196525 -0.00197217  0.00316608]]
[[ 0.00099005  0.00053104 -0.0015335 ]]
[[-0.02133263 -0.00229137 -0.00270641]]
[[-0.00524547 -0.00134248 -0.0056744 ]]
[[ 0.00531612  0.01160472 -0.00613096]]
[[ 0.01889883  0.01811765  0.00683288]]
[[ 0.01202795  0.00780892  0.01375644]]
[[-0.00374784 -0.00437326  0.00221979]]
[[ 0.00688655  0.00341687  0.00379081]]
[[ 0.00598597 -0.00362882 -0.00100133]]
[[ 0.00717864 -0.00090987 -0.00323628]]
[[ 0.00390036  0.0031161   0.00031903]]
[[ 0.00133581 -0.00323166 -0.0033747 ]]
[[ 0.00093688 -0.00807905 -0.00895739]]
[[ 0.00211837  0.00186173 -0.00205315]]
[[ 0.00423876  0.00073659  0.00273402]]
[[ 0.00124498 -0.00277263 -0.00509341]]
[[-0.00700952 -0.00679521 -0.018085  ]]
[[  1.45617897e-03   3.45300483e-03   6.95630670e-05]]
[[-0.00650182 -0.01065891 -0.00350492]]
[[ 0.00148258  0.0001019   0.00462518]]
[[ 0.00382598  0.00186726 -0.00276435]]
[[-0.0016545  -0.00339804  0.00519937]]
[[-0.02065963 -0.01295118 -0.00191212]]
[[ 0.01245451  0.00071225  0.01317951]]
[[-0.0032239  -0.00714109  0.00618357]]
[[  3.44810038e-03  -1.98977056e-05   5.23781955e-03]]
[[ 0.00342048  0.00311317  0.00513188]]
[[ 0.00664443  0.00194568  0.00426958]]
[[ 0.00530448  0.00459733  0.00314487]]
[[ 0.00766499  0.00226648  0.00151292]]
[[ 0.00593696  0.00441286  0.00036757]]
[[  6.49258682e-03  -2.08480359e-03   1.14728892e-05]]
[[ 0.00492576 -0.00320066  0.00076892]]
[[ 0.00585079 -0.00241922  0.00279714]]
[[ 0.00305469 -0.00382918  0.00330569]]
[[ 0.00234632 -0.00337284  0.00411002]]
[[ 0.00110751  0.00071816  0.00433696]]
[[ 0.00131063  0.00373026  0.00346213]]
[[ 0.00259233  0.00509344  0.00251664]]
[[ 0.00330228  0.00504552  0.00039711]]
[[ 0.00296033 -0.003228    0.00018669]]
[[ 0.00123352 -0.00355647  0.00173606]]
[[-0.00014349 -0.00374481  0.00284036]]
[[ 0.00728075  0.00191495 -0.00171767]]
[[ 0.00458017 -0.00262429 -0.00195115]]
[[ 0.00533491 -0.00205142 -0.00299218]]
[[ 0.00431339  0.00308474 -0.00233808]]
[[ 0.00256351 -0.0025258  -0.00179917]]
[[ 0.00154452 -0.00242829 -0.00379136]]
[[  3.73723509e-03   9.71988525e-05  -2.96812105e-03]]
[[ 0.0022757   0.00376431 -0.00163322]]
[[ 0.00079228 -0.00235306 -0.00268744]]
[[  1.72708509e-05  -1.83755667e-03  -2.68526546e-03]]
[[ 0.00116131  0.00150884 -0.00157863]]
[[-0.00042101 -0.00188578 -0.00063057]]
[[ 0.00113128  0.00086357 -0.00072878]]
[[ 0.00043696  0.002177   -0.00144873]]
[[ 0.00057605 -0.00049286  0.00075728]]
[[-0.00116592 -0.00141114 -0.00025012]]
[[ 0.00032931  0.00197454 -0.0007324 ]]
[[  9.97278499e-04   8.75939013e-05   1.15518142e-03]]
