[[ 0.00043626  0.00280714 -0.00080525]]
[[-0.00026281  0.00203941  0.00019683]]
[[  9.02816604e-06   2.11097242e-03   3.67168894e-05]]
[[ 0.00190997  0.00591591 -0.00086598]]
[[ 0.00221523  0.00614915 -0.00064003]]
[[ 0.00644814  0.01207581  0.00522358]]
[[ 0.00135649  0.00538533  0.00513198]]
[[ 0.00223711  0.00698713  0.00749926]]
[[-0.00072857  0.00396764  0.00253046]]
[[-0.00060405  0.00264436  0.00131639]]
[[  8.93099958e-05   3.69835859e-03   1.06539996e-03]]
[[ 0.00043833  0.00119305 -0.00021118]]
[[-0.00060684  0.00155037  0.00038318]]
[[-0.00026545  0.0016191  -0.00040434]]
[[ 0.00516671  0.0089959  -0.00471008]]
[[ 0.01678989  0.01560169  0.00727934]]
[[ 0.00653064  0.00563282  0.01396317]]
[[-0.00096464  0.00196943  0.00086248]]
[[-0.00167103  0.00284107  0.00487125]]
[[-0.00159789  0.00209994  0.0017581 ]]
[[-0.0021858   0.00247179  0.00140953]]
[[-0.00227269  0.00127723  0.00162744]]
[[-0.00161843  0.00169292  0.00070636]]
[[ -2.01313134e-03   1.48452407e-03   3.68020131e-05]]
[[-0.00159232  0.00227704 -0.00097837]]
[[-0.00136445 -0.00081814  0.00299786]]
[[-0.00188887  0.00179248 -0.00115464]]
[[-0.0018927   0.00116847 -0.00038809]]
[[ 0.00024687  0.00203378 -0.00377534]]
[[-0.00074385  0.00202081 -0.00184974]]
[[ 0.00293491  0.00438842 -0.00411728]]
[[ 0.00140968  0.00050945 -0.00566687]]
[[ 0.00058516  0.00287047 -0.00167049]]
[[-0.00107771  0.00138711 -0.00114696]]
[[ 0.00761675  0.00531435 -0.00191833]]
[[ 0.00039493  0.00198382 -0.00128741]]
[[ 0.00373324 -0.00265031  0.0066158 ]]
[[ 0.00396823  0.00306163  0.00831087]]
[[ 0.00355387  0.00343171  0.01008848]]
[[ 0.00113249  0.00697237  0.00928164]]
[[-0.00248442  0.00490153  0.0055244 ]]
[[-0.00173727  0.00808566  0.00256542]]
[[-0.00554507 -0.00569244  0.0030635 ]]
[[-0.00276515 -0.00776095  0.00681619]]
[[-0.00127733 -0.00644096  0.01146932]]
[[ 0.00447879 -0.01126158  0.01015443]]
[[ 0.00294072 -0.00814798  0.00879198]]
[[ 0.00117749 -0.0023168   0.00444497]]
[[ 0.00298818  0.00321067  0.0046559 ]]
[[ 0.00099026  0.00656175  0.00630328]]
[[-0.00159216  0.00815704  0.00253184]]
[[-0.00126137 -0.0059651   0.00765432]]
[[ 0.01119316 -0.0114081   0.0110984 ]]
[[-0.00042215 -0.01008322  0.00878018]]
[[-0.00282957  0.00502825 -0.00247694]]
[[-0.00404122 -0.00654455 -0.00215013]]
[[-0.00547432 -0.00458946 -0.00606661]]
[[-0.00253913  0.00706375 -0.00453453]]
[[-0.00091502 -0.00411028 -0.00049662]]
[[-0.0051117  -0.00537813 -0.0101242 ]]
[[-0.00430981  0.00213679 -0.00865553]]
[[-0.00187979  0.00731814 -0.00216236]]
[[-0.00612298 -0.00563215 -0.01286689]]
[[-0.00281979 -0.00181358 -0.00749049]]
[[-0.00246341  0.00463969 -0.00818632]]
[[ 0.000918   -0.00864166 -0.01148956]]
[[-0.00138547  0.00194437 -0.0081653 ]]
[[-0.00036268  0.00480287 -0.00462031]]
[[-0.00039236 -0.00462269 -0.0087557 ]]
[[ 0.01014348 -0.00472362 -0.01120433]]
[[ 0.00164851  0.00414339 -0.00508862]]
[[ 0.00437594 -0.00444091 -0.00486469]]
[[-0.00120945  0.00125795 -0.00086488]]
[[-0.00098978 -0.0009312   0.00047627]]
[[-0.00117921 -0.00037331  0.00051069]]
[[ 0.00151613  0.00568022  0.00049738]]
[[ 0.00253608  0.00280129  0.00104099]]
[[ 0.00881468  0.00868637  0.00754988]]
[[ 0.00431476 -0.00098699  0.00588897]]
[[ 0.00706464  0.00120854  0.00746716]]
[[ 0.00052535 -0.00144637  0.00175398]]
[[-0.0004654  -0.00169906  0.00112437]]
[[  2.26869488e-05   6.96195241e-05   1.37721346e-03]]
[[-0.00255049  0.00085328 -0.00054137]]
[[-0.0010802  -0.0013499   0.00025957]]
[[-0.00130038 -0.00080676  0.00040676]]
[[ 0.00330749  0.012332   -0.00408311]]
[[ 0.0183838   0.01499894  0.01113432]]
[[ 0.01250931  0.00181979  0.01494107]]
[[-0.0009168  -0.00191259  0.00026715]]
[[ 0.00280305 -0.00401043  0.00337407]]
[[-0.0006019  -0.0030591   0.00040205]]
[[ -5.62435644e-06  -3.33771673e-03  -3.46077909e-04]]
[[ 0.00353185 -0.0041498  -0.00017214]]
[[-0.00101184 -0.00286398 -0.00058933]]
[[-0.00043613 -0.00329866 -0.0020698 ]]
[[ 0.00321558 -0.00307362 -0.00413188]]
[[ 0.00589231 -0.00436737  0.00231977]]
[[ 0.00041466 -0.00292681 -0.00356035]]
[[-0.00096682 -0.00305486 -0.00207032]]
[[ 0.00561153 -0.00043299 -0.00700777]]
[[ 0.00071118 -0.00113739 -0.00422586]]
[[ 0.00639152  0.0029885  -0.00795352]]
[[ 0.00784895  0.00053942 -0.00909945]]
[[ 0.00227294  0.00062369 -0.00420085]]
[[-0.00026982 -0.00161215 -0.00277091]]
[[ 0.01081317  0.00698638 -0.00462094]]
[[ 0.00144133  0.00053112 -0.00362662]]
[[-0.00079277 -0.00115907  0.00660271]]
[[-0.00185562  0.00186694  0.00836359]]
[[ 0.00218021  0.0008808   0.00927878]]
[[-0.00041524  0.00455226  0.00730298]]
[[-0.0003713   0.00089913  0.00350555]]
[[-0.00137411  0.00494168  0.00015891]]
[[-0.00147851 -0.00891646  0.00029574]]
[[ 0.00044245 -0.0106962   0.00298101]]
[[-0.00018108 -0.00653494  0.00708053]]
[[ 0.00100033 -0.00725301  0.00683829]]
[[ -7.24478929e-06  -4.84658094e-03   6.30616444e-03]]
[[-0.00461007 -0.00027224  0.003395  ]]
[[ -1.21724233e-02   3.88703425e-06   4.21037179e-03]]
[[-0.00474915  0.00815416  0.00411936]]
[[-0.00559396  0.00854286  0.00093916]]
[[ 0.00179366 -0.01013578  0.00140856]]
[[ 0.00032437 -0.0069356   0.0036049 ]]
[[-0.00174469 -0.00578371  0.00413099]]
[[ -2.48017884e-05   8.12471850e-04  -5.01326650e-03]]
[[ 0.00047713 -0.0112164  -0.00429092]]
[[-0.00117424 -0.00834265 -0.00721716]]
[[-0.00259836  0.00364335 -0.00892495]]
[[ 0.00194796 -0.01060539 -0.0032539 ]]
[[-0.00151629 -0.00990586 -0.00993695]]
[[-0.00415002  0.00147162 -0.01372286]]
[[-0.00665051  0.00619663 -0.00889813]]
[[-0.00555672 -0.0068329  -0.01132517]]
[[ -2.21617309e-05  -8.87783533e-03  -6.62044019e-03]]
[[-0.00782995  0.00885962 -0.01399859]]
[[-0.00335852 -0.00590528 -0.01025303]]
[[-0.00473262  0.00734239 -0.01369718]]
[[-0.01396075  0.01316087 -0.01551949]]
[[-0.00463873 -0.00030169 -0.0098318 ]]
[[-0.00156829 -0.00553269 -0.00594812]]
[[-0.00215886  0.0125782  -0.01349985]]
[[ -1.18919705e-03   7.72102949e-06  -7.58238445e-03]]
[[-0.0009952   0.00482169  0.00409177]]
[[  6.22164475e-04   2.65775284e-03  -5.99270049e-05]]
[[ 0.00053675  0.0033154   0.00045823]]
[[ 0.00011928  0.00576648 -0.00090301]]
[[ 0.00265034  0.00645489 -0.00153175]]
[[ 0.00728794  0.01198695  0.00371041]]
[[ 0.00312576  0.00549501  0.00371687]]
[[ 0.00454562  0.00700898  0.0065328 ]]
[[ 0.00105373  0.00414051  0.00160102]]
[[ 0.00076859  0.00308757  0.00041216]]
[[ 0.00093665  0.00402441  0.00018203]]
[[-0.00048839  0.00895708  0.01234915]]
[[  5.68492718e-04   2.00826556e-03   7.17383602e-05]]
[[ 0.00057029  0.00160058  0.0013766 ]]
[[ 0.00235071  0.00977146 -0.00555596]]
[[ 0.01748602  0.01528747  0.00563739]]
[[ 0.00925405  0.00532553  0.01274496]]
[[ 0.00046396  0.00241884  0.00028799]]
[[ 0.00087015  0.00276545  0.00446241]]
[[ 0.00039201  0.00244483  0.00130045]]
[[ 0.00017905  0.00258417  0.00141846]]
[[ 0.00058056  0.001356    0.00222073]]
[[ 0.0003058   0.00207488  0.00059985]]
[[  5.13422254e-05   1.66166228e-03   6.35078579e-04]]
[[ 0.00071727  0.00202525  0.00026606]]
[[ 0.00223983 -0.00110587  0.00349889]]
[[  1.57218346e-04   1.78721839e-03   8.86241081e-06]]
[[  8.25052422e-05   1.45669776e-03   2.77533939e-04]]
[[ 0.00233152  0.00197556 -0.00171206]]
[[ 0.00067748  0.00193675 -0.00038858]]
[[ 0.00401991  0.0039166  -0.00182986]]
[[ 0.00426984  0.00013634 -0.0035887 ]]
[[ 0.00164797  0.0027113   0.00016861]]
[[  3.93221566e-04   1.50184152e-03   3.36971691e-06]]
[[ 0.00821822  0.00453458  0.00026816]]
[[ 0.00109223  0.00174757  0.00056553]]
[[ 0.00309447 -0.00326616  0.00730437]]
[[ 0.0033004  -0.00033648  0.00560754]]
[[ 0.00582999  0.00014374  0.00435012]]
[[ 0.00437878  0.0028866   0.00296747]]
[[ 0.00644796  0.00109244  0.00153419]]
[[ 0.00486     0.00321645  0.00047953]]
[[ 0.0052096  -0.00295166  0.00038933]]
[[ 0.00362932 -0.00381469  0.00138432]]
[[ 0.00479062 -0.0038365   0.00377778]]
[[ 0.00202552 -0.00457166  0.00537191]]
[[ 0.00210385 -0.00638156  0.00821925]]
[[ 0.00010619 -0.00623904  0.00806014]]
[[ 0.00146126  0.00011238  0.00220039]]
[[ 0.00163616  0.0032087   0.00170744]]
[[ 0.00202694  0.0036143   0.00024329]]
[[ 0.0016306  -0.00348081  0.00075972]]
[[ 0.00037273 -0.00350705  0.00344534]]
[[-0.00121968 -0.00755801  0.01076886]]
[[ 0.00629197  0.00092848 -0.00151269]]
[[ 0.00340106 -0.00302146 -0.00162574]]
[[ 0.00435247 -0.0027139  -0.00287292]]
[[ 0.00377403  0.00177111 -0.00232756]]
[[ 0.00138619 -0.00268248 -0.00156019]]
[[ 0.00066716 -0.00271479 -0.00392164]]
[[ 0.00306056 -0.0010947  -0.00329134]]
[[ 0.00171828  0.00220446 -0.00147138]]
[[ -1.69323616e-05  -3.08594869e-03  -3.26967909e-03]]
[[-0.00089358 -0.00191166 -0.00285019]]
[[ 0.0007964  -0.00042112 -0.00207884]]
[[-0.00150508 -0.00231844 -0.00144844]]
[[ 0.00028848 -0.00117438 -0.00115289]]
[[  4.62235884e-04  -1.96763573e-05  -1.52789228e-03]]
[[-0.00062599 -0.00172062 -0.0003491 ]]
[[-0.00229595 -0.00151459 -0.00097849]]
[[ -2.48567935e-05  -4.92350727e-04  -5.92080579e-04]]
[[ -6.99178802e-04  -1.01126922e-03  -6.66573306e-05]]
[[ 0.00096008  0.0039218   0.00749778]]
[[ 0.00237557 -0.00428183  0.00311567]]
[[ 0.00273468 -0.00210248  0.00555406]]
[[ 0.00196871  0.00980833  0.00297529]]
[[ 0.00499977  0.00711819  0.00398172]]
[[ 0.00829832  0.0155837   0.01166142]]
[[ 0.00394021  0.0059548   0.01038285]]
[[ 0.00491369  0.01099412  0.01069262]]
[[ 0.00235926  0.00030089  0.00558949]]
[[ 0.00193013 -0.00340059  0.00415964]]
[[ 0.0051412   0.0001664   0.00532435]]
[[-0.00189423  0.00838902  0.01628607]]
[[-0.00079603 -0.00616545  0.00268849]]
[[-0.00050583 -0.00373311  0.00582671]]
[[ 0.00103595  0.01822456 -0.00378067]]
[[ 0.01606049  0.02200391  0.01370501]]
[[ 0.00983137  0.01102139  0.01726698]]
[[-0.000824   -0.00473414  0.00132349]]
[[ 0.00161178  0.00505072  0.00422843]]
[[-0.00052307 -0.00443653  0.00053006]]
[[ 0.00045159 -0.00036526 -0.00227835]]
[[ 0.00143753  0.00644753 -0.00194417]]
[[-0.00252732 -0.00611311 -0.00265047]]
[[ 0.00044963 -0.00512327 -0.00855227]]
[[ 0.00132824  0.00557243 -0.00831088]]
[[ 0.00305978  0.00514455  0.00174017]]
[[  2.22208810e-03  -8.83702041e-05  -9.75261649e-03]]
[[-0.00047524 -0.00863412 -0.00991498]]
[[ 0.00230674  0.00730556 -0.01078159]]
[[ 0.00251982 -0.00251022 -0.01014844]]
[[ 0.00420655  0.00806247 -0.01129874]]
[[ 0.00372367  0.00647546 -0.01075838]]
[[ 0.00339113  0.00343723 -0.00744239]]
[[ 0.0017464  -0.00737651 -0.006368  ]]
[[ 0.00864565  0.00978461 -0.0086157 ]]
[[ 0.00310476  0.00289047 -0.00586375]]
[[-0.00051191 -0.0042583   0.01072349]]
[[-0.00483338 -0.00223807  0.00971151]]
[[ 0.00337191 -0.00409761  0.00902038]]
[[-0.00134348  0.00161933  0.00521702]]
[[ 0.0053574  -0.00033238  0.00284103]]
[[ 0.00023536  0.00318112 -0.00149007]]
[[ 0.01026956 -0.00377288  0.00510937]]
[[ 0.01085292 -0.00776314  0.00977369]]
[[ 0.00898502 -0.00946613  0.01223469]]
[[ 0.01351762 -0.01937912  0.00949068]]
[[ 0.00673542 -0.00842669  0.00626043]]
[[-0.00666533 -0.00404636  0.01070026]]
[[-0.01982033 -0.00362978  0.00396374]]
[[-0.01180323  0.00550337  0.00048729]]
[[-0.01096822  0.00637751 -0.00263908]]
[[ 0.01355805 -0.01078672  0.01375602]]
[[ 0.02021261 -0.02821933  0.00900784]]
[[ 0.00574363 -0.00715718  0.00423472]]
[[ 0.00565042  0.00023551 -0.00580137]]
[[ 0.01180837 -0.0021456   0.00013009]]
[[ 0.01051583 -0.00195186 -0.00597998]]
[[-0.00051783  0.00079564 -0.01092906]]
[[ 0.01790332 -0.00303268  0.00241049]]
[[ 0.00974383 -0.00369671 -0.01020471]]
[[ 0.00197619 -0.00203266 -0.01351285]]
[[-0.01149421  0.00290008 -0.0118087 ]]
[[ 0.00640718 -0.00437272 -0.01234032]]
[[ 0.01383103 -0.00457895 -0.01005827]]
[[-0.00712514  0.0025543  -0.01201603]]
[[ 0.00982916 -0.01148114 -0.00819929]]
[[-0.0036834  -0.00229835 -0.00773951]]
[[-0.01966441  0.0068283  -0.01539596]]
[[ 0.00310704 -0.00568357 -0.00325633]]
[[ 0.01794203 -0.01383826 -0.009002  ]]
[[-0.00903445  0.00072263 -0.00599188]]
[[-0.00288079 -0.01040857 -0.00447487]]
[[-0.00115928  0.00194103 -0.00238156]]
[[-0.00056135  0.00124435 -0.0006414 ]]
[[-0.00100824  0.0008039  -0.00065514]]
[[ 0.00059412  0.00537748 -0.00253674]]
[[ 0.00188481  0.00570684 -0.00231523]]
[[ 0.00656653  0.01165664  0.00361573]]
[[ 0.00220382  0.0049584   0.00396708]]
[[ 0.00364535  0.00668133  0.00723005]]
[[ 0.00013131  0.00343962  0.00196007]]
[[-0.00017276  0.00212108  0.00046179]]
[[  5.35281996e-06   2.99531828e-03  -2.44518583e-05]]
[[-0.00235509  0.00066414 -0.00167289]]
[[ -6.92986480e-04   7.13675788e-04  -7.56476579e-05]]
[[-0.0010178   0.00034732 -0.00031841]]
[[ 0.00338623  0.00904296 -0.00654656]]
[[ 0.01672031  0.01531078  0.0054513 ]]
[[ 0.00836448  0.00524517  0.01332295]]
[[-0.0004823   0.00140463  0.00041991]]
[[-0.00034796  0.00208725  0.00546621]]
[[-0.00069553  0.00154208  0.00173281]]
[[-0.00102948  0.00177524  0.00222573]]
[[-0.00068099  0.00081496  0.0038481 ]]
[[-0.00075043  0.00118182  0.0008496 ]]
[[-0.00158972  0.0003072   0.00146948]]
[[-0.0011739   0.00065011  0.00245378]]
[[ 0.00107367 -0.00130252  0.00491111]]
[[-0.00180911  0.00022033  0.00137748]]
[[-0.0014466   0.00028425  0.00044466]]
[[ 0.00082306  0.00123404  0.00223798]]
[[-0.00267213 -0.00140064  0.00104216]]
[[ 0.00182484 -0.00010442  0.00378804]]
[[ 0.00318704  0.00042883 -0.0008031 ]]
[[-0.00153066 -0.00169767  0.00306417]]
[[-0.00265715 -0.00092415 -0.00054408]]
[[ 0.01080509  0.00081053  0.00829706]]
[[-0.00329897 -0.00389533  0.00247924]]
[[ 0.00230709 -0.00082277  0.00547355]]
[[ 0.00230073  0.00225042  0.00540659]]
[[ 0.00511581  0.00114159  0.00469999]]
[[ 0.00355944  0.0038607   0.00384809]]
[[ 0.00567093  0.00146002  0.00276806]]
[[ 0.00388049  0.00381412  0.00209124]]
[[ 0.00446135 -0.00274801  0.00151396]]
[[ 0.00313678 -0.0038395   0.00180539]]
[[ 0.00417414 -0.00308333  0.00348976]]
[[ 0.00160587 -0.00442053  0.00374422]]
[[ 0.00106254 -0.00404876  0.00443724]]
[[ -2.78044121e-05  -4.84100777e-05   4.48637822e-03]]
[[ 0.00023306  0.0028551   0.00351151]]
[[ 0.00081245  0.00429691  0.00276607]]
[[ 0.0010822   0.00441058  0.00156037]]
[[ 0.00117328 -0.00374996  0.00103888]]
[[-0.00029206 -0.00406653  0.00205635]]
[[-0.00147083 -0.00445659  0.00303855]]
[[ 0.00526967  0.00122042  0.00050385]]
[[  2.65286561e-03  -3.22174370e-03  -3.05433182e-05]]
[[ 0.00328716 -0.0026508  -0.00063859]]
[[  2.48830399e-03   2.58908362e-03  -5.37296230e-05]]
[[ 0.0006981  -0.00301866 -0.00018495]]
[[-0.00041928 -0.00291123 -0.00119035]]
[[  1.59617528e-03  -1.43865377e-05  -7.71150697e-04]]
[[  4.63937596e-04   3.28666687e-03   7.97083152e-05]]
[[-0.00156239 -0.00260365  0.00033002]]
[[-0.00193077 -0.00226618 -0.0004039 ]]
[[-0.0012985   0.00152665 -0.0002797 ]]
[[-0.00273798 -0.00210704  0.00285168]]
[[-0.00323641  0.0031994  -0.00142808]]
[[-0.00181081  0.00191633 -0.00095963]]
[[-0.00264085  0.00084019  0.0037655 ]]
[[-0.00375204 -0.00191723  0.00240831]]
[[-0.00611872  0.0057669  -0.00653005]]
[[-0.00726066 -0.00297866 -0.00083877]]
[[-0.00633152 -0.00263334 -0.00446328]]
[[-0.01502875 -0.00621218 -0.00146039]]
[[-0.01043979 -0.00397478 -0.00437347]]
[[-0.00405666  0.0015014  -0.00164173]]
[[-0.0032263   0.00095733 -0.00020114]]
[[ 0.0013762   0.00938305  0.00628325]]
[[-0.0031373   0.00435139  0.00537318]]
[[-0.00209075  0.00846503  0.00572662]]
[[-0.00586607  0.00164914  0.00321979]]
[[-0.00723778 -0.00141951  0.00471761]]
[[-0.00741347 -0.00231002  0.00459385]]
[[-0.00508817 -0.00057212 -0.00404111]]
[[ -2.79580794e-02  -1.14914651e-03  -8.54966148e-05]]
[[-0.01270495 -0.00280965 -0.00655571]]
[[-0.00086738  0.0062441  -0.00577727]]
[[ 0.01209064  0.01428487  0.00663251]]
[[ 0.00373019  0.00748972  0.0122508 ]]
[[-0.01212752 -0.0011742   0.00368689]]
[[-0.0063332   0.00372689  0.00010244]]
[[-0.00678424  0.00074149 -0.00195135]]
[[-0.00777345  0.00179649 -0.00776484]]
[[-0.00568618  0.00340819 -0.00367047]]
[[-0.00890515  0.00035407 -0.00471646]]
[[-0.01082191 -0.00583645 -0.01418368]]
[[ -6.49946057e-03   7.67764741e-05  -8.13318840e-03]]
[[ -2.34652407e-03   1.46640442e-03   4.90298543e-05]]
[[-0.00869933 -0.00386376 -0.01189789]]
[[-0.01384931 -0.00653199 -0.02368752]]
[[-0.00283239  0.0008583  -0.00851659]]
[[-0.01032495 -0.01227818 -0.00945707]]
[[-0.00075008 -0.00024566 -0.0084703 ]]
[[-0.0004608  -0.00020134 -0.00806401]]
[[-0.00326213 -0.0049742  -0.00374005]]
[[-0.02101202 -0.01721216 -0.00454873]]
[[ 0.00498096  0.00228274 -0.00390832]]
[[-0.00075666 -0.00398115 -0.00225099]]
[[ 0.00329264 -0.00164184  0.00534071]]
[[ 0.00288366  0.00221114  0.00577319]]
[[ 0.00591733  0.00170652  0.0054624 ]]
[[ 0.00412881  0.00516489  0.00406325]]
[[ 0.00642386  0.00431121  0.00234976]]
[[ 0.00483426  0.00592887  0.00028585]]
[[ 0.00688609  0.00122699  0.00316295]]
[[ 0.00681663 -0.00240353  0.00574871]]
[[ 0.00580588 -0.0034066   0.00714866]]
[[ 0.0060325 -0.0107626  0.0054725]]
[[ 0.00302939 -0.00583177  0.0041626 ]]
[[ 0.00070704 -0.00037196  0.00389512]]
[[ 0.00078297  0.00302323  0.00345307]]
[[ 0.00134004  0.00539069  0.00247909]]
[[ 0.00181058  0.00585082  0.00023616]]
[[ 0.0075076  -0.00676654  0.00844102]]
[[ 0.00282979 -0.01928369  0.00262332]]
[[ 0.00076243 -0.00687688  0.00196191]]
[[ 0.00653658  0.00411845 -0.00252852]]
[[ 0.00708532  0.00245485 -0.00040346]]
[[ 0.00681954  0.00211966 -0.00454521]]
[[ 0.00404963  0.00371396 -0.00399204]]
[[ 0.00978718  0.00011901  0.00058095]]
[[ 0.00505689 -0.00101347 -0.00702692]]
[[  3.60702969e-03   5.35355577e-05  -5.21577794e-03]]
[[ 0.00168405  0.00372479 -0.00227101]]
[[ 0.00215138 -0.00156241 -0.00672739]]
[[ 0.00678968 -0.00423473 -0.00912972]]
[[  1.18550115e-03   3.57399936e-05  -3.70209239e-03]]
[[ 0.00141429 -0.00521185 -0.00443248]]
[[ 0.00079115 -0.00157721 -0.00248614]]
[[ 0.0006019   0.00036195 -0.00241185]]
[[ 0.00023861 -0.00262953 -0.00190225]]
[[ 0.00021706 -0.00979772 -0.00347335]]
[[ 0.00017008 -0.00072326 -0.00138591]]
[[ 0.00027926 -0.00234421 -0.00113766]]
[[ 0.00216103 -0.00036333 -0.00265312]]
[[-0.0068342  -0.00908482 -0.00302253]]
[[-0.001476   -0.00469878 -0.0031947 ]]
[[ 0.00405212  0.00625329 -0.00174637]]
[[ 0.00597475  0.00521454 -0.00092781]]
[[ 0.01049814  0.01322469  0.00550215]]
[[ 0.00896416  0.00566437  0.00545666]]
[[ 0.00934417  0.00835064  0.00662805]]
[[ 0.00748685 -0.00041918  0.00269311]]
[[ 0.0026694  -0.00508701  0.00207705]]
[[ 0.00219053 -0.0027217   0.00290114]]
[[  1.26082203e-03  -7.44628195e-05  -1.40593974e-03]]
[[-0.02126045 -0.00293588 -0.00290111]]
[[-0.00515088 -0.00192376 -0.00558914]]
[[ 0.00576764  0.01070989 -0.00609348]]
[[ 0.01951208  0.01709445  0.00661064]]
[[ 0.01276377  0.00673791  0.01314869]]
[[-0.00361443 -0.00504499  0.001844  ]]
[[ 0.00749389  0.0026979   0.00276077]]
[[ 0.00629177 -0.00425895 -0.00175056]]
[[ 0.00761327 -0.00151097 -0.00423669]]
[[ 0.0044875   0.00237865 -0.00103047]]
[[ 0.00154154 -0.00383447 -0.00400313]]
[[ 0.00140576 -0.00840141 -0.01013741]]
[[ 0.00279805  0.00151522 -0.00375265]]
[[ 0.00502034 -0.00019632  0.00161552]]
[[ 0.00179559 -0.00299254 -0.00663004]]
[[-0.00667082 -0.00713322 -0.01899627]]
[[ 0.00193878  0.00302208 -0.00222821]]
[[-0.00579742 -0.01024568 -0.00522534]]
[[ 0.0020948   0.00070877  0.00174102]]
[[ 0.00435434  0.00112718 -0.00459662]]
[[-0.00110156 -0.0028279   0.0027231 ]]
[[-0.02011437 -0.01269922 -0.00303468]]
[[ 0.01239923  0.0017292   0.00964418]]
[[-0.00274986 -0.00595035  0.00353852]]
[[ 0.00410351 -0.00069281  0.00533875]]
[[ 0.00430717  0.00219789  0.00511592]]
[[ 0.00746601  0.00123999  0.00407605]]
[[ 0.00636126  0.00365233  0.00276388]]
[[ 0.00855695  0.00162967  0.00091299]]
[[ 0.00700445  0.00355956 -0.00045995]]
[[ 0.00718097 -0.00263391 -0.00058608]]
[[ 0.00551751 -0.0037217   0.00034226]]
[[ 0.00650096 -0.00302896  0.00251072]]
[[ 0.00358442 -0.00439074  0.00315144]]
[[ 0.00287942 -0.00396445  0.00409052]]
[[ 0.00178961  0.00015443  0.00449217]]
[[ 0.00250409  0.00277661  0.00359435]]
[[ 0.00398788  0.00409819  0.00231972]]
[[ 0.00471454  0.0041051  -0.00022847]]
[[ 0.00346327 -0.00373363 -0.00016682]]
[[ 0.00170722 -0.00409702  0.00158296]]
[[ 0.00026281 -0.00420259  0.00295479]]
[[ 0.008102    0.00142014 -0.00280545]]
[[ 0.00515437 -0.00302792 -0.00270668]]
[[ 0.00594939 -0.00247021 -0.00395558]]
[[ 0.00519556  0.00238143 -0.00364914]]
[[ 0.00301597 -0.00291758 -0.00239516]]
[[ 0.00196589 -0.00264732 -0.00488021]]
[[ 0.00429024 -0.00025098 -0.00457036]]
[[ 0.00344807  0.00291676 -0.00274974]]
[[ 0.00115091 -0.00258833 -0.00402739]]
[[ 0.00030254 -0.00205047 -0.00351665]]
[[ 0.00164142  0.00092744 -0.00337491]]
[[-0.00034492 -0.00183886 -0.00204034]]
[[ 0.00111697  0.00072107 -0.00279791]]
[[ 0.0010743   0.00137249 -0.00305209]]
[[ 0.00045193 -0.00053219 -0.00089268]]
[[-0.00120795 -0.00137337 -0.00126811]]
[[-0.00012201  0.00180205 -0.00285498]]
[[  5.64079076e-04   7.50432781e-05  -4.95891933e-04]]
