[[  9.96245139e-05   2.50611663e-03  -5.73146899e-04]]
[[-0.0005409   0.00174486  0.00028778]]
[[-0.00026427  0.00183324  0.00017145]]
[[ 0.00142792  0.00549306 -0.00069995]]
[[ 0.00173322  0.00574602 -0.00048918]]
[[ 0.00581628  0.01154307  0.00522811]]
[[ 0.00078614  0.00493643  0.00511552]]
[[ 0.00149929  0.00637318  0.00727668]]
[[-0.00113751  0.00355412  0.00245775]]
[[-0.00094575  0.00228057  0.00132254]]
[[-0.00026373  0.00334449  0.00111628]]
[[  1.65007964e-04   1.01246206e-03   3.12461747e-05]]
[[-0.00083854  0.00127827  0.00040322]]
[[-0.00049717  0.00138207 -0.00023252]]
[[ 0.00453787  0.00858329 -0.00454469]]
[[ 0.0159276   0.01507313  0.00726994]]
[[ 0.00550946  0.00504579  0.01370586]]
[[-0.00124803  0.00163176  0.00082426]]
[[-0.00226236  0.00238261  0.00464666]]
[[-0.00197331  0.00169257  0.0016394 ]]
[[-0.00261717  0.00203398  0.00122026]]
[[-0.00300036  0.00069012  0.00125343]]
[[-0.00193691  0.00130993  0.00057438]]
[[-0.00238888  0.00108565 -0.00018636]]
[[-0.00215735  0.00184704 -0.00135953]]
[[-0.00239757 -0.00136294  0.00256374]]
[[-0.00230187  0.00137784 -0.00144876]]
[[-0.00221464  0.0007885  -0.00059819]]
[[-0.00041759  0.00150402 -0.00430223]]
[[-0.00107777  0.00166655 -0.00214941]]
[[ 0.00246168  0.00402608 -0.00461071]]
[[  4.39463597e-04   2.15205194e-05  -6.24783099e-03]]
[[ 0.00022947  0.00250915 -0.00209058]]
[[-0.00137249  0.00104075 -0.00140222]]
[[ 0.00709784  0.00505577 -0.0023766 ]]
[[ 0.00015173  0.00175286 -0.00172921]]
[[ 0.00247485 -0.00324508  0.00740451]]
[[ 0.00228799  0.00286594  0.00891109]]
[[ 0.00143956  0.00278823  0.01023514]]
[[-0.00090085  0.00710966  0.00922295]]
[[-0.00467523  0.00445436  0.0050531 ]]
[[-0.00374662  0.00843959  0.00216159]]
[[-0.00720923 -0.00726862  0.00253258]]
[[-0.00376614 -0.00965232  0.0066232 ]]
[[-0.0029244  -0.00801839  0.01160151]]
[[ 0.00365441 -0.01273939  0.01071035]]
[[ 0.00203932 -0.00916771  0.009577  ]]
[[ 0.00017421 -0.00251668  0.0053042 ]]
[[ 0.00152263  0.00349921  0.00504891]]
[[-0.00068705  0.00720055  0.00629074]]
[[-0.00319521  0.00900389  0.00230728]]
[[-0.00149678 -0.00776855  0.00751142]]
[[ 0.01093302 -0.01278705  0.01137588]]
[[-0.00090745 -0.01102577  0.00961797]]
[[-0.00500897  0.00464633 -0.00326316]]
[[-0.00490573 -0.00849706 -0.00280994]]
[[-0.00704784 -0.00613976 -0.00698585]]
[[-0.00451185  0.00747402 -0.00534527]]
[[-0.00098965 -0.00597461 -0.00095382]]
[[-0.00578096 -0.00728337 -0.01116495]]
[[-0.00608504  0.0017809  -0.0097215 ]]
[[-0.00344687  0.0082289  -0.00258577]]
[[-0.00733301 -0.00696953 -0.01407748]]
[[-0.00274698 -0.00360325 -0.0081704 ]]
[[-0.00413956  0.00493162 -0.0091927 ]]
[[ 0.00048913 -0.01022028 -0.01263704]]
[[-0.00279407  0.0016473  -0.00951024]]
[[-0.0018182   0.00557647 -0.00523071]]
[[-0.00122531 -0.00576282 -0.01013432]]
[[ 0.01029221 -0.00624737 -0.01197819]]
[[ 0.00035926  0.00428462 -0.00648369]]
[[ 0.00411751 -0.0054993  -0.00627782]]
[[-0.00115676  0.00103333 -0.00076424]]
[[-0.00096457 -0.00114261  0.00051733]]
[[-0.00115352 -0.00057859  0.00057852]]
[[ 0.00159915  0.00540153  0.00058209]]
[[ 0.00263389  0.0025163   0.00110353]]
[[ 0.00894732  0.00837251  0.00758057]]
[[ 0.00446262 -0.00129848  0.0058898 ]]
[[ 0.00725044  0.00088143  0.00742885]]
[[ 0.00061009 -0.00171067  0.00173058]]
[[-0.00042097 -0.00193909  0.00112591]]
[[  7.75410494e-05  -1.73980718e-04   1.40498787e-03]]
[[-0.0024614   0.00066108 -0.00042805]]
[[-0.00105984 -0.00154845  0.00027386]]
[[-0.0012795  -0.00099246  0.00049302]]
[[ 0.00348262  0.01201735 -0.00399484]]
[[ 0.0186336   0.01463558  0.01117723]]
[[ 0.01283588  0.00143814  0.01492654]]
[[-0.00088528 -0.00213683  0.00025486]]
[[ 0.00299252 -0.00431286  0.00330624]]
[[-0.00053869 -0.00330409  0.00035251]]
[[ 0.00010623 -0.00359601 -0.00041124]]
[[ 0.0037631  -0.00444735 -0.00026   ]]
[[-0.00096671 -0.00309666 -0.00063886]]
[[-0.00034573 -0.00352624 -0.00215708]]
[[ 0.00343334 -0.00333739 -0.00424985]]
[[ 0.00628012 -0.00471708  0.00225939]]
[[ 0.00054814 -0.00315709 -0.003663  ]]
[[-0.00090149 -0.00327417 -0.00214895]]
[[ 0.00586876 -0.00067785 -0.00713745]]
[[ 0.00082156 -0.00132891 -0.00433967]]
[[ 0.00661277  0.00279274 -0.00810667]]
[[ 0.00826301  0.00024985 -0.00919364]]
[[ 0.00241503  0.00043813 -0.00434323]]
[[-0.00018909 -0.00180266 -0.00286573]]
[[ 0.01111476  0.00681056 -0.0047538 ]]
[[ 0.00158732  0.0003732  -0.00378221]]
[[-0.00045272 -0.00138692  0.00671821]]
[[-0.00137862  0.00151513  0.00844577]]
[[ 0.00263367  0.00066982  0.0093312 ]]
[[ 0.0001716   0.00424038  0.0073228 ]]
[[ 0.0001471   0.00074934  0.00350527]]
[[-0.00075061  0.0047275   0.00014419]]
[[-0.00110356 -0.00902937  0.00029497]]
[[ 0.00074217 -0.01081436  0.00298598]]
[[ 0.0001573  -0.00668696  0.00710763]]
[[ 0.00125606 -0.00739926  0.00687486]]
[[ 0.00025531 -0.00502213  0.00637792]]
[[-0.00425462 -0.00047713  0.00352025]]
[[-0.01146727 -0.00040194  0.00434902]]
[[-0.00386873  0.00780699  0.00420657]]
[[-0.0046417   0.00831461  0.00100356]]
[[ 0.00204763 -0.01024767  0.00141747]]
[[ 0.00055044 -0.00706964  0.00363461]]
[[-0.00153778 -0.00591324  0.00423763]]
[[ 0.00050646  0.00073253 -0.005046  ]]
[[ 0.00079732 -0.01129138 -0.00431274]]
[[-0.00078774 -0.00840848 -0.00723936]]
[[-0.00199857  0.00351895 -0.00895523]]
[[ 0.00221171 -0.01068025 -0.00326309]]
[[-0.00120146 -0.00993708 -0.00997433]]
[[-0.00364158  0.00144714 -0.01377737]]
[[-0.00572921  0.00607154 -0.00884646]]
[[-0.00518729 -0.00685186 -0.01136131]]
[[ 0.00023257 -0.00891576 -0.00663933]]
[[-0.00727724  0.00880028 -0.01405003]]
[[-0.00307294 -0.00589436 -0.0102997 ]]
[[-0.00430257  0.00736797 -0.01377298]]
[[-0.01311598  0.01310729 -0.01550227]]
[[-0.00432141 -0.0002794  -0.00987675]]
[[-0.00133511 -0.00553429 -0.00596966]]
[[-0.00168989  0.01265528 -0.01353406]]
[[ -9.16582083e-04   5.12810705e-05  -7.63062213e-03]]
[[-0.00034137  0.0049989   0.0039343 ]]
[[ 0.00097895  0.00271155 -0.00025823]]
[[ 0.00105738  0.00341767  0.0002368 ]]
[[ 0.00080541  0.0061848  -0.00093489]]
[[ 0.00308975  0.00667943 -0.00159913]]
[[ 0.00768981  0.01232539  0.00375577]]
[[ 0.00338761  0.00568298  0.00373707]]
[[ 0.00478017  0.00724934  0.00662156]]
[[ 0.0012844   0.00429361  0.00156095]]
[[ 0.00101925  0.00320187  0.00031326]]
[[  1.29512910e-03   4.17868446e-03   6.16174111e-05]]
[[ 0.00043596  0.00908947  0.01227254]]
[[  8.59453320e-04   2.01736139e-03  -7.37947485e-05]]
[[ 0.00113946  0.0015752   0.00109682]]
[[ 0.00310263  0.01031945 -0.00536553]]
[[ 0.01792011  0.01569413  0.00582581]]
[[ 0.00949542  0.00559131  0.01291363]]
[[ 0.00068548  0.0024988   0.00020211]]
[[ 0.0010267   0.00290449  0.00452595]]
[[ 0.00056026  0.00255989  0.0012738 ]]
[[ 0.00033034  0.00270931  0.00141994]]
[[ 0.00071595  0.00150433  0.00229799]]
[[ 0.00046425  0.00217026  0.00057   ]]
[[ 0.00016524  0.00175654  0.0006416 ]]
[[ 0.00081522  0.00212142  0.00032849]]
[[ 0.00237634 -0.00094808  0.00362051]]
[[  2.57284770e-04   1.87962414e-03   2.72388098e-05]]
[[ 0.00019486  0.00154062  0.00027641]]
[[ 0.00241591  0.00207205 -0.00164483]]
[[ 0.00075598  0.0020099  -0.00037035]]
[[ 0.00408419  0.00398368 -0.00177723]]
[[ 0.00435587  0.00023676 -0.00349828]]
[[ 0.00171458  0.00277781  0.00019783]]
[[  4.74318440e-04   1.56967491e-03   1.37484675e-05]]
[[ 0.00827247  0.00458582  0.00030586]]
[[ 0.00114197  0.00178864  0.00059555]]
[[ 0.00307459 -0.00249515  0.00798864]]
[[ 0.00324643  0.0003905   0.00620872]]
[[ 0.00581495  0.00052859  0.00483465]]
[[ 0.00437086  0.00318692  0.00335875]]
[[ 0.00645055  0.00127981  0.00183671]]
[[ 0.00486753  0.00335508  0.00071903]]
[[ 0.00522945 -0.00277827  0.00059005]]
[[ 0.00364159 -0.00359285  0.00160569]]
[[ 0.00481189 -0.00350857  0.00405538]]
[[ 0.00205238 -0.00419228  0.00564816]]
[[ 0.0021423  -0.00580981  0.00852014]]
[[ 0.0001456  -0.00496815  0.00900648]]
[[ 0.0013793   0.0009875   0.00313932]]
[[ 0.00164283  0.00353305  0.00219607]]
[[ 0.00204939  0.00376287  0.00050966]]
[[ 0.00165908 -0.00326331  0.00090419]]
[[ 0.00041934 -0.00316009  0.00361311]]
[[-0.00106772 -0.00704131  0.0109777 ]]
[[ 0.00630264  0.00102785 -0.00132232]]
[[ 0.00340878 -0.00289218 -0.00146739]]
[[ 0.00436951 -0.0026169  -0.00273347]]
[[ 0.00378425  0.00184416 -0.00217712]]
[[ 0.00140557 -0.00254935 -0.0014488 ]]
[[ 0.0006735  -0.00263496 -0.0038121 ]]
[[ 0.00307181 -0.00103533 -0.00316657]]
[[ 0.00173953  0.00228337 -0.00131697]]
[[ -3.85363168e-06  -3.02706359e-03  -3.17231831e-03]]
[[-0.00087871 -0.00182608 -0.0027676 ]]
[[ 0.00080516 -0.0003773  -0.00198006]]
[[-0.00149874 -0.00226767 -0.00137088]]
[[ 0.00029657 -0.0011407  -0.00106662]]
[[  4.80368800e-04   2.72649147e-05  -1.43141177e-03]]
[[-0.00061706 -0.00168264 -0.00027816]]
[[-0.00228334 -0.00145729 -0.00091753]]
[[ -7.37349039e-06  -4.73069716e-04  -5.19690078e-04]]
[[ -6.90240974e-04  -9.75575477e-04  -1.74830757e-06]]
[[ 0.00116698  0.00296322  0.00806001]]
[[ 0.00243305 -0.00512435  0.00329204]]
[[ 0.00278979 -0.00290343  0.00585958]]
[[ 0.00250012  0.00845885  0.00344269]]
[[ 0.00560022  0.00573077  0.00422316]]
[[ 0.00931333  0.01415233  0.01177343]]
[[ 0.00487791  0.00453477  0.0102822 ]]
[[ 0.00633008  0.00979563  0.01066794]]
[[ 0.00276119 -0.0008175   0.00543586]]
[[ 0.00210487 -0.00439236  0.00411573]]
[[ 0.00536557 -0.00089748  0.00540497]]
[[-0.00154956  0.00768664  0.01692597]]
[[-0.00078218 -0.00689601  0.00273002]]
[[-0.00050924 -0.00438109  0.00619291]]
[[ 0.00237412  0.01666646 -0.00318889]]
[[ 0.01814588  0.02048772  0.01389803]]
[[ 0.01236386  0.00992731  0.01750324]]
[[-0.00075749 -0.00559925  0.00123739]]
[[ 0.00273538  0.0037196   0.00396891]]
[[-0.00025354 -0.00542206  0.00028119]]
[[ 0.0009758  -0.00141026 -0.00256243]]
[[ 0.00299029  0.00540207 -0.00212452]]
[[-0.00239945 -0.006998   -0.00288033]]
[[ 0.00082361 -0.0060159  -0.00891702]]
[[ 0.00246833  0.00443944 -0.00869961]]
[[ 0.00580139  0.00420619  0.00193621]]
[[ 0.00279416 -0.00099521 -0.01015306]]
[[-0.00027342 -0.00944483 -0.0102376 ]]
[[ 0.00377769  0.0063607  -0.01110503]]
[[ 0.00293387 -0.00322993 -0.01059565]]
[[ 0.00524704  0.00719312 -0.01185502]]
[[ 0.00632535  0.00548296 -0.01061321]]
[[ 0.00393839  0.00271704 -0.00801682]]
[[ 0.00198418 -0.00804348 -0.00673449]]
[[ 0.01012474  0.00896978 -0.00914611]]
[[ 0.00360814  0.00234752 -0.00649397]]
[[ 0.00128479 -0.00386986  0.01078101]]
[[-0.00228087 -0.001341    0.00979208]]
[[ 0.00556936 -0.00286113  0.00901728]]
[[ 0.00133791  0.0035253   0.00560966]]
[[ 0.00749836  0.00141119  0.0032396 ]]
[[ 0.00278403  0.00539321 -0.00059565]]
[[ 0.01147931 -0.00278705  0.00529443]]
[[ 0.01186799 -0.00718269  0.00978387]]
[[ 0.01021942 -0.00884102  0.01228093]]
[[ 0.01448746 -0.01913382  0.00946768]]
[[ 0.00779779 -0.00829915  0.00633853]]
[[-0.00462145 -0.00382105  0.01103244]]
[[-0.01503475 -0.0020084   0.0044002 ]]
[[-0.00670093  0.00803136  0.0014626 ]]
[[-0.00580586  0.00912927 -0.00077946]]
[[ 0.01430311 -0.0104207   0.01382963]]
[[ 0.02093832 -0.02810378  0.00906812]]
[[ 0.00656594 -0.00708573  0.00437871]]
[[ 0.00768025  0.00194627 -0.00498398]]
[[ 0.01275099 -0.00140915  0.00028986]]
[[ 0.01166712 -0.00092513 -0.00563894]]
[[ 0.00190045  0.00261576 -0.00982563]]
[[ 0.01859907 -0.00252446  0.00254079]]
[[ 0.0105847  -0.00295995 -0.00996728]]
[[ 0.0039226  -0.00059684 -0.01272246]]
[[-0.00664796  0.00505599 -0.00954718]]
[[ 0.00746087 -0.00346    -0.01199621]]
[[ 0.0144555  -0.00403762 -0.00989834]]
[[-0.00485529  0.00412884 -0.01118427]]
[[ 0.0105412  -0.01078545 -0.00799672]]
[[-0.00218434 -0.00102423 -0.00723399]]
[[-0.01489853  0.00898341 -0.01390045]]
[[ 0.00389592 -0.00485712 -0.00296585]]
[[ 0.01847428 -0.01330648 -0.008853  ]]
[[-0.00717435  0.00221612 -0.00534724]]
[[-0.00224448 -0.00981177 -0.00420079]]
[[-0.00116068  0.00192669 -0.00229674]]
[[-0.0005714   0.00121524 -0.00055429]]
[[-0.00101355  0.00078378 -0.00057331]]
[[ 0.00059623  0.0053654  -0.00244198]]
[[ 0.00187774  0.0056778  -0.00220077]]
[[ 0.00656765  0.01163694  0.00375818]]
[[ 0.00218845  0.00490837  0.0041339 ]]
[[ 0.00364235  0.00664548  0.00743899]]
[[ 0.0001147   0.00338669  0.00211541]]
[[-0.0001927   0.00206988  0.00058027]]
[[ -2.97784239e-06   2.96453354e-03   8.58368757e-05]]
[[-0.00235016  0.00066018 -0.00159207]]
[[ -6.99486038e-04   6.83857983e-04  -7.56747183e-06]]
[[-0.0010269   0.00031884 -0.00025182]]
[[ 0.00339918  0.00904102 -0.00646383]]
[[ 0.01673697  0.01530494  0.00557338]]
[[ 0.00838331  0.0052252   0.01350674]]
[[-0.00049705  0.00135358  0.00051031]]
[[-0.00038033  0.00199366  0.00571428]]
[[-0.00073154  0.00145516  0.00189458]]
[[-0.00106287  0.00167417  0.00244379]]
[[-0.0007035   0.00071625  0.0041633 ]]
[[-0.00077781  0.00109663  0.00096842]]
[[-0.00165951  0.00014116  0.00170344]]
[[-0.00124858  0.00044358  0.00283194]]
[[ 0.00108385 -0.00137942  0.0052065 ]]
[[ -1.88227474e-03   1.72351502e-05   1.67783983e-03]]
[[-0.00150032  0.0001314   0.00060093]]
[[ 0.00076554  0.00099889  0.00273387]]
[[-0.00280907 -0.00173125  0.00135327]]
[[ 0.00164085 -0.00059934  0.00439665]]
[[ 0.00318359  0.0002098  -0.00032009]]
[[-0.00166685 -0.00208665  0.0034533 ]]
[[-0.00276157 -0.00120511 -0.00037218]]
[[  1.06345306e-02   9.65792090e-05   9.04468264e-03]]
[[-0.00341012 -0.00431453  0.00285781]]
[[ 0.00232852 -0.00082489  0.00556979]]
[[ 0.0023207   0.00225657  0.00551839]]
[[ 0.00514846  0.00113165  0.00484094]]
[[ 0.0035877   0.00386655  0.00402076]]
[[ 0.00572261  0.00142915  0.00299254]]
[[ 0.00392802  0.00380683  0.00238151]]
[[ 0.00451704 -0.00278655  0.00171249]]
[[ 0.00318311 -0.00388435  0.00195886]]
[[ 0.00420844 -0.00309836  0.00362243]]
[[ 0.0016356  -0.00444218  0.00384748]]
[[ 0.00108574 -0.0040583   0.00453118]]
[[ -1.05015368e-05  -3.48006042e-05   4.57110686e-03]]
[[ 0.00026101  0.00287469  0.00361102]]
[[ 0.00085178  0.00432254  0.00292169]]
[[ 0.00114645  0.00443883  0.00182338]]
[[ 0.0012353  -0.0037915   0.00115613]]
[[-0.00025105 -0.00408747  0.00213739]]
[[-0.00144293 -0.0044732   0.00311974]]
[[ 0.00535904  0.00112862  0.00089396]]
[[ 0.00273479 -0.00330889  0.00019992]]
[[ 0.0033934  -0.00274486 -0.00033197]]
[[ 0.0025889   0.00251992  0.00047502]]
[[  8.01184774e-04  -3.09896028e-03  -1.58013639e-05]]
[[-0.00025907 -0.00309867 -0.00083861]]
[[  1.79217842e-03  -2.88929482e-04  -3.00391016e-05]]
[[ 0.00059316  0.00328464  0.0005904 ]]
[[-0.00132608 -0.00284306  0.00081485]]
[[-0.00174618 -0.00243127 -0.00016731]]
[[-0.00098822  0.00121418  0.00080064]]
[[-0.00238813 -0.00252298  0.00339439]]
[[-0.00260059  0.00224203  0.0001828 ]]
[[-0.00143743  0.00171004  0.00025214]]
[[-0.00200932  0.00024021  0.00441505]]
[[-0.00338655 -0.00225776  0.00271172]]
[[-0.00458311  0.00431564 -0.0042519 ]]
[[-0.00644789 -0.00343722 -0.00028729]]
[[-0.00463291 -0.0013397  -0.00568173]]
[[-0.01371543 -0.00501456 -0.00194133]]
[[-0.00908967 -0.00278779 -0.00508668]]
[[-0.00154325  0.00342497 -0.00235022]]
[[-0.00087512  0.00254803 -0.00070506]]
[[ 0.00433289  0.01144755  0.006567  ]]
[[-0.00062351  0.005852    0.0057913 ]]
[[ 0.00092602  0.01036857  0.0069525 ]]
[[-0.00402865  0.00314525  0.00367414]]
[[ -5.70345871e-03  -4.40028317e-05   4.75374507e-03]]
[[-0.0057127  -0.0008761   0.00440518]]
[[-0.00372899  0.00015208 -0.0053648 ]]
[[ -2.69361862e-02  -1.38071355e-05  -2.74874848e-04]]
[[-0.01153507 -0.00177901 -0.00744251]]
[[ 0.00261311  0.00811349 -0.00643948]]
[[ 0.01605918  0.01627392  0.00720236]]
[[ 0.0076717   0.00915799  0.01380616]]
[[-0.01092266  0.00014675  0.00384037]]
[[-0.00399589  0.00500256  0.00134302]]
[[-0.00520878  0.00215276 -0.00132162]]
[[-0.00598428  0.00319121 -0.00683209]]
[[-0.00318688  0.00473913 -0.00220477]]
[[-0.0076201   0.00174369 -0.00412069]]
[[-0.00932269 -0.00456223 -0.01315157]]
[[-0.00436731  0.00125228 -0.0067101 ]]
[[ 0.0005846   0.0025107   0.00172614]]
[[-0.00706618 -0.00261445 -0.01064748]]
[[-0.01259475 -0.00524326 -0.02275722]]
[[-0.00033503  0.00235957 -0.00674732]]
[[-0.00897366 -0.01111207 -0.00817338]]
[[ 0.00123585  0.00092556 -0.00666304]]
[[ 0.00302327  0.00123048 -0.00655116]]
[[-0.00180272 -0.003764   -0.00199734]]
[[-0.01985671 -0.01602484 -0.00339628]]
[[ 0.00725922  0.00310205 -0.00209638]]
[[ 0.00028229 -0.00318521 -0.00039958]]
[[ 0.00475625 -0.00022845  0.00726561]]
[[ 0.0040017   0.00422442  0.00740662]]
[[ 0.00785514  0.00338994  0.00702308]]
[[ 0.00556858  0.00754031  0.0053459 ]]
[[ 0.00869989  0.00620106  0.00335118]]
[[ 0.00646356  0.00832903  0.00095831]]
[[ 0.00960047  0.0020007   0.0040017 ]]
[[ 0.0093461  -0.00231868  0.00674409]]
[[ 0.00816918 -0.00272696  0.00854723]]
[[ 0.00822468 -0.01070135  0.00693653]]
[[ 0.00492793 -0.00534192  0.00603151]]
[[ 0.00161408  0.00108835  0.0059506 ]]
[[ 0.00132789  0.00518615  0.00473053]]
[[ 0.00204398  0.00786199  0.00349505]]
[[ 0.00268439  0.00837133  0.00083367]]
[[ 0.00994202 -0.00712588  0.00921522]]
[[ 0.00504106 -0.01964383  0.00376117]]
[[ 0.00260284 -0.00682828  0.00391122]]
[[ 0.00888931  0.00605165 -0.00215719]]
[[  9.68372213e-03   2.62730175e-03  -2.68855397e-05]]
[[ 0.00957031  0.00298217 -0.00427295]]
[[ 0.00573173  0.00602005 -0.00401916]]
[[ 0.01227083 -0.00015101  0.00091976]]
[[ 0.00760548 -0.00067485 -0.00723345]]
[[ 0.00583452  0.0019224  -0.0056688 ]]
[[ 0.00265048  0.00611609 -0.00218659]]
[[ 0.00470967 -0.00057634 -0.00722395]]
[[ 0.00921075 -0.00434057 -0.0092335 ]]
[[ 0.00255125  0.00189332 -0.00456106]]
[[ 0.00350971 -0.00465083 -0.0053688 ]]
[[ 0.00217133 -0.00023593 -0.00363053]]
[[ 0.0014357   0.00224719 -0.00287272]]
[[ 0.00193029 -0.00175809 -0.00304742]]
[[ 0.00225445 -0.00965449 -0.00412315]]
[[ 0.00114037  0.00063159 -0.00255738]]
[[ 0.00177236 -0.00190672 -0.00233239]]
[[  2.52065583e-03  -1.72657109e-05  -2.68786624e-03]]
[[-0.00644736 -0.00884511 -0.00299137]]
[[-0.00110299 -0.00445564 -0.00316851]]
[[ 0.00442707  0.00677518 -0.00177623]]
[[ 0.00634966  0.00570759 -0.00096662]]
[[ 0.01083824  0.01387676  0.00552644]]
[[ 0.00929808  0.00625259  0.00548341]]
[[ 0.00962907  0.00909809  0.00675009]]
[[  7.87106208e-03   1.22427695e-05   2.76182610e-03]]
[[ 0.00307591 -0.00475005  0.00211812]]
[[ 0.00258959 -0.00237679  0.00293717]]
[[ 0.0015529   0.00017631 -0.00142244]]
[[-0.02086595 -0.00277452 -0.00282691]]
[[-0.00478913 -0.00178256 -0.00560157]]
[[ 0.00603625  0.01133062 -0.00612993]]
[[ 0.01970086  0.01786568  0.00662812]]
[[ 0.0128627   0.00761011  0.01325483]]
[[-0.00318756 -0.00479942  0.00191831]]
[[ 0.00776814  0.00331325  0.00288145]]
[[ 0.0066896  -0.00385515 -0.0016671 ]]
[[ 0.00796927 -0.00103927 -0.00414624]]
[[ 0.00470721  0.00310606 -0.00086153]]
[[ 0.00197591 -0.00351986 -0.00390369]]
[[ 0.00176953 -0.00797569 -0.01003951]]
[[ 0.00301935  0.00210645 -0.0035804 ]]
[[ 0.0050405   0.00065398  0.00178378]]
[[ 0.00211465 -0.00252073 -0.00652191]]
[[-0.00626003 -0.00679219 -0.01888862]]
[[ 0.00209457  0.00368173 -0.00200791]]
[[-0.0054827  -0.00983112 -0.00512422]]
[[ 0.00225982  0.00122713  0.00193616]]
[[ 0.00432351  0.00189447 -0.00436909]]
[[-0.0008472  -0.00239219  0.00287072]]
[[-0.01974655 -0.01235836 -0.00293486]]
[[ 0.01245754  0.0022183   0.00977742]]
[[-0.00255295 -0.00565229  0.00369603]]
[[ 0.00403005 -0.00021798  0.00511446]]
[[ 0.00408259  0.00285365  0.00492316]]
[[ 0.00728491  0.00178459  0.00391994]]
[[ 0.00601757  0.00436197  0.00266592]]
[[ 0.00830018  0.00218146  0.00085465]]
[[ 0.00660945  0.00423748 -0.0004573 ]]
[[ 0.00703568 -0.00217271 -0.00062056]]
[[ 0.00542907 -0.00331072  0.00028208]]
[[ 0.00640748 -0.00258873  0.00242171]]
[[ 0.00355134 -0.00401862  0.00304692]]
[[ 0.00285011 -0.00357956  0.00395003]]
[[ 0.00173271  0.00055138  0.00428237]]
[[ 0.00209552  0.00347844  0.00334894]]
[[ 0.00342019  0.00485055  0.00216304]]
[[ 0.00408404  0.00482674 -0.00026782]]
[[ 0.0033989  -0.00336628 -0.00018696]]
[[ 0.00168465 -0.00376658  0.00153664]]
[[ 0.00029456 -0.00388637  0.00279151]]
[[ 0.00781603  0.00193169 -0.00276309]]
[[ 0.00502343 -0.00262607 -0.00270291]]
[[ 0.00576916 -0.00203041 -0.00392287]]
[[ 0.0048025   0.00299006 -0.00356036]]
[[ 0.00292168 -0.00255344 -0.00237599]]
[[ 0.00181193 -0.00227492 -0.00481793]]
[[ 0.004       0.00018948 -0.00443328]]
[[ 0.00283692  0.00356761 -0.00268269]]
[[ 0.00095875 -0.00220107 -0.00393543]]
[[ 0.00019257 -0.0017058  -0.00346263]]
[[ 0.00127124  0.00143123 -0.00320217]]
[[-0.00049754 -0.00151917 -0.00193356]]
[[ 0.00085806  0.00105517 -0.00259301]]
[[ 0.00052582  0.00191151 -0.00288663]]
[[ 0.0002751  -0.00022061 -0.00075342]]
[[-0.00131882 -0.0010671  -0.00118768]]
[[-0.00037267  0.00207398 -0.00267991]]
[[ 0.00043184  0.00029846 -0.000326  ]]
