[[ 0.00027564  0.00287014 -0.00074303]]
[[-0.00041888  0.00206923  0.00023131]]
[[ -1.41155536e-04   2.14626276e-03   8.67331000e-05]]
[[ 0.00173148  0.00600783 -0.0008152 ]]
[[ 0.0020177   0.00623993 -0.00060652]]
[[ 0.00624561  0.01220247  0.00524541]]
[[ 0.00114391  0.00551105  0.00512794]]
[[ 0.0020307   0.00716318  0.00748764]]
[[-0.00092969  0.00404801  0.00252301]]
[[-0.00078142  0.00268725  0.00132349]]
[[ -9.33021077e-05   3.75451782e-03   1.09124835e-03]]
[[ 0.0002773   0.00127877 -0.00013823]]
[[-0.00075972  0.00157202  0.00039943]]
[[-0.00041408  0.00164277 -0.00035372]]
[[ 0.00495661  0.00914369 -0.00466463]]
[[ 0.01655197  0.01579546  0.00729755]]
[[ 0.00629072  0.00588641  0.01395007]]
[[-0.00113783  0.00199935  0.00085868]]
[[-0.00188404  0.00300043  0.00483059]]
[[-0.00178264  0.00215799  0.00173041]]
[[-0.00239097  0.00257741  0.00136722]]
[[-0.00246871  0.00149822  0.00158249]]
[[-0.00180128  0.00173501  0.00067476]]
[[ -2.19318101e-03   1.56906721e-03  -2.52131258e-05]]
[[-0.00178822  0.00246621 -0.00105147]]
[[-0.00158476 -0.00051144  0.00295986]]
[[-0.00207549  0.00192258 -0.00122468]]
[[-0.00207376  0.00123037 -0.00044417]]
[[  7.80585358e-05   2.28623428e-03  -3.83786131e-03]]
[[-0.0009068   0.00213007 -0.00193379]]
[[ 0.00277517  0.00459515 -0.00421069]]
[[ 0.00122246  0.00085096 -0.00571325]]
[[ 0.00043195  0.00301424 -0.0017587 ]]
[[-0.0012451   0.00146751 -0.00121802]]
[[ 0.00744891  0.00557811 -0.00201654]]
[[ 0.00023135  0.00211186 -0.00138647]]
[[ 0.00339747 -0.00222952  0.0067161 ]]
[[ 0.00365355  0.00359571  0.00839395]]
[[ 0.00314076  0.00399033  0.01012697]]
[[ 0.00079413  0.00764353  0.00931568]]
[[-0.00289443  0.00558017  0.00549543]]
[[-0.00204745  0.00884548  0.00255537]]
[[-0.00614727 -0.00511619  0.00302586]]
[[-0.00342765 -0.00723318  0.00681929]]
[[-0.0018621  -0.00599271  0.01155341]]
[[ 0.00389688 -0.01087012  0.01027966]]
[[ 0.00247795 -0.00782136  0.00896578]]
[[ 0.00092898 -0.00198225  0.00459734]]
[[ 0.00279831  0.00379722  0.00471572]]
[[ 0.00081145  0.00727639  0.00635239]]
[[-0.00173732  0.00895181  0.00258129]]
[[-0.00212427 -0.00556449  0.00762348]]
[[ 0.01046628 -0.01111893  0.01119738]]
[[-0.00083967 -0.00988969  0.0089085 ]]
[[-0.00318234  0.00577044 -0.00253978]]
[[-0.00472625 -0.00590433 -0.00224964]]
[[-0.00603673 -0.00391485 -0.00618259]]
[[-0.00280504  0.00787098 -0.00456417]]
[[-0.00181566 -0.00361269 -0.0006522 ]]
[[-0.00575261 -0.00466765 -0.01027531]]
[[-0.00461378  0.00288646 -0.00871232]]
[[-0.00199312  0.00815394 -0.00210646]]
[[-0.00663013 -0.00492071 -0.01301345]]
[[-0.00366355 -0.00124361 -0.00771065]]
[[-0.00268581  0.00542859 -0.00821387]]
[[ 0.00034684 -0.00791736 -0.01168034]]
[[-0.00164177  0.00267243 -0.00825669]]
[[-0.00044321  0.00561618 -0.00455696]]
[[-0.00082752 -0.00393049 -0.00893498]]
[[ 0.00937305 -0.00413257 -0.01145608]]
[[ 0.00154083  0.00481252 -0.00522406]]
[[ 0.00389729 -0.0039273  -0.00504784]]
[[-0.00149853  0.00089099 -0.00063892]]
[[-0.00123586 -0.00125887  0.00056005]]
[[-0.00142472 -0.00069101  0.00063798]]
[[ 0.00111202  0.00513919  0.00065148]]
[[ 0.00215128  0.00229389  0.00118764]]
[[ 0.0083103   0.00798213  0.00753966]]
[[ 0.00387537 -0.00157799  0.00587422]]
[[ 0.00647571  0.00034995  0.00721751]]
[[ 0.00019655 -0.00193104  0.00167799]]
[[-0.00075574 -0.00210524  0.001126  ]]
[[-0.00027309 -0.00034006  0.00142032]]
[[-0.00277613  0.00060475 -0.00030657]]
[[-0.00129158 -0.00164317  0.00027458]]
[[-0.00151457 -0.00106894  0.00057656]]
[[ 0.00282682  0.01171451 -0.0039262 ]]
[[ 0.01774895  0.01415349  0.01111503]]
[[ 0.01174396  0.00078766  0.01465373]]
[[-0.00116753 -0.00227557  0.00022637]]
[[ 0.00236093 -0.00462774  0.00314376]]
[[-0.00091562 -0.00351302  0.00028402]]
[[-0.00034668 -0.00385369 -0.00053254]]
[[ 0.00296464 -0.00499473 -0.00057305]]
[[-0.00129047 -0.00327417 -0.00071939]]
[[-0.000746   -0.00374748 -0.00228551]]
[[ 0.00280016 -0.00365506 -0.00451695]]
[[ 0.00512495 -0.00538486  0.00182065]]
[[  8.62431977e-05  -3.41660181e-03  -3.84600014e-03]]
[[-0.0012473  -0.00346264 -0.0022736 ]]
[[ 0.00510461 -0.00119479 -0.00755372]]
[[ 0.00043538 -0.00153793 -0.00451148]]
[[ 0.00604703  0.00249743 -0.00843877]]
[[ 0.0071443  -0.00037898 -0.00973626]]
[[ 0.00198518  0.00019691 -0.00460625]]
[[-0.00052957 -0.00198343 -0.00301519]]
[[ 0.01046537  0.00654708 -0.00505912]]
[[ 0.00125016  0.00025638 -0.00405047]]
[[-0.00111819 -0.00241811  0.00743339]]
[[-0.00229093 -0.00016607  0.00893416]]
[[ 0.00183292 -0.00104977  0.00965629]]
[[-0.00090701  0.00190782  0.00718691]]
[[-0.00062618 -0.00130249  0.00328543]]
[[-0.00176733  0.00221023 -0.00057399]]
[[-0.00137704 -0.01047374  0.00020983]]
[[ 0.00051721 -0.01196368  0.0030987 ]]
[[-0.00017878 -0.00789474  0.00732012]]
[[ 0.00098608 -0.00827304  0.0072246 ]]
[[ -6.76805934e-05  -5.80580440e-03   6.81408230e-03]]
[[-0.00507892 -0.00111546  0.00418521]]
[[-0.01360255 -0.00248042  0.00466769]]
[[-0.00670076  0.00509878  0.00360066]]
[[-0.00765903  0.00538177 -0.00050428]]
[[ 0.00197705 -0.01120877  0.00143859]]
[[ 0.00042942 -0.00780152  0.00379708]]
[[-0.00181705 -0.00652128  0.00470387]]
[[-0.00017776 -0.00122596 -0.00577915]]
[[ 0.00066473 -0.01250922 -0.00449857]]
[[-0.00098486 -0.00983063 -0.00762369]]
[[-0.00286129  0.00137685 -0.00999253]]
[[ 0.00220424 -0.0117086  -0.00342209]]
[[-0.00124762 -0.01108643 -0.01038583]]
[[-0.00418854 -0.00021419 -0.01471251]]
[[-0.00830447  0.00375367 -0.01063621]]
[[-0.00530263 -0.0081012  -0.0119343 ]]
[[ 0.00027272 -0.00990698 -0.00693887]]
[[-0.00791458  0.00692017 -0.0151908 ]]
[[-0.00306284 -0.00686989 -0.01084783]]
[[-0.00461343  0.00609302 -0.01488469]]
[[-0.01529394  0.01087734 -0.01699821]]
[[-0.00433532 -0.00127725 -0.01058629]]
[[-0.00127268 -0.00640347 -0.00635743]]
[[-0.00234633  0.01147013 -0.01477964]]
[[-0.00090254 -0.00063077 -0.00838116]]
[[-0.00151276  0.00446706  0.00148725]]
[[ 0.00044785  0.00253889 -0.00110378]]
[[  8.52613248e-05   2.91611952e-03  -8.22499010e-04]]
[[  7.28099912e-06   6.11907901e-03  -2.71674977e-03]]
[[ 0.00268912  0.00676332 -0.00279182]]
[[ 0.00747567  0.01253893  0.00300671]]
[[ 0.00320151  0.0058222   0.00320831]]
[[ 0.00467185  0.00740332  0.00629409]]
[[ 0.00111093  0.00436819  0.00116926]]
[[ 0.00076599  0.00320338 -0.00020166]]
[[ 0.00090116  0.0041421  -0.00065853]]
[[-0.00223636  0.00790581  0.00912572]]
[[ 0.00034944  0.00181789 -0.0005784 ]]
[[  9.43545949e-05   1.31976616e-03   3.83427006e-04]]
[[ 0.00235023  0.01058748 -0.00781333]]
[[ 0.01766761  0.016001    0.00505502]]
[[ 0.00935137  0.00578106  0.01261193]]
[[ 0.00041463  0.00246427 -0.0001393 ]]
[[ 0.00092307  0.00300534  0.00426733]]
[[ 0.00042633  0.00259815  0.00098557]]
[[ 0.0002355   0.00278824  0.00120388]]
[[ 0.00065019  0.00160905  0.00212851]]
[[ 0.0003114   0.00218797  0.00036295]]
[[  8.78670781e-05   1.80661568e-03   4.76857311e-04]]
[[ 0.00075179  0.00219326  0.00019122]]
[[ 0.00228921 -0.00082862  0.00347422]]
[[  1.98894341e-04   1.94362377e-03  -9.65038055e-05]]
[[ 0.00010284  0.00157658  0.00015152]]
[[ 0.00237091  0.00213986 -0.0017414 ]]
[[ 0.00070696  0.00205339 -0.00046393]]
[[ 0.00404478  0.00403486 -0.00185971]]
[[ 0.00429662  0.00031312 -0.00358048]]
[[ 0.00167479  0.00282188  0.00011999]]
[[  4.13846173e-04   1.60579643e-03  -6.25432423e-05]]
[[ 0.00823729  0.00464508  0.00024132]]
[[ 0.00109932  0.00182204  0.00052572]]
[[ 0.00367302 -0.00165088  0.00652538]]
[[ 0.00326927  0.00133879  0.00530102]]
[[ 0.00587579  0.00095245  0.00420142]]
[[ 0.0042958   0.00361925  0.0029648 ]]
[[ 0.00642561  0.00151709  0.00153702]]
[[ 0.00480517  0.00358619  0.00051683]]
[[ 0.0052489  -0.00255636  0.00022979]]
[[ 0.00373762 -0.0034147   0.00111307]]
[[ 0.00495648 -0.00315443  0.00335798]]
[[ 0.00245333 -0.00401377  0.00464683]]
[[ 0.00280357 -0.00518953  0.00708211]]
[[ 0.00138927 -0.00342446  0.00738066]]
[[ 0.00115747  0.00192879  0.00265694]]
[[ 0.00147218  0.00396442  0.00196033]]
[[ 0.00193905  0.00399329  0.00038688]]
[[ 0.00175142 -0.00314963  0.0005175 ]]
[[ 0.00076004 -0.00312817  0.00293561]]
[[ 0.00028122 -0.00653512  0.00938702]]
[[ 0.00626946  0.00116971 -0.00148432]]
[[ 0.00342747 -0.00276779 -0.00172559]]
[[ 0.00435543 -0.00247971 -0.0029289 ]]
[[ 0.00373902  0.00198454 -0.00229267]]
[[ 0.00142436 -0.00245468 -0.00166474]]
[[ 0.00066715 -0.00254617 -0.00395623]]
[[ 0.00304184 -0.00094534 -0.00326054]]
[[ 0.00166708  0.00242218 -0.00138706]]
[[ -2.37696458e-05  -2.93756634e-03  -3.28624730e-03]]
[[-0.00088447 -0.00175149 -0.00289589]]
[[ 0.00077067 -0.00028742 -0.00204846]]
[[-0.00151227 -0.00220138 -0.00145889]]
[[ 0.00027171 -0.00107619 -0.00112876]]
[[ 0.00042928  0.00011721 -0.00147394]]
[[-0.0006347  -0.00162085 -0.00035123]]
[[-0.00229718 -0.00139908 -0.00099704]]
[[ -3.34957069e-05  -4.12605526e-04  -5.76443181e-04]]
[[ -7.01551372e-04  -9.39685423e-04  -6.08557112e-05]]
[[-0.00015182  0.0034241   0.00808558]]
[[ 0.00155511 -0.00474988  0.00327164]]
[[ 0.0019053  -0.00256389  0.00583555]]
[[ 0.00025614  0.00902002  0.00323484]]
[[ 0.00338964  0.00657015  0.0040766 ]]
[[ 0.00625944  0.014907    0.01128239]]
[[ 0.00221582  0.0056436   0.00991011]]
[[ 0.0029145   0.01075238  0.00985654]]
[[ 0.00112944 -0.00019462  0.00521281]]
[[ 0.0009426  -0.00391806  0.0040201 ]]
[[ 0.00402326 -0.00039286  0.00529534]]
[[-0.0028449   0.00820399  0.01693674]]
[[-0.00144728 -0.00659421  0.00270029]]
[[-0.00117346 -0.00410213  0.00621628]]
[[-0.00155354  0.01761614 -0.00350974]]
[[ 0.01316189  0.02164959  0.01306979]]
[[ 0.00712465  0.01132009  0.0161417 ]]
[[-0.00160825 -0.00524179  0.00116372]]
[[  4.19140815e-05   5.02976957e-03   3.37988488e-03]]
[[ -1.53153052e-03  -4.90117438e-03   9.45838969e-05]]
[[-0.0007293  -0.00069219 -0.00285267]]
[[ -9.58570902e-05   6.79560342e-03  -2.68339143e-03]]
[[-0.00335553 -0.00660569 -0.00300975]]
[[-0.00049679 -0.00543651 -0.00912072]]
[[ -8.60280910e-05   5.63113008e-03  -8.98119561e-03]]
[[ 0.00134686  0.00609994  0.00089921]]
[[ 0.00116893 -0.00028128 -0.0103595 ]]
[[-0.00126357 -0.00901428 -0.01037748]]
[[ 0.00067454  0.00739861 -0.0114623 ]]
[[ 0.00166801 -0.00274715 -0.0107336 ]]
[[ 0.00282722  0.00801433 -0.01207676]]
[[ 0.0013572   0.00694687 -0.01110244]]
[[ 0.00245261  0.00322648 -0.00821266]]
[[ 0.00103571 -0.00767552 -0.00685947]]
[[ 0.00693533  0.00999858 -0.00950426]]
[[ 0.00239516  0.00282056 -0.00667826]]
[[-0.0001798  -0.00223665  0.00928068]]
[[-0.00438069  0.00083644  0.00863508]]
[[ 0.00370903 -0.001186    0.0082191 ]]
[[-0.00086272  0.00549702  0.00512898]]
[[ 0.00554736  0.00295502  0.00294521]]
[[ 0.00055148  0.00721813 -0.00066001]]
[[ 0.00995124 -0.00132624  0.00507553]]
[[ 0.01060033 -0.00574587  0.00939786]]
[[ 0.00883076 -0.00730035  0.01163347]]
[[ 0.0134209  -0.01767092  0.00866585]]
[[ 0.00670584 -0.00676728  0.00521782]]
[[-0.00609802 -0.00264224  0.00934126]]
[[ -1.82067908e-02   2.22427570e-05   3.07158657e-03]]
[[-0.00962796  0.00993458  0.00089408]]
[[-0.00873399  0.01101357 -0.0009975 ]]
[[ 0.01315748 -0.00903926  0.01354527]]
[[ 0.01995235 -0.02670364  0.00848662]]
[[ 0.00574054 -0.005758    0.00308066]]
[[ 0.00568583  0.00338479 -0.00487074]]
[[  1.13782088e-02  -7.66815087e-05   3.30253056e-04]]
[[ 0.01005342  0.00045247 -0.00544794]]
[[-0.00040979  0.00438316 -0.009509  ]]
[[ 0.01738989 -0.00123137  0.00260504]]
[[ 0.00917657 -0.00172213 -0.00955304]]
[[ 0.00182694  0.00070654 -0.01206219]]
[[-0.00974046  0.00684662 -0.00961235]]
[[ 0.00583527 -0.00221743 -0.01139483]]
[[ 0.0132548  -0.00282127 -0.00954866]]
[[-0.00723802  0.00573227 -0.01019269]]
[[ 0.00921754 -0.00974413 -0.00724691]]
[[-0.00398948 -0.00017621 -0.00587648]]
[[-0.0182868   0.01052539 -0.01321206]]
[[ 0.00248645 -0.00395225 -0.00206059]]
[[ 0.01736011 -0.01222175 -0.00825187]]
[[-0.00887807  0.0026127  -0.00402141]]
[[-0.00350745 -0.0091642  -0.00315162]]
[[-0.00118607  0.00196102 -0.00231564]]
[[-0.00059826  0.00125541 -0.00057112]]
[[-0.00103806  0.00081755 -0.00058965]]
[[ 0.00056605  0.00540555 -0.0024649 ]]
[[ 0.00184204  0.00572905 -0.00222956]]
[[ 0.00652464  0.0116942   0.00372144]]
[[ 0.00213737  0.00498611  0.0040879 ]]
[[ 0.00357826  0.0067356   0.00738075]]
[[  6.36462897e-05   3.45881703e-03   2.08114819e-03]]
[[-0.00022896  0.00212832  0.00055539]]
[[ -3.85514218e-05   3.01263515e-03   6.30242543e-05]]
[[-0.0023787   0.00068935 -0.00160949]]
[[ -7.30249330e-04   7.25035928e-04  -1.92987896e-05]]
[[-0.00105086  0.00035152 -0.00026672]]
[[ 0.00336066  0.00908373 -0.00648521]]
[[ 0.01668269  0.01536596  0.00553924]]
[[ 0.00830175  0.00532347  0.01344917]]
[[-0.00053781  0.00141199  0.00049359]]
[[-0.00045614  0.00211837  0.00563896]]
[[-0.00078126  0.00154262  0.00185799]]
[[-0.00113791  0.00178832  0.00238836]]
[[-0.00080525  0.00087708  0.00406056]]
[[-0.00083432  0.0011832   0.00094462]]
[[-0.00173158  0.00028697  0.00163911]]
[[-0.00136623  0.00067275  0.00269456]]
[[ 0.00095002 -0.00119903  0.00509674]]
[[-0.00199238  0.0002162   0.00158712]]
[[-0.00158184  0.00026901  0.00056437]]
[[ 0.00058877  0.0013133   0.0025385 ]]
[[-0.00291651 -0.00146353  0.00124895]]
[[ 0.00147205 -0.00011894  0.00411855]]
[[ 0.00294141  0.00057882 -0.00053954]]
[[-0.00183157 -0.00171916  0.00332125]]
[[-0.00287696 -0.00097451 -0.00041752]]
[[ 0.01027679  0.00085127  0.00864285]]
[[-0.00367202 -0.00389011  0.00272588]]
[[ 0.00227484 -0.00076466  0.00554976]]
[[ 0.00225713  0.00233511  0.00549383]]
[[ 0.00506621  0.00122299  0.00481101]]
[[ 0.0034877   0.00398745  0.00398308]]
[[ 0.00558874  0.00157808  0.00294379]]
[[ 0.00375659  0.00400971  0.00231659]]
[[ 0.00436198 -0.00266096  0.00173944]]
[[ 0.00306699 -0.00378399  0.00197595]]
[[ 0.0041156  -0.00301897  0.00363174]]
[[ 0.00156164 -0.00437424  0.00385355]]
[[ 0.00102634 -0.00400403  0.00453188]]
[[ -5.52729459e-05   6.34351696e-06   4.55704910e-03]]
[[ 0.00019767  0.00295576  0.00357434]]
[[ 0.0007566   0.00444678  0.00285875]]
[[ 0.00098805  0.00464763  0.00170444]]
[[ 0.00110886 -0.00370021  0.00119383]]
[[-0.00033219 -0.00402317  0.00215458]]
[[-0.00149197 -0.00443307  0.003113  ]]
[[ 0.00511626  0.00140105  0.00080532]]
[[ 0.0025325  -0.00315399  0.00025324]]
[[ 0.00309869 -0.0025255  -0.00025047]]
[[ 0.00224724  0.00292454  0.00035223]]
[[  5.86908702e-04  -2.96847684e-03   7.48889393e-05]]
[[-0.00064816 -0.00285295 -0.0006797 ]]
[[ 0.00125519  0.00029135 -0.00020279]]
[[ 0.0002855   0.00370547  0.00031938]]
[[-0.00197047 -0.002427    0.00107885]]
[[ -2.13560435e-03  -2.25000805e-03   4.88694212e-05]]
[[-0.00188609  0.00219682  0.00053597]]
[[-0.00325474 -0.00221352  0.00387706]]
[[-0.0041568   0.00369022 -0.00031604]]
[[-0.00221052  0.00277478 -0.00055931]]
[[-0.00375266  0.00098334  0.00533293]]
[[-0.00418796 -0.00209339  0.00320279]]
[[-0.00755735  0.0065348  -0.00542484]]
[[-0.00918172 -0.00344762  0.00095789]]
[[-0.00635531 -0.00052788 -0.00437668]]
[[-0.01573538 -0.00489246 -0.00133673]]
[[-0.01097577 -0.002503   -0.00407146]]
[[-0.00318563  0.00475827 -0.00124711]]
[[ -2.97923671e-03   3.84441380e-03  -7.33364505e-05]]
[[ 0.00264683  0.01321696  0.00706047]]
[[-0.00255438  0.00735607  0.00578252]]
[[-0.00044787  0.01226316  0.00697192]]
[[-0.00621782  0.00401801  0.00339475]]
[[-0.00781697  0.00025866  0.00470922]]
[[-0.00800752 -0.00022835  0.00477249]]
[[-0.00507553  0.00106901 -0.00383822]]
[[ -2.87959509e-02  -1.76070777e-04   1.68717090e-05]]
[[-0.01336546 -0.00184641 -0.00643245]]
[[ 0.00141468  0.00973751 -0.00539796]]
[[ 0.01483212  0.01827387  0.00781619]]
[[ 0.00665602  0.01121671  0.01401211]]
[[-0.01289588  0.00010448  0.00366732]]
[[-0.00568184  0.00652773  0.00098386]]
[[-0.00711201  0.00253132 -0.00188129]]
[[-0.00792568  0.00414426 -0.00745549]]
[[-0.00443004  0.00664761 -0.00252969]]
[[-0.00944861  0.00180208 -0.00470307]]
[[-0.01106615 -0.00403121 -0.01401008]]
[[-0.00588495  0.00286137 -0.00743441]]
[[-0.00029369  0.00454393  0.0016233 ]]
[[-0.00882869 -0.00156519 -0.01159455]]
[[-0.01430048 -0.00505491 -0.02360082]]
[[-0.00134824  0.00424631 -0.00750936]]
[[-0.01053473 -0.01040957 -0.00941443]]
[[ 0.00019839  0.00250416 -0.00788967]]
[[ 0.00233334  0.00317761 -0.00697378]]
[[-0.00308275 -0.00272859 -0.00341278]]
[[-0.02140271 -0.0157361  -0.004537  ]]
[[ 0.00661592  0.00480392 -0.00332759]]
[[-0.00093223 -0.00243158 -0.00200392]]
[[ 0.00281054  0.00025987  0.00653597]]
[[ 0.00241716  0.00410728  0.00664979]]
[[ 0.00555071  0.00398374  0.00626165]]
[[ 0.00374044  0.00727535  0.00458615]]
[[ 0.00618981  0.00665321  0.00274563]]
[[ 0.00456017  0.00803874  0.00047014]]
[[ 0.0070371   0.00410136  0.00367744]]
[[ 0.00698162  0.00110034  0.00667226]]
[[ 0.00583294 -0.00057914  0.00826566]]
[[ 0.0059625  -0.00736482  0.00712265]]
[[ 0.00278445 -0.00358409  0.00594132]]
[[ 0.00023978  0.00095871  0.00523193]]
[[ 0.00028532  0.00476792  0.00409431]]
[[ 0.00087438  0.00728366  0.00291135]]
[[ 0.00141937  0.00774038  0.00043227]]
[[ 0.00909573 -0.00272686  0.00975963]]
[[ 0.00420235 -0.01526415  0.00475155]]
[[ 0.00090949 -0.00487146  0.00384248]]
[[ 0.00640526  0.00643626 -0.00248875]]
[[ 0.00738898  0.00574145  0.00016052]]
[[ 0.0070091   0.00499723 -0.00434155]]
[[ 0.00391289  0.00577248 -0.00417698]]
[[ 0.01133047  0.0036607   0.00169351]]
[[ 0.00541447  0.00250353 -0.00689654]]
[[ 0.00358959  0.00220384 -0.00558419]]
[[ 0.00138747  0.00555543 -0.002333  ]]
[[ 0.0024818   0.00119365 -0.00720455]]
[[ 0.008473   -0.00018358 -0.00835332]]
[[ 0.00115054  0.00179171 -0.00428097]]
[[ 0.00178389 -0.00210963 -0.00519294]]
[[ 0.00081712  0.00010131 -0.00326938]]
[[ 0.00040331  0.00192155 -0.00271159]]
[[ 0.00057932 -0.00056039 -0.00305948]]
[[ 0.00166282 -0.00601266 -0.00400234]]
[[ 0.00024944  0.00064065 -0.00229971]]
[[ 0.00083507 -0.00079942 -0.0022297 ]]
[[ 0.00347251 -0.00068739 -0.00148578]]
[[-0.00588205 -0.0105458  -0.00238774]]
[[-0.00044711 -0.00571819 -0.00212787]]
[[ 0.00576175  0.00656472 -0.00062414]]
[[  8.02021920e-03   5.03207118e-03  -2.54266860e-05]]
[[ 0.01263593  0.01391171  0.00644231]]
[[ 0.01140281  0.00573494  0.00605371]]
[[ 0.01152149  0.00944904  0.00725261]]
[[ 0.00949026 -0.00140128  0.0029647 ]]
[[ 0.00400874 -0.0066675   0.00229839]]
[[ 0.00385896 -0.00383425  0.00360972]]
[[ 0.00230551 -0.00018373 -0.00012243]]
[[-0.02081781 -0.00437197 -0.0026224 ]]
[[-0.00463905 -0.00303362 -0.00465159]]
[[ 0.00726515  0.01161011 -0.00519182]]
[[ 0.02125561  0.0183989   0.00745344]]
[[ 0.0144446   0.00835316  0.01382187]]
[[-0.00295372 -0.00664897  0.00181459]]
[[ 0.00973189  0.00302144  0.00307454]]
[[ 0.00775987 -0.00565285 -0.00198749]]
[[ 0.0095862  -0.00215626 -0.00429922]]
[[ 0.00644672  0.00344255 -0.0006727 ]]
[[ 0.00233217 -0.00532743 -0.00435942]]
[[ 0.0029016  -0.00944015 -0.01058227]]
[[ 0.00484942  0.00188868 -0.00367795]]
[[ 0.00651365  0.00133608  0.00211949]]
[[ 0.00369785 -0.00345779 -0.00695757]]
[[-0.005793   -0.00836123 -0.01952176]]
[[ 0.00371072  0.00396506 -0.00222094]]
[[-0.00439073 -0.01092277 -0.00595635]]
[[ 0.00372385  0.00120886  0.00130978]]
[[ 0.00570138  0.00247422 -0.00430422]]
[[ 0.00042859 -0.00293959  0.00193777]]
[[-0.01925094 -0.01359213 -0.00371084]]
[[ 0.01371999  0.00250449  0.00910062]]
[[-0.00171167 -0.00622327  0.00258379]]
[[  4.51404430e-03   2.14868497e-05   5.58953765e-03]]
[[ 0.00455029  0.00326829  0.0053413 ]]
[[ 0.00788171  0.00209305  0.00426871]]
[[ 0.00654098  0.00484818  0.00295211]]
[[ 0.00892826  0.00252679  0.00105293]]
[[ 0.00714366  0.00471779 -0.0003142 ]]
[[ 0.00768395 -0.00203942 -0.00046445]]
[[ 0.00604515 -0.00331389  0.00048156]]
[[ 0.00700947 -0.0024916   0.00272609]]
[[ 0.00409374 -0.00405604  0.00338454]]
[[ 0.00333371 -0.00354625  0.00438365]]
[[ 0.0021469   0.00087308  0.00482261]]
[[ 0.0025084   0.00405872  0.00374403]]
[[ 0.00386224  0.00549099  0.00245658]]
[[  4.54058153e-03   5.45474564e-03  -7.62934199e-05]]
[[  3.99095257e-03  -3.47213893e-03  -2.36360374e-05]]
[[ 0.00221427 -0.00389535  0.00180003]]
[[ 0.00074666 -0.00392831  0.00324639]]
[[ 0.00844426  0.00228257 -0.00271524]]
[[ 0.00564473 -0.0026037  -0.00265299]]
[[ 0.0064114  -0.00188119 -0.00391257]]
[[ 0.00531616  0.00343604 -0.00358001]]
[[ 0.00351178 -0.00263145 -0.00233093]]
[[ 0.00238502 -0.00223191 -0.00490532]]
[[ 0.00457676  0.00051812 -0.004547  ]]
[[ 0.00329398  0.00414068 -0.00262047]]
[[ 0.00152489 -0.00204448 -0.00406673]]
[[ 0.00072915 -0.00175287 -0.00352257]]
[[ 0.00170054  0.00181827 -0.00337739]]
[[ -3.08100963e-05  -1.43919375e-03  -2.13342521e-03]]
[[ 0.00126273  0.0013339  -0.00284269]]
[[ 0.00090781  0.0023997  -0.00296441]]
[[  6.88600701e-04  -6.67496888e-05  -9.86753585e-04]]
[[-0.00087847 -0.00107052 -0.00132516]]
[[ -3.87115977e-05   2.41191314e-03  -2.93491982e-03]]
[[ 0.00080779  0.00038349 -0.00057685]]
