[[ 0.00064999  0.00305059 -0.00075694]]
[[ -9.70950533e-05   2.26767375e-03   3.14164214e-04]]
[[ 0.00018827  0.0023367   0.000117  ]]
[[ 0.00218984  0.0062342  -0.0007766 ]]
[[ 0.00246051  0.00643074 -0.00052215]]
[[ 0.006755    0.01244024  0.00543617]]
[[ 0.00160368  0.00569175  0.00537023]]
[[ 0.0025572   0.0074131   0.00786557]]
[[-0.00054946  0.0042475   0.00280033]]
[[-0.00043777  0.00289556  0.00151123]]
[[ 0.00027823  0.00395295  0.00122848]]
[[ 0.0006303   0.00137607 -0.00016883]]
[[-0.00046073  0.00177194  0.00050977]]
[[-0.00011176  0.00180035 -0.00038569]]
[[ 0.00551451  0.00933327 -0.00462002]]
[[ 0.01718751  0.01599899  0.00747727]]
[[ 0.00696091  0.00609731  0.01430207]]
[[-0.00082093  0.00221282  0.00104686]]
[[-0.00145737  0.00316285  0.00526435]]
[[-0.00145001  0.00236837  0.00205806]]
[[-0.00204129  0.00275921  0.00178354]]
[[-0.00200767  0.00170783  0.0021269 ]]
[[-0.00149183  0.00195478  0.00097194]]
[[-0.00192334  0.00173227  0.00043924]]
[[-0.00145763  0.00259209 -0.00044519]]
[[-0.0009766  -0.00033532  0.0034786 ]]
[[-0.00182252  0.00206538 -0.00067726]]
[[ -1.82123344e-03   1.41679997e-03  -4.73932198e-05]]
[[ 0.00040886  0.00247008 -0.00312105]]
[[-0.00076526  0.00222458 -0.00137319]]
[[ 0.00292529  0.00466618 -0.00345852]]
[[ 0.00170057  0.00101492 -0.00504849]]
[[ 0.00053967  0.00313124 -0.00106203]]
[[-0.00110139  0.00160053 -0.00076751]]
[[ 0.00752583  0.00556804 -0.00129201]]
[[ 0.00022764  0.00219508 -0.0006586 ]]
[[ 0.00415304 -0.00225988  0.00654616]]
[[ 0.00443862  0.00346718  0.00830606]]
[[ 0.0040897   0.00390412  0.01018874]]
[[ 0.00167243  0.00743718  0.00948461]]
[[-0.00191236  0.00543317  0.00587703]]
[[-0.00120773  0.00860422  0.00304763]]
[[-0.00510351 -0.00507137  0.00347525]]
[[-0.00242202 -0.00715738  0.00707277]]
[[-0.00083158 -0.00589323  0.01161785]]
[[ 0.00479651 -0.01075744  0.01018703]]
[[ 0.00327799 -0.0077176   0.00874668]]
[[ 0.00161055 -0.00201605  0.00435656]]
[[ 0.00353043  0.00357942  0.00468346]]
[[ 0.0016206   0.0069905   0.00650081]]
[[-0.00094642  0.00864239  0.0029562 ]]
[[-0.00100138 -0.00534268  0.00793781]]
[[ 0.01144856 -0.01089049  0.0111963 ]]
[[-0.00011823 -0.00967572  0.00868542]]
[[-0.00233655  0.00559642 -0.00182349]]
[[-0.00375571 -0.00587542 -0.00159555]]
[[-0.00514404 -0.00392703 -0.00533154]]
[[-0.00212825  0.00763185 -0.00375055]]
[[ -7.28899017e-04  -3.42017572e-03   4.70789291e-05]]
[[-0.0050018  -0.00464714 -0.00924295]]
[[-0.00402245  0.0027554  -0.00770441]]
[[-0.00132848  0.00786618 -0.00150267]]
[[-0.00603248 -0.00492194 -0.01178553]]
[[-0.00283024 -0.0010744  -0.00665184]]
[[-0.00229424  0.0052817  -0.00713645]]
[[ 0.00070868 -0.00785148 -0.01030076]]
[[-0.00140162  0.00260931 -0.00698369]]
[[ -6.33959651e-06   5.43570668e-03  -3.78669778e-03]]
[[-0.00069675 -0.00382    -0.00734097]]
[[ 0.00975763 -0.00392127 -0.01008596]]
[[ 0.00170141  0.00467907 -0.00396866]]
[[ 0.00368364 -0.00359381 -0.00329281]]
[[-0.00112931  0.00154879 -0.000754  ]]
[[-0.0009334  -0.00069336  0.00065189]]
[[-0.00110828 -0.00012116  0.00064586]]
[[ 0.00162947  0.00606019  0.00065481]]
[[ 0.00260178  0.00312557  0.0012462 ]]
[[ 0.00891555  0.00910245  0.00786881]]
[[ 0.00434401 -0.00066333  0.0062598 ]]
[[ 0.00713939  0.00165274  0.00799615]]
[[ 0.00054676 -0.00118135  0.00213221]]
[[-0.00043183 -0.00146593  0.00140065]]
[[  7.69763506e-05   3.41684291e-04   1.61568384e-03]]
[[-0.00249993  0.00111163 -0.00044088]]
[[-0.0010272  -0.00112654  0.00042429]]
[[-0.0012509  -0.00060665  0.00046962]]
[[ 0.00342553  0.01277773 -0.00393658]]
[[ 0.01849879  0.01550682  0.01141794]]
[[ 0.01260416  0.00237219  0.01541932]]
[[-0.00088139 -0.00169581  0.00050313]]
[[ 0.00276501 -0.00374465  0.00397193]]
[[-0.00060815 -0.00286563  0.00081338]]
[[ -3.91272412e-05  -3.14072568e-03   1.84230136e-04]]
[[ 0.00351532 -0.00381192  0.00058742]]
[[-0.00100666 -0.00268266 -0.00025785]]
[[-0.00053043 -0.00323711 -0.00149818]]
[[ 0.00305637 -0.00299618 -0.0032695 ]]
[[ 0.00589954 -0.00390243  0.00305085]]
[[ 0.00027824 -0.00289904 -0.00285856]]
[[-0.00103196 -0.00298452 -0.00164168]]
[[ 0.00545839 -0.00032964 -0.0059226 ]]
[[ 0.00046585 -0.00134351 -0.00351099]]
[[ 0.00598907  0.00260519 -0.00672003]]
[[ 0.00772748  0.00076301 -0.00803827]]
[[ 0.00199011  0.00036501 -0.003307  ]]
[[-0.00045063 -0.00175195 -0.00229803]]
[[ 0.01028431  0.00629191 -0.00322874]]
[[ 0.00113456  0.00018768 -0.0027217 ]]
[[-0.00080388 -0.0005892   0.00664845]]
[[-0.00191636  0.00265282  0.00850272]]
[[ 0.00213743  0.0015477   0.00951923]]
[[-0.00054122  0.0054632   0.00771161]]
[[-0.00046655  0.00157831  0.00405474]]
[[-0.00158097  0.00585829  0.0009495 ]]
[[-0.00159483 -0.00838351  0.00081801]]
[[ 0.00034674 -0.01022645  0.00335061]]
[[-0.00025509 -0.0059957   0.00736171]]
[[ 0.00093252 -0.00679192  0.00700874]]
[[ -5.78958824e-05  -4.37452530e-03   6.40523011e-03]]
[[-0.00458145  0.00023872  0.00344053]]
[[-0.01213868  0.00093891  0.00433526]]
[[-0.00474687  0.00926499  0.00450505]]
[[-0.00565979  0.00971929  0.001707  ]]
[[ 0.00169333 -0.00970206  0.00172306]]
[[ 0.00024391 -0.006507    0.00377355]]
[[-0.00174901 -0.00540692  0.00414538]]
[[-0.0001794   0.00135509 -0.00400788]]
[[ 0.00034699 -0.01082617 -0.00365164]]
[[-0.00132665 -0.00792755 -0.0063713 ]]
[[-0.00287756  0.00439155 -0.00759353]]
[[ 0.00183703 -0.01025047 -0.00274948]]
[[-0.00164426 -0.00973875 -0.0089663 ]]
[[-0.00434083  0.00162948 -0.01201614]]
[[-0.00680204  0.00724918 -0.00758047]]
[[-0.00567979 -0.00673811 -0.01005558]]
[[ -9.86731622e-05  -8.72067845e-03  -5.91129712e-03]]
[[-0.00808873  0.00910694 -0.01173695]]
[[-0.00336525 -0.00625718 -0.0088558 ]]
[[-0.00463275  0.00635446 -0.01065346]]
[[-0.01409785  0.01374182 -0.01318126]]
[[-0.00445904 -0.00091717 -0.00812578]]
[[-0.00149593 -0.00578917 -0.0050616 ]]
[[-0.00127014  0.01086322 -0.00968956]]
[[-0.00088863 -0.00068035 -0.00596014]]
[[-0.00080576  0.0057172   0.00527397]]
[[ 0.00078454  0.00333794  0.00078944]]
[[ 0.00074783  0.00411215  0.00133635]]
[[ 0.00032866  0.006662    0.00020998]]
[[ 0.0027233   0.00706715 -0.00050401]]
[[ 0.00740649  0.01258081  0.0047053 ]]
[[ 0.00316845  0.00590449  0.00461835]]
[[ 0.00463357  0.0074136   0.00737458]]
[[ 0.00110211  0.00455749  0.00234589]]
[[ 0.00086594  0.00358203  0.00116669]]
[[ 0.00104288  0.0046139   0.00101442]]
[[-0.0002511   0.01003938  0.0135699 ]]
[[ 0.00077315  0.00270785  0.0007071 ]]
[[ 0.00072197  0.00230639  0.00201631]]
[[ 0.0025005   0.01078136 -0.00427945]]
[[ 0.01762819  0.01595821  0.00667637]]
[[ 0.00940054  0.00573742  0.01358762]]
[[ 0.00059581  0.0029376   0.00086586]]
[[ 0.0008943   0.00304554  0.00523907]]
[[ 0.00045801  0.00281246  0.00197055]]
[[ 0.00019741  0.00286585  0.00204892]]
[[ 0.00062676  0.00159375  0.00290538]]
[[ 0.00040315  0.00246889  0.00111985]]
[[  7.99888481e-05   1.89628409e-03   1.20628148e-03]]
[[ 0.00072726  0.00219533  0.00090032]]
[[ 0.00236079 -0.00088463  0.00416773]]
[[ 0.00015535  0.00196306  0.00053762]]
[[ 0.00013945  0.00172796  0.00072893]]
[[ 0.00235786  0.0021246  -0.00113268]]
[[  6.77979588e-04   2.08018153e-03   7.12046372e-05]]
[[ 0.00399947  0.00399821 -0.00129418]]
[[ 0.00436996  0.00026165 -0.00303378]]
[[ 0.00163684  0.00282694  0.00063997]]
[[ 0.00042024  0.00168424  0.00037497]]
[[ 0.0081626   0.004524    0.00071832]]
[[ 0.00106763  0.00184893  0.00102269]]
[[ 0.00363736 -0.00099004  0.01070316]]
[[ 0.0036649   0.00237105  0.00854895]]
[[ 0.00714016  0.0021514   0.00706377]]
[[ 0.00535514  0.00541809  0.00523258]]
[[ 0.00829696  0.00302974  0.00339303]]
[[ 0.00618739  0.00557596  0.00188338]]
[[ 0.00753466 -0.00208684  0.00191599]]
[[ 0.00572164 -0.00351452  0.00309902]]
[[ 0.00662106 -0.00280836  0.00599349]]
[[ 0.00363235 -0.00397766  0.00766461]]
[[ 0.00330463 -0.00515642  0.01095979]]
[[-0.00016699 -0.00336227  0.01186182]]
[[ 0.00117078  0.00309862  0.00510726]]
[[ 0.00191084  0.00585468  0.00377287]]
[[ 0.00265406  0.00611448  0.00154755]]
[[ 0.00359842 -0.00360513  0.00197606]]
[[ 0.00201982 -0.00332883  0.00507035]]
[[  3.67094349e-05  -6.88461024e-03   1.33660980e-02]]
[[ 0.00834402  0.00280512 -0.00049098]]
[[ 0.0056725  -0.0027932  -0.00064944]]
[[ 0.00681989 -0.00186145 -0.00203666]]
[[ 0.00523328  0.00396376 -0.00179597]]
[[ 0.00349536 -0.00288609 -0.00082627]]
[[ 0.0029681  -0.00239239 -0.00363778]]
[[ 0.00504921  0.00068553 -0.00320951]]
[[ 0.00252783  0.00450779 -0.00088486]]
[[ 0.00231364 -0.00215111 -0.00328028]]
[[ 0.00123912 -0.00202974 -0.00260344]]
[[ 0.00200434  0.00134464 -0.00246157]]
[[ 0.00041241 -0.00180726 -0.00193713]]
[[  1.53256241e-03   9.80174813e-05  -1.83848249e-03]]
[[ 0.00118729  0.00179053 -0.00159875]]
[[ 0.00092273 -0.00089274 -0.0010606 ]]
[[-0.00046425 -0.00141992 -0.0012613 ]]
[[ 0.00086183  0.00075257 -0.00136161]]
[[ 0.0006661  -0.00056636 -0.0008672 ]]
[[ 0.00130092  0.00462668  0.00748111]]
[[ 0.00261912 -0.00367435  0.00331314]]
[[ 0.00300883 -0.00149558  0.0056585 ]]
[[ 0.00245618  0.01080707  0.00307674]]
[[ 0.00540066  0.00803229  0.00415097]]
[[ 0.00887044  0.01685337  0.01214456]]
[[ 0.00433885  0.00700722  0.01094398]]
[[ 0.00553625  0.01255252  0.01173017]]
[[ 0.00261038  0.00114857  0.00625861]]
[[ 0.00216523 -0.00270443  0.00458654]]
[[ 0.00542486  0.00090863  0.00565416]]
[[-0.00161975  0.00894297  0.01625542]]
[[-0.00059472 -0.00560691  0.00292884]]
[[-0.00028905 -0.0032532   0.00579401]]
[[ 0.00161139  0.01940241 -0.00373207]]
[[ 0.01679612  0.02356191  0.01412279]]
[[ 0.01067977  0.01293347  0.01822178]]
[[-0.00063162 -0.0041012   0.00173195]]
[[ 0.00189707  0.00615177  0.00536634]]
[[-0.00035228 -0.00371103  0.00130507]]
[[ 0.00059549  0.00048965 -0.00119695]]
[[ 0.00189431  0.00803756 -0.0003236 ]]
[[-0.00238744 -0.00545158 -0.00197917]]
[[ 0.00040503 -0.00453476 -0.00731987]]
[[ 0.00132404  0.00659261 -0.00646263]]
[[ 0.00379513  0.00715471  0.00329044]]
[[ 0.00207208  0.00063616 -0.00807404]]
[[-0.00052394 -0.00809039 -0.00892333]]
[[ 0.00240622  0.0089749  -0.00814993]]
[[ 0.0018858  -0.00234083 -0.00827684]]
[[ 0.00338183  0.00886704 -0.00827169]]
[[ 0.00420933  0.00866523 -0.00846467]]
[[ 0.00248316  0.00404147 -0.00459432]]
[[ 0.00123451 -0.00718419 -0.00507183]]
[[ 0.00706461  0.01102378 -0.00523654]]
[[ 0.00118704  0.00324571 -0.00277615]]
[[-0.00022141 -0.00220903  0.00995465]]
[[-0.00448376  0.00088622  0.00931767]]
[[ 0.00364754 -0.00115166  0.00895303]]
[[-0.00099661  0.00559401  0.00584276]]
[[ 0.00547821  0.00304088  0.00374732]]
[[ 0.00037566  0.00742431  0.00020038]]
[[ 0.00989561 -0.00127265  0.00595206]]
[[ 0.0105557  -0.00573596  0.01019643]]
[[ 0.0087859  -0.00728427  0.01242525]]
[[ 0.01337995 -0.01770466  0.00939773]]
[[ 0.00668183 -0.00682918  0.00595437]]
[[-0.00614837 -0.00251489  0.00997393]]
[[-0.01835135  0.00011244  0.00365012]]
[[-0.00983108  0.01008535  0.00143829]]
[[-0.00896377  0.01130512 -0.00036852]]
[[ 0.01318682 -0.00905734  0.01423915]]
[[ 0.01996639 -0.02677478  0.00912805]]
[[ 0.00578892 -0.00594948  0.00375683]]
[[ 0.00557278  0.00355119 -0.00382674]]
[[  1.13314309e-02  -5.86169800e-05   1.27486189e-03]]
[[ 0.00996668  0.00055381 -0.00430258]]
[[-0.00065647  0.0047833  -0.00831611]]
[[ 0.0174451  -0.0012606   0.00342337]]
[[ 0.00917468 -0.00174563 -0.00819384]]
[[ 0.00165351  0.00115039 -0.01055666]]
[[-0.01003964  0.00736632 -0.00878469]]
[[ 0.0057517  -0.00195017 -0.00954831]]
[[ 0.01342337 -0.00293373 -0.00837108]]
[[-0.0076682   0.00668647 -0.00843713]]
[[ 0.00958309 -0.00981809 -0.0047802 ]]
[[-0.00418168  0.00109275 -0.00360409]]
[[-0.01872466  0.01161081 -0.01216793]]
[[ 0.00290482 -0.0028559   0.00144676]]
[[ 0.01808594 -0.01256351 -0.00630059]]
[[-0.00899635  0.0042298  -0.00190484]]
[[-0.001247   -0.0079692   0.00111289]]
[[-0.00109491  0.00203368 -0.0024587 ]]
[[-0.00049228  0.00135063 -0.00069609]]
[[-0.00094549  0.00089758 -0.0007172 ]]
[[ 0.00067178  0.00548797 -0.00261612]]
[[ 0.00197063  0.00582896 -0.0024065 ]]
[[ 0.00666326  0.01179297  0.00352119]]
[[ 0.0023139   0.00511432  0.0038603 ]]
[[ 0.00377437  0.00686363  0.00712701]]
[[ 0.00022692  0.00358646  0.00188841]]
[[ -8.38335152e-05   2.25863050e-03   4.01182312e-04]]
[[  8.11634047e-05   3.10986032e-03  -9.04959797e-05]]
[[-0.00230859  0.00072681 -0.00174726]]
[[-0.00063016  0.00081837 -0.00010424]]
[[-0.00095848  0.0004368  -0.00038252]]
[[ 0.00346339  0.00914846 -0.00661573]]
[[ 0.01681738  0.01544407  0.00536669]]
[[ 0.00849784  0.00542908  0.0132221 ]]
[[-0.0004022   0.00153853  0.00039037]]
[[-0.00020443  0.00229182  0.00534722]]
[[-0.00058001  0.00172108  0.00167396]]
[[-0.000904   0.0019702  0.0021471]]
[[-0.00050456  0.00106965  0.00373004]]
[[-0.00064682  0.00135476  0.00082937]]
[[-0.00143759  0.00054362  0.00140453]]
[[-0.00097483  0.00093551  0.00232401]]
[[ 0.00126413 -0.00103945  0.00478591]]
[[-0.00163869  0.00048567  0.00130461]]
[[-0.0013124   0.00050703  0.00043631]]
[[ 0.00106588  0.00158838  0.00212502]]
[[-0.00246991 -0.00108041  0.0009885 ]]
[[ 0.00210237  0.00030107  0.00364738]]
[[ 0.00346154  0.00080815 -0.0009324 ]]
[[-0.00131022 -0.00134941  0.00303509]]
[[-0.00248207 -0.00063148 -0.00052401]]
[[ 0.01113064  0.00126525  0.00812037]]
[[-0.00311246 -0.0035946   0.00248576]]
[[ 0.00236193 -0.00071775  0.00532969]]
[[ 0.00236534  0.00236657  0.00524995]]
[[ 0.00519012  0.00128738  0.00451597]]
[[ 0.00365232  0.00401582  0.00364248]]
[[ 0.00577611  0.0016701   0.00252063]]
[[ 0.00401448  0.00403882  0.00180947]]
[[ 0.0045471  -0.00254325  0.0013002 ]]
[[ 0.00319328 -0.00364852  0.00162529]]
[[ 0.00423761 -0.0029407   0.00332348]]
[[ 0.00164889 -0.00428463  0.00360555]]
[[ 0.001107   -0.00393924  0.00430106]]
[[  3.37729065e-05   1.80293386e-05   4.36088412e-03]]
[[ 0.0002997   0.00296096  0.00337739]]
[[ 0.00090893  0.00444028  0.00258527]]
[[ 0.00122556  0.00461915  0.00131439]]
[[ 0.00120909 -0.0035629   0.0009177 ]]
[[-0.00026472 -0.00393034  0.00196081]]
[[-0.00143475 -0.00434372  0.00291371]]
[[ 0.00542597  0.00153781  0.00016412]]
[[ 0.00272582 -0.00295463 -0.00025631]]
[[ 0.00340107 -0.0023505  -0.00090631]]
[[ 0.002682    0.00294649 -0.00044057]]
[[ 0.00074398 -0.00275716 -0.00033252]]
[[-0.00032651 -0.00251176 -0.00146881]]
[[ 0.00183053  0.00047624 -0.00122626]]
[[ 0.00068443  0.00362661 -0.00026345]]
[[ -1.40789378e-03  -2.14416300e-03  -1.23308500e-06]]
[[-0.00187752 -0.00188208 -0.00057326]]
[[-0.00099611  0.00210639 -0.00079141]]
[[-0.00261427 -0.0014817   0.00251146]]
[[-0.00290158  0.00401475 -0.00204881]]
[[-0.00143754  0.00249637 -0.00142259]]
[[-0.00242424  0.00156526  0.00340837]]
[[-0.00369509 -0.00133366  0.00224298]]
[[-0.00557631  0.00678406 -0.00717124]]
[[-0.00695441 -0.00222594 -0.00108113]]
[[-0.00480596 -0.00120193 -0.00512138]]
[[-0.01388678 -0.00489649 -0.00136625]]
[[-0.00928515 -0.00270353 -0.00452628]]
[[-0.00174125  0.00358172 -0.00181312]]
[[-0.00112865  0.00272494 -0.00014207]]
[[ 0.00409079  0.0116754   0.00713409]]
[[-0.00090735  0.00611273  0.00637795]]
[[ 0.00067149  0.01070695  0.00755333]]
[[-0.00429547  0.00338154  0.00432842]]
[[-0.00591018  0.00013394  0.00535715]]
[[-0.00593639 -0.0007225   0.00500738]]
[[-0.00386449  0.00032532 -0.00480166]]
[[ -2.70254907e-02   5.11832557e-05   2.35411006e-04]]
[[-0.01179858 -0.00180459 -0.00697463]]
[[ 0.00242778  0.00831721 -0.00596586]]
[[ 0.01581587  0.01655454  0.00766672]]
[[ 0.00741292  0.0095474   0.01427715]]
[[-0.01104917  0.00027737  0.0043726 ]]
[[-0.00431464  0.00537474  0.00198382]]
[[-0.00545947  0.00242203 -0.00066167]]
[[-0.00632287  0.00352129 -0.00612042]]
[[-0.00347885  0.0052034  -0.00155632]]
[[-0.00781716  0.00197513 -0.00353919]]
[[-0.00968533 -0.00418242 -0.01242737]]
[[-0.00473725  0.00178467 -0.00603059]]
[[ 0.00030573  0.00303261  0.00222179]]
[[-0.00752051 -0.00212487 -0.00988225]]
[[-0.01296583 -0.00487088 -0.02211392]]
[[-0.0006453   0.00303685 -0.00604533]]
[[-0.0095251  -0.01054886 -0.00743191]]
[[ 0.00085927  0.00168535 -0.00597249]]
[[ 0.0027672   0.00196065 -0.00603822]]
[[-0.00235474 -0.00301058 -0.00108935]]
[[-0.0205131  -0.01543881 -0.00275284]]
[[ 0.00682717  0.00388975 -0.00154865]]
[[-0.0005757  -0.00226394  0.00056262]]
[[ 0.00322438 -0.00142226  0.00587153]]
[[ 0.00277617  0.00252316  0.00628443]]
[[ 0.00586895  0.00204562  0.00602007]]
[[ 0.00401102  0.0056061   0.00460211]]
[[ 0.00637443  0.0047584   0.00292391]]
[[ 0.0047042   0.00646939  0.00084936]]
[[ 0.00688142  0.0016278   0.00385057]]
[[ 0.0068317  -0.00206419  0.00641683]]
[[ 0.005799   -0.00312232  0.00781192]]
[[ 0.00602868 -0.0105491   0.0061046 ]]
[[ 0.00299351 -0.00569203  0.00479403]]
[[ 0.00059077 -0.00017893  0.00440093]]
[[ 0.00065203  0.00335728  0.0038326 ]]
[[ 0.00118813  0.00583662  0.00288764]]
[[ 0.00164464  0.00639783  0.00066101]]
[[ 0.00768177 -0.00643383  0.00912168]]
[[ 0.00295264 -0.01908857  0.00322609]]
[[ 0.00076166 -0.00686097  0.00253499]]
[[ 0.00647205  0.00468564 -0.00192911]]
[[ 0.007086    0.00294313  0.00030892]]
[[ 0.00679141  0.00266736 -0.00381023]]
[[ 0.00391972  0.00438254 -0.00341945]]
[[ 0.0099722   0.00061305  0.00135139]]
[[ 0.0050382  -0.00030557 -0.00625982]]
[[ 0.0035292   0.00078899 -0.00463483]]
[[ 0.00151213  0.0043983  -0.00184772]]
[[ 0.00210851 -0.00080944 -0.0059741 ]]
[[ 0.00697746 -0.00349034 -0.00824172]]
[[ 0.0010108   0.00083331 -0.00317994]]
[[ 0.00134814 -0.00422311 -0.0036822 ]]
[[ 0.00064173 -0.00072043 -0.00195927]]
[[ 0.00041343  0.00115433 -0.00202782]]
[[ 0.00012273 -0.00166444 -0.00112518]]
[[ 0.00036076 -0.00866752 -0.00255138]]
[[  1.04829551e-04   5.53443724e-05  -9.89836228e-04]]
[[ 0.00026403 -0.00121453 -0.00018092]]
[[ 0.00204883  0.00038145 -0.00266716]]
[[-0.00687106 -0.00835241 -0.00277577]]
[[-0.00152219 -0.00399646 -0.00309055]]
[[ 0.00388099  0.00714337 -0.00168624]]
[[ 0.00574866  0.0061157  -0.00071919]]
[[ 0.01024565  0.01423239  0.00590158]]
[[ 0.00865777  0.00664334  0.0060457 ]]
[[ 0.00906741  0.00945483  0.00747182]]
[[ 0.00732931  0.00043842  0.00345151]]
[[ 0.00259188 -0.00429295  0.00260913]]
[[ 0.00207061 -0.00191028  0.00327532]]
[[ 0.00104733  0.0005636  -0.00147845]]
[[-0.02124365 -0.00224978 -0.00260343]]
[[-0.00519016 -0.00132338 -0.00561667]]
[[ 0.00541541  0.01168067 -0.00609346]]
[[ 0.01904431  0.01823381  0.00687161]]
[[ 0.01225169  0.00800147  0.01376602]]
[[-0.00360594 -0.00430988  0.00236949]]
[[ 0.00720812  0.0036574   0.00382904]]
[[ 0.00623264 -0.00347441 -0.00081932]]
[[ 0.00749621 -0.00072371 -0.00306285]]
[[ 0.00427694  0.003436    0.00024854]]
[[ 0.00159727 -0.00311694 -0.00313921]]
[[ 0.00143042 -0.00776736 -0.00875815]]
[[ 0.00271255  0.00237075 -0.00222353]]
[[ 0.00457429  0.00105617  0.00260823]]
[[ 0.0018768  -0.00237119 -0.00499371]]
[[-0.0064793  -0.00658351 -0.01772975]]
[[ 0.00199791  0.00402883 -0.00049771]]
[[-0.00544755 -0.00989073 -0.00347735]]
[[ 0.00240943  0.00140653  0.00362484]]
[[ 0.00419143  0.00237032 -0.00325749]]
[[-0.00055499 -0.00235229  0.00488008]]
[[-0.01954576 -0.01247785 -0.00146197]]
[[ 0.01274959  0.00221931  0.01133029]]
[[-0.00180235 -0.00583706  0.00583311]]
[[  3.51610772e-03   3.45331742e-05   5.20722510e-03]]
[[ 0.00349823  0.00317562  0.00508502]]
[[ 0.00673896  0.00202928  0.00419615]]
[[ 0.00541472  0.00468619  0.00303602]]
[[ 0.00778872  0.00239849  0.00134712]]
[[ 0.00607556  0.0045403   0.00013016]]
[[ 0.00661406 -0.00196453 -0.00013286]]
[[ 0.00502285 -0.0030939   0.00067454]]
[[ 0.00594413 -0.00234517  0.00273085]]
[[ 0.00312819 -0.00376508  0.00326618]]
[[ 0.00241208 -0.0033242   0.00408208]]
[[ 0.00117346  0.000758    0.00431935]]
[[ 0.0013891   0.00379181  0.00342539]]
[[ 0.00269881  0.0051765   0.00242627]]
[[ 0.00343211  0.00515461  0.00019771]]
[[ 0.00305176 -0.00312855  0.00013014]]
[[ 0.0013056  -0.0034955   0.00171608]]
[[ -8.32394780e-05  -3.69718964e-03   2.82294426e-03]]
[[ 0.0074156   0.00212059 -0.00205965]]
[[ 0.00469104 -0.0024522  -0.00214315]]
[[ 0.00546024 -0.00185842 -0.00327262]]
[[ 0.00442654  0.00326561 -0.00279802]]
[[ 0.00266391 -0.0023635  -0.0019238 ]]
[[ 0.00162061 -0.00214908 -0.00413764]]
[[ 0.00378414  0.0003739  -0.00357885]]
[[ 0.0023668   0.00389703 -0.00203774]]
[[ 0.00082996 -0.00206153 -0.00317346]]
[[  8.10005095e-05  -1.57111684e-03  -2.91256367e-03]]
[[ 0.00109934  0.00170237 -0.00233203]]
[[-0.00049459 -0.00145463 -0.00118206]]
[[ 0.00087968  0.00119417 -0.00164691]]
[[ 0.0003121   0.00226008 -0.00212698]]
[[  3.58948597e-04  -1.10834362e-04   6.49595503e-05]]
[[-0.00123864 -0.00099266 -0.00059338]]
[[-0.00017901  0.0022015  -0.00175402]]
[[ 0.00065615  0.00042831  0.00048823]]
