[[ -8.33067376e-04   1.73576024e-03   6.84709584e-05]]
[[-0.00121194  0.00106164  0.00044789]]
[[-0.00094267  0.00115987  0.00046793]]
[[ -6.70198589e-05   4.31304376e-03  -4.17882834e-04]]
[[ 0.00039881  0.00482272 -0.00036962]]
[[ 0.00410587  0.01038477  0.00484074]]
[[-0.00057943  0.00417202  0.00464023]]
[[ -9.95809032e-05   5.53220552e-03   6.37573028e-03]]
[[-0.0020964   0.00272875  0.00205806]]
[[-0.001741    0.00150335  0.00117072]]
[[-0.00116901  0.00250388  0.00108559]]
[[-0.00055706  0.00058555  0.00075038]]
[[-0.00136174  0.00066298  0.00040632]]
[[-0.00102445  0.00083799  0.00018156]]
[[ 0.0023199   0.0074466  -0.00427366]]
[[ 0.01359262  0.01400521  0.00664885]]
[[ 0.00347307  0.00443011  0.01253915]]
[[-0.00187706  0.00090275  0.00064633]]
[[-0.00341016  0.0018755   0.00375001]]
[[-0.0027561   0.00094723  0.00117186]]
[[-0.003484    0.00135847  0.00061392]]
[[-0.00407281  0.00041019  0.00042839]]
[[-0.0025849   0.0005754   0.00018577]]
[[-0.00307509  0.00048445 -0.00079203]]
[[-0.00311879  0.00142928 -0.00209484]]
[[-0.00336682 -0.00138476  0.00162125]]
[[-0.0030271   0.00084328 -0.00209734]]
[[-0.00279731  0.0001623  -0.00109371]]
[[-0.00156929  0.00099869 -0.00508029]]
[[-0.00165876  0.00115878 -0.00277427]]
[[ 0.00149739  0.0035563  -0.00545746]]
[[-0.00115261 -0.0004451  -0.00670127]]
[[-0.00041533  0.00199193 -0.00292385]]
[[-0.00186695  0.00051307 -0.00192376]]
[[ 0.00591275  0.00476743 -0.0033074 ]]
[[-0.00027006  0.00143284 -0.00260919]]
[[ 0.00439117 -0.00235508  0.0060711 ]]
[[ 0.00474062  0.00327496  0.00784168]]
[[ 0.00445215  0.00375396  0.00972324]]
[[ 0.00206813  0.00713897  0.00904502]]
[[-0.00148457  0.00522608  0.0054602 ]]
[[-0.0007514   0.00826166  0.00260966]]
[[-0.0046515  -0.00503131  0.003049  ]]
[[-0.00205575 -0.00702991  0.00665487]]
[[-0.00044437 -0.00581661  0.01112415]]
[[ 0.00506156 -0.01066441  0.00971365]]
[[ 0.00350459 -0.00770624  0.00827497]]
[[ 0.00185946 -0.00213087  0.00389884]]
[[ 0.00381654  0.00333845  0.00434463]]
[[ 0.00198172  0.00665507  0.00615711]]
[[-0.00052101  0.00825426  0.00261017]]
[[-0.00058818 -0.00520394  0.00760261]]
[[ 0.01176398 -0.01077053  0.01085065]]
[[ 0.00012195 -0.00960867  0.00832272]]
[[-0.00184265  0.00536578 -0.00227571]]
[[-0.00331508 -0.00581493 -0.00200642]]
[[-0.00461436 -0.00395559 -0.005806  ]]
[[-0.0015747   0.00724077 -0.00423061]]
[[-0.00020932 -0.0033285  -0.0002981 ]]
[[-0.00442863 -0.0046521  -0.00973277]]
[[-0.0033758   0.00245348 -0.00816842]]
[[-0.00081398  0.00741007 -0.00185914]]
[[-0.00531839 -0.0050165  -0.01232892]]
[[-0.00215656 -0.00103406 -0.00708489]]
[[-0.00156097  0.0048083  -0.00759201]]
[[ 0.00151979 -0.00797721 -0.0108458 ]]
[[-0.00056903  0.00221429 -0.00740818]]
[[ 0.00063274  0.00488848 -0.00411238]]
[[ 0.00028481 -0.0040742  -0.00795849]]
[[ 0.01072538 -0.00399301 -0.01060972]]
[[ 0.00248168  0.00431204 -0.00428645]]
[[ 0.00491469 -0.00386984 -0.00398546]]
[[-0.00094939  0.00082908 -0.00060353]]
[[-0.00082668 -0.00138523  0.00059563]]
[[-0.00100929 -0.00079592  0.000699  ]]
[[ 0.00190921  0.00520339  0.00074486]]
[[ 0.00294996  0.00225324  0.00121197]]
[[ 0.00935723  0.00816915  0.00768499]]
[[ 0.00486773 -0.00156598  0.00591539]]
[[ 0.00774031  0.00072931  0.00745465]]
[[ 0.00087275 -0.00197181  0.0017212 ]]
[[-0.00023663 -0.00220545  0.00114301]]
[[ 0.00028722 -0.00043226  0.00147114]]
[[-0.00222124  0.00049104 -0.00023869]]
[[-0.00094722 -0.0017869   0.00031509]]
[[-0.00116434 -0.00120788  0.00061824]]
[[ 0.00393763  0.01185462 -0.0038146 ]]
[[ 0.01922038  0.01447338  0.01131765]]
[[ 0.01351329  0.00133411  0.01500873]]
[[-0.00074238 -0.00239851  0.00025404]]
[[ 0.00343687 -0.00452728  0.00325096]]
[[-0.00032196 -0.00355     0.00029603]]
[[ 0.00040352 -0.00381476 -0.0004821 ]]
[[ 0.00427607 -0.00452618 -0.00030616]]
[[-0.00079631 -0.00334683 -0.00069168]]
[[ -9.54806792e-05  -3.71746725e-03  -2.26731866e-03]]
[[ 0.00388037 -0.00346281 -0.00436394]]
[[ 0.00697476 -0.00473516  0.00228161]]
[[ 0.00086215 -0.00330698 -0.00378039]]
[[-0.00070393 -0.00348122 -0.0022402 ]]
[[ 0.00636212 -0.00066657 -0.00722025]]
[[ 0.00107999 -0.0014456  -0.00447886]]
[[ 0.00701639  0.00277637 -0.00825361]]
[[ 0.00891231  0.00033028 -0.00920072]]
[[ 0.00271263  0.00036798 -0.00448795]]
[[  1.84011594e-05  -1.94844202e-03  -2.97375376e-03]]
[[ 0.01157933  0.00686013 -0.00489168]]
[[ 0.00184568  0.00028477 -0.00394087]]
[[ -7.35270713e-05  -1.23424093e-03   6.79492861e-03]]
[[-0.00094124  0.00179032  0.00854059]]
[[ 0.00307701  0.00090234  0.00939341]]
[[ 0.0006434   0.00461478  0.00741017]]
[[ 0.00059621  0.00105175  0.00354311]]
[[-0.00031124  0.00516906  0.00020768]]
[[-0.00076469 -0.00884502  0.00031848]]
[[ 0.00103532 -0.01069595  0.00300371]]
[[ 0.00048942 -0.00655282  0.00715019]]
[[ 0.00152721 -0.00732875  0.00691086]]
[[ 0.00053404 -0.00494852  0.00643897]]
[[-0.00383168 -0.00030266  0.00363935]]
[[ -1.08352798e-02   6.81599307e-05   4.51475125e-03]]
[[-0.00319662  0.00840645  0.0043859 ]]
[[-0.00401214  0.00899041  0.00116753]]
[[ 0.00228897 -0.01016973  0.00144309]]
[[ 0.00077994 -0.00703023  0.0036742 ]]
[[-0.00129151 -0.00585803  0.00430797]]
[[ 0.00092294  0.00108549 -0.00503121]]
[[ 0.0010782  -0.01113356 -0.00431357]]
[[-0.00047323 -0.00818338 -0.007231  ]]
[[-0.00163925  0.00400952 -0.00891382]]
[[ 0.00244126 -0.01056698 -0.00325113]]
[[-0.00095795 -0.00974499 -0.00998515]]
[[-0.00329357  0.0018201  -0.01376342]]
[[-0.00521333  0.00677866 -0.00870437]]
[[-0.00492743 -0.00659836 -0.01135914]]
[[ 0.0004321  -0.00876953 -0.0066345 ]]
[[-0.00701324  0.00929728 -0.01400653]]
[[-0.00288255 -0.00567849 -0.01031072]]
[[-0.00407284  0.00771728 -0.01375162]]
[[-0.01273326  0.01380095 -0.01536645]]
[[ -4.13994398e-03  -2.30469703e-05  -9.86610098e-03]]
[[-0.00117446 -0.00536175 -0.00596338]]
[[-0.00144721  0.01305464 -0.01350007]]
[[-0.00075365  0.00024211 -0.00760429]]
[[-0.00010338  0.0056266   0.00428489]]
[[ 0.00125972  0.00307938 -0.00014999]]
[[ 0.00145383  0.00397107  0.00032063]]
[[ 0.00095391  0.00677485 -0.0006104 ]]
[[ 0.00320036  0.00705839 -0.00130413]]
[[ 0.00777014  0.01264085  0.00403169]]
[[ 0.00345035  0.00589669  0.00396974]]
[[ 0.00483009  0.00742883  0.00682438]]
[[ 0.00139153  0.0045053   0.00169784]]
[[ 0.00117763  0.00345572  0.00044271]]
[[ 0.00149639  0.00452877  0.00020643]]
[[ 0.0006098   0.00983225  0.01267556]]
[[  1.17410087e-03   2.32881247e-03  -3.27133560e-05]]
[[ 0.00164539  0.00201786  0.00102525]]
[[ 0.00307879  0.01094164 -0.0049144 ]]
[[ 0.01792543  0.0160271   0.00615861]]
[[ 0.00951588  0.00577478  0.01313715]]
[[ 0.00087288  0.00273388  0.00026766]]
[[ 0.00106725  0.00303308  0.00469851]]
[[ 0.00065667  0.00272664  0.00139359]]
[[ 0.00039513  0.00283984  0.00152645]]
[[ 0.00074666  0.00160567  0.00243588]]
[[ 0.00058012  0.00233395  0.0006447 ]]
[[ 0.00022463  0.00186063  0.00073475]]
[[ 0.000844    0.00219945  0.00044688]]
[[ 0.00239505 -0.00084604  0.0037663 ]]
[[ 0.00029935  0.00196132  0.00010732]]
[[ 0.00026793  0.00164804  0.00034142]]
[[ 0.00243872  0.00213681 -0.00154584]]
[[ 0.00079617  0.00207909 -0.00030348]]
[[ 0.00410525  0.00403366 -0.00169302]]
[[ 0.00437365  0.00030194 -0.00339715]]
[[ 0.00174409  0.00283315  0.00026435]]
[[  5.24266174e-04   1.64332850e-03   6.44205255e-05]]
[[ 0.00828411  0.0046165   0.00036785]]
[[ 0.00116469  0.00182938  0.00065947]]
[[ 0.00275191 -0.00219892  0.00840996]]
[[ 0.00298568  0.00062555  0.00656421]]
[[ 0.00563835  0.00069092  0.00515074]]
[[ 0.00423756  0.00330693  0.00362163]]
[[ 0.0063566   0.00136698  0.00205933]]
[[ 0.00479938  0.00341711  0.00090152]]
[[ 0.00515986 -0.00268455  0.0007577 ]]
[[ 0.00355088 -0.00345591  0.00179309]]
[[ 0.00468831 -0.00333972  0.00427525]]
[[ 0.00190379 -0.00396158  0.00588061]]
[[ 0.00194052 -0.00552391  0.00876258]]
[[-0.00035777 -0.00461447  0.00948794]]
[[ 0.00104445  0.0012077   0.00352873]]
[[ 0.00148825  0.00364189  0.00247003]]
[[ 0.00197696  0.00382218  0.00069049]]
[[ 0.00159248 -0.00311201  0.00103057]]
[[ 0.00031438 -0.00291725  0.0037575 ]]
[[-0.0012437  -0.00677116  0.01115573]]
[[ 0.00625276  0.00107774 -0.0011676 ]]
[[ 0.00335297 -0.0028082  -0.00132832]]
[[ 0.00433008 -0.00256087 -0.00261127]]
[[ 0.00374802  0.0018787  -0.00205181]]
[[ 0.00136472 -0.00245389 -0.00134941]]
[[ 0.00063928 -0.00258046 -0.00371241]]
[[ 0.00304389 -0.00100295 -0.00305814]]
[[ 0.00170516  0.0023188  -0.00119882]]
[[ -2.73259065e-05  -2.99095489e-03  -3.08362443e-03]]
[[-0.00090336 -0.00176284 -0.00269215]]
[[ 0.00078383 -0.00035467 -0.00189243]]
[[-0.00151927 -0.00223218 -0.00129794]]
[[ 0.00028009 -0.00112208 -0.00098746]]
[[  4.63345594e-04   5.05521363e-05  -1.35159733e-03]]
[[-0.00063199 -0.00165819 -0.00021105]]
[[-0.00229783 -0.00141401 -0.00086069]]
[[ -1.36350391e-05  -4.67344286e-04  -4.53226746e-04]]
[[ -7.02846611e-04  -9.50004089e-04   6.02484149e-05]]
[[ 0.00289011  0.00356367  0.00877935]]
[[ 0.00386013 -0.00593901  0.00383472]]
[[ 0.00427331 -0.00324561  0.00674623]]
[[ 0.00452651  0.01020738  0.0042394 ]]
[[ 0.00793958  0.00692201  0.0049529 ]]
[[ 0.01153697  0.01650036  0.01277754]]
[[ 0.00747328  0.0060808   0.01106695]]
[[ 0.00840822  0.01253599  0.01159146]]
[[ 0.00520651 -0.00075392  0.00595556]]
[[ 0.00394711 -0.00516054  0.00443687]]
[[ 0.00751979 -0.00107336  0.00613978]]
[[-0.00022339  0.00824151  0.01771366]]
[[ 0.00012018 -0.00785674  0.00303985]]
[[ 0.00041163 -0.00500778  0.00684398]]
[[ 0.00363244  0.01928652 -0.00273191]]
[[ 0.01927869  0.02367399  0.01475737]]
[[ 0.01328783  0.01325452  0.01831001]]
[[ 0.00042499 -0.0065919   0.0013451 ]]
[[ 0.00502506  0.00552403  0.00469673]]
[[ 0.0017017  -0.00594691  0.00033511]]
[[ 0.00333782 -0.00099996 -0.00224705]]
[[ 0.00475894  0.00805453 -0.00127881]]
[[-0.00107406 -0.00780927 -0.00296535]]
[[ 0.00274766 -0.00620175 -0.00895742]]
[[ 0.00454651  0.00618786 -0.00803625]]
[[ 0.00640666  0.00741403  0.00273082]]
[[ 0.00504736 -0.00046629 -0.00998278]]
[[ 0.00109986 -0.01000037 -0.01040241]]
[[ 0.00538199  0.00884796 -0.01039302]]
[[ 0.00469148 -0.00315764 -0.01084166]]
[[ 0.00688456  0.00886627 -0.0114979 ]]
[[ 0.00684817  0.00861966 -0.00989185]]
[[ 0.00576574  0.00346808 -0.00809963]]
[[ 0.00326936 -0.00833549 -0.00701942]]
[[ 0.01116166  0.01089805 -0.00896021]]
[[ 0.00485472  0.00257476 -0.00672266]]
[[ 0.00093911 -0.00228944  0.01028738]]
[[-0.00322091  0.00089733  0.00951884]]
[[ 0.00503335 -0.00116254  0.00893581]]
[[ 0.00043394  0.00565719  0.00563789]]
[[ 0.00696003  0.00308308  0.00325453]]
[[ 0.00187805  0.00745153 -0.00052639]]
[[ 0.0112954  -0.00143703  0.00533832]]
[[ 0.01182101 -0.00602122  0.00980506]]
[[ 0.01007834 -0.00751093  0.01227346]]
[[ 0.01451503 -0.01806284  0.00940379]]
[[ 0.00775441 -0.00710982  0.00615959]]
[[-0.00502412 -0.00245     0.01042611]]
[[-0.01697163  0.00031415  0.00395712]]
[[-0.0083175   0.01031842  0.0014298 ]]
[[-0.007385    0.01146141 -0.00077072]]
[[ 0.01435674 -0.00944395  0.01391259]]
[[ 0.0210448  -0.02721932  0.00911643]]
[[ 0.00674542 -0.00620316  0.00409867]]
[[ 0.00709473  0.00358281 -0.00492652]]
[[ 0.01262708 -0.00026438  0.00036041]]
[[ 0.01139831  0.00040845 -0.00553768]]
[[ 0.00085974  0.00464832 -0.00972751]]
[[ 0.01859385 -0.00155355  0.00265165]]
[[ 0.01036908 -0.00185782 -0.00983399]]
[[ 0.00314899  0.00093934 -0.01248903]]
[[-0.0084595   0.00728879 -0.00968777]]
[[ 0.00707136 -0.00220538 -0.01179257]]
[[ 0.0143804  -0.00309002 -0.00975893]]
[[-0.00615108  0.00599461 -0.01076333]]
[[ 0.01025533 -0.00982709 -0.0077477 ]]
[[ -3.02713876e-03   9.52708732e-05  -6.58057870e-03]]
[[-0.01719598  0.01094038 -0.01361706]]
[[ 0.00347208 -0.00386191 -0.00258656]]
[[ 0.01834092 -0.01245391 -0.00867957]]
[[-0.00807498  0.00308052 -0.00472301]]
[[-0.00248245 -0.00918731 -0.00373547]]
[[-0.00113813  0.00193783 -0.0022074 ]]
[[-0.00055738  0.00120943 -0.00044619]]
[[-0.00099783  0.00078514 -0.00047711]]
[[ 0.00063102  0.00538857 -0.00234032]]
[[ 0.00190999  0.00568754 -0.00207478]]
[[ 0.00662287  0.01167286  0.00392343]]
[[ 0.00224011  0.00491937  0.00433385]]
[[ 0.00374052  0.00671209  0.00771027]]
[[ 0.00015102  0.00337827  0.00233798]]
[[-0.00017601  0.00204931  0.00074066]]
[[  2.12227596e-05   2.96425723e-03   2.26971000e-04]]
[[-0.00232752  0.00067334 -0.00150794]]
[[ -6.83157290e-04   6.73825105e-04   8.52837877e-05]]
[[-0.00101935  0.00030516 -0.00017829]]
[[ 0.00344862  0.00907724 -0.00638052]]
[[ 0.01681482  0.01536178  0.00570234]]
[[ 0.0085197   0.00532445  0.01371268]]
[[-0.00047803  0.0013265   0.00064543]]
[[-0.00029146  0.00199753  0.00605123]]
[[-0.00070941  0.0014063   0.002145  ]]
[[-0.00100466  0.00163166  0.00280476]]
[[-0.00052183  0.00080714  0.00463886]]
[[-0.00075198  0.00103634  0.00117522]]
[[ -1.63684557e-03  -6.53847750e-06   2.13081246e-03]]
[[-0.00106663  0.00038852  0.00345416]]
[[ 0.00134513 -0.00121405  0.00556205]]
[[-0.00178421 -0.00013835  0.00230631]]
[[ -1.47283016e-03  -2.61924320e-05   9.29141639e-04]]
[[ 0.00120673  0.00115632  0.00372747]]
[[-0.00281164 -0.00221588  0.00209544]]
[[ 0.00210104 -0.00096685  0.00571043]]
[[ 0.00381557  0.00058196  0.00034354]]
[[-0.00141425 -0.00260961  0.00468847]]
[[ -2.75855527e-03  -1.63607631e-03   8.41463504e-05]]
[[ 0.01197506 -0.00029649  0.01085159]]
[[-0.00308773 -0.00536197  0.00419221]]
[[ 0.00237526 -0.00078983  0.00562439]]
[[ 0.00237435  0.00230691  0.00557711]]
[[ 0.00522508  0.00118866  0.00490864]]
[[ 0.00368009  0.00395036  0.00409208]]
[[ 0.00585563  0.00153363  0.00306666]]
[[ 0.00410086  0.00395803  0.00244679]]
[[ 0.00464176 -0.00270859  0.0018003 ]]
[[ 0.00327265 -0.0038365   0.00203601]]
[[ 0.00428178 -0.00305407  0.00369552]]
[[ 0.00169068 -0.00441434  0.00390904]]
[[ 0.00113093 -0.00403272  0.00458904]]
[[  3.12923456e-05   5.86562879e-07   4.62311212e-03]]
[[ 0.00032291  0.00293546  0.00366319]]
[[ 0.00095455  0.00441992  0.00298478]]
[[ 0.00133657  0.00461005  0.00188054]]
[[ 0.00133002 -0.00374907  0.00123058]]
[[-0.00018997 -0.00406177  0.00219391]]
[[-0.00139776 -0.00445655  0.00317094]]
[[ 0.00560987  0.00135425  0.00093238]]
[[ 0.00288736 -0.00321355  0.00028554]]
[[ 0.0036179  -0.00258425 -0.00024328]]
[[ 0.00292028  0.00284184  0.00043678]]
[[  9.54969106e-04  -3.01836026e-03   7.66937944e-05]]
[[  3.40163241e-07  -2.87968112e-03  -7.78422620e-04]]
[[ 0.00226065  0.00026564 -0.00020171]]
[[ 0.00096943  0.00363958  0.00053891]]
[[-0.00094885 -0.00245679  0.00084254]]
[[ -1.50230815e-03  -2.25904525e-03  -6.25344104e-05]]
[[-0.00042591  0.00202232  0.00032544]]
[[-0.00198642 -0.00198143  0.003361  ]]
[[-0.00203807  0.0037613  -0.00079859]]
[[-0.00076585  0.00260547 -0.00036083]]
[[-0.00156018  0.00120805  0.00436601]]
[[-0.00302375 -0.00186312  0.0028339 ]]
[[-0.00429316  0.00668014 -0.00582271]]
[[-0.00580463 -0.00247666 -0.0002138 ]]
[[-0.00315115  0.00027335 -0.00378614]]
[[-0.01083992 -0.00274368  0.00029232]]
[[-0.00704307 -0.0012415  -0.00288575]]
[[-0.00019782  0.00501385 -0.00101876]]
[[ 0.00076182  0.00437774  0.00055112]]
[[ 0.00576999  0.01320047  0.00751705]]
[[ 0.00098167  0.00770772  0.0066115 ]]
[[ 0.00234239  0.01215809  0.00757357]]
[[-0.00185105  0.00505082  0.0045592 ]]
[[-0.00287834  0.00244186  0.00612595]]
[[-0.00338659  0.00100892  0.00590618]]
[[-0.00274603  0.0012046  -0.00335987]]
[[-0.02304957  0.00215663  0.00234875]]
[[-0.00926122 -0.00078167 -0.00530491]]
[[ 0.00376987  0.0096734  -0.00527514]]
[[ 0.01725242  0.01796067  0.00812029]]
[[ 0.0088432   0.01088089  0.01441155]]
[[-0.00719703  0.00286503  0.00530673]]
[[-0.00239139  0.00686362  0.00184956]]
[[-0.00267248  0.00435458 -0.00028275]]
[[-0.00375246  0.00506824 -0.00621081]]
[[-0.00179109  0.00646827 -0.0020627 ]]
[[-0.00477752  0.00390937 -0.00283995]]
[[-0.0063556  -0.00198427 -0.01251602]]
[[-0.00276836  0.00309559 -0.00677524]]
[[ 0.0016874   0.00414525  0.00194661]]
[[-0.00470152 -0.00056541 -0.01095037]]
[[-0.00842692 -0.00282842 -0.02159228]]
[[ 0.00091201  0.0038925  -0.00715679]]
[[-0.00617021 -0.00855192 -0.00875271]]
[[ 0.00256397  0.00245913 -0.0073504 ]]
[[ 0.00398532  0.00264578 -0.00666021]]
[[ -9.98277575e-06  -2.05611457e-03  -3.27978119e-03]]
[[-0.01567566 -0.01353273 -0.00389992]]
[[ 0.00835635  0.00438269 -0.00303362]]
[[ 0.00172147 -0.00216377 -0.00181409]]
[[ 0.00386236 -0.00093293  0.00601934]]
[[ 0.00336725  0.00307505  0.00631411]]
[[ 0.00660066  0.00254298  0.00593065]]
[[ 0.00467446  0.00612098  0.0043933 ]]
[[ 0.0071531   0.00519522  0.00256298]]
[[ 0.00540807  0.00686692  0.00037389]]
[[ 0.00777932  0.00197032  0.00337102]]
[[ 0.00769814 -0.00174094  0.00610136]]
[[ 0.00664099 -0.00273095  0.00764991]]
[[ 0.00683068 -0.01020437  0.00609388]]
[[ 0.00371983 -0.00532177  0.00490643]]
[[ 0.00118409  0.00030089  0.00466336]]
[[ 0.00115958  0.00394138  0.00391572]]
[[ 0.00174926  0.00637083  0.00278748]]
[[ 0.00224424  0.00680872  0.00036657]]
[[ 0.00863925 -0.00617687  0.00887352]]
[[ 0.00386602 -0.01879617  0.00326431]]
[[ 0.00153016 -0.00650527  0.00275373]]
[[ 0.00726641  0.00497943 -0.00256131]]
[[ 0.0079798   0.00312934 -0.00032971]]
[[ 0.00769588  0.0028534  -0.00460078]]
[[ 0.00461356  0.00459318 -0.00413776]]
[[ 0.0109159   0.00071999  0.00075745]]
[[ 0.00589527 -0.00037671 -0.00719999]]
[[ 0.00429128  0.00082516 -0.00548126]]
[[ 0.00210802  0.00461187 -0.00231933]]
[[ 0.0029439  -0.00089653 -0.00703034]]
[[ 0.00781937 -0.00366544 -0.00919294]]
[[ 0.00166463  0.00075597 -0.00405573]]
[[ 0.00210309 -0.00464772 -0.00483396]]
[[ 0.00127417 -0.00098124 -0.00292306]]
[[ 0.00097446  0.00108927 -0.00260545]]
[[ 0.00082376 -0.00210259 -0.0023675 ]]
[[ 0.00104113 -0.00928541 -0.00376457]]
[[ 0.00058604 -0.00012563 -0.00183183]]
[[ 0.00087411 -0.00197646 -0.00158523]]
[[ 0.00260963  0.00034985 -0.00273718]]
[[-0.00624838 -0.00845257 -0.00296207]]
[[-0.00093969 -0.0040929  -0.00318357]]
[[ 0.00447194  0.00717319 -0.00183779]]
[[ 0.00639308  0.0061252  -0.00100735]]
[[ 0.01083837  0.01428773  0.00549711]]
[[ 0.0092893   0.00668292  0.00547715]]
[[ 0.00958188  0.00950587  0.00676726]]
[[ 0.00796081  0.0004308   0.00279098]]
[[ 0.00325132 -0.00431665  0.00215828]]
[[ 0.00271942 -0.00197591  0.00294483]]
[[ 0.00157934  0.00046544 -0.00147983]]
[[-0.02058769 -0.00242717 -0.00275298]]
[[-0.00458472 -0.00147326 -0.00564955]]
[[ 0.00599839  0.01172187 -0.00618315]]
[[ 0.01961095  0.0182749   0.00660131]]
[[ 0.01272443  0.00801836  0.01326283]]
[[-0.00292434 -0.00440812  0.00199078]]
[[ 0.00771413  0.0037241   0.00292165]]
[[ 0.00683431 -0.00341019 -0.00159795]]
[[ 0.00801899 -0.0006284  -0.00410735]]
[[ 0.00461722  0.00348087 -0.00080951]]
[[ 0.00220759 -0.00310565 -0.00381682]]
[[ 0.00185774 -0.00755644 -0.00996239]]
[[ 0.00293125  0.00247164 -0.00349811]]
[[ 0.00486047  0.00102716  0.00182577]]
[[ 0.00212188 -0.00213996 -0.00645803]]
[[-0.00608508 -0.00639071 -0.01879752]]
[[ 0.0019788   0.00399864 -0.00190896]]
[[-0.00543723 -0.00945904 -0.0050303 ]]
[[ 0.00216889  0.00151875  0.00205523]]
[[ 0.00412985  0.00220854 -0.00428481]]
[[-0.00086853 -0.00207575  0.00298313]]
[[-0.01962129 -0.01199242 -0.00283975]]
[[ 0.01231398  0.00245774  0.00986184]]
[[-0.00258287 -0.00539082  0.00383268]]
[[  3.89611389e-03   2.42562551e-05   5.00032301e-03]]
[[ 0.00388757  0.00314983  0.00482394]]
[[ 0.00710877  0.00203598  0.003842  ]]
[[ 0.00578179  0.00465639  0.00261281]]
[[ 0.00809713  0.00241953  0.00082306]]
[[ 0.0063581   0.00450517 -0.00046208]]
[[ 0.00688823 -0.001946   -0.00064422]]
[[ 0.00530963 -0.00308285  0.00024798]]
[[ 0.00628247 -0.00235711  0.00236813]]
[[ 0.00345753 -0.00379411  0.00298662]]
[[ 0.0027559  -0.0033536   0.00386219]]
[[ 0.00159247  0.0007484   0.00416945]]
[[ 0.00181417  0.00376812  0.00323407]]
[[ 0.00309377  0.00513843  0.00208791]]
[[ 0.00373937  0.00508951 -0.00029148]]
[[ 0.00329916 -0.0031444  -0.0002031 ]]
[[ 0.00160569 -0.00354875  0.0015034 ]]
[[ 0.000238   -0.00368708  0.00268248]]
[[ 0.00760417  0.00214006 -0.00274381]]
[[ 0.0048863  -0.00241393 -0.0027016 ]]
[[ 0.00560733 -0.00182371 -0.00390957]]
[[ 0.00456097  0.0032181  -0.00351886]]
[[ 0.00280921 -0.0023444  -0.00236878]]
[[ 0.00166899 -0.00208475 -0.00478326]]
[[ 0.00379441  0.0003606  -0.0043654 ]]
[[ 0.0025106   0.00379081 -0.00265306]]
[[ 0.0007987 -0.0020255 -0.0038878]]
[[  7.65247710e-05  -1.51480517e-03  -3.43430648e-03]]
[[ 0.0010516   0.00161131 -0.00311889]]
[[-0.00063109 -0.00136036 -0.00187346]]
[[ 0.00068256  0.00118403 -0.00249356]]
[[ 0.00024181  0.00208542 -0.00281485]]
[[  1.34294905e-04  -8.08677721e-05  -6.78667153e-04]]
[[-0.00142927 -0.00090164 -0.00114289]]
[[-0.00054034  0.00216329 -0.00259803]]
[[ 0.00031248  0.0004056  -0.0002332 ]]
