[[ 0.02993362  0.06067103 -0.03065897]]
[[-0.00388886  0.01028549  0.01600379]]
[[ 0.01457736  0.0376773   0.02115167]]
[[ 0.01431158  0.04181987 -0.07382067]]
[[ 0.03147086  0.04766213 -0.1019653 ]]
[[ 0.09605862  0.1716596   0.04367237]]
[[-0.01316668 -0.00828296  0.04360648]]
[[ 0.03109465  0.08318057  0.12184973]]
[[-0.00422653  0.02364402  0.01403085]]
[[-0.00060736  0.01781455  0.02111155]]
[[-0.00156109  0.02224003  0.03053405]]
[[-0.00358947 -0.00724303 -0.00699966]]
[[ 0.00201978  0.00787873  0.00054043]]
[[ 0.00173956  0.00556751 -0.00886982]]
[[ 0.00891862  0.01911159  0.00032643]]
[[ 0.06981814  0.07918814  0.042258  ]]
[[ 0.04380326  0.04630376  0.03280012]]
[[ 0.00233988  0.01025793  0.00178505]]
[[-0.01476148  0.01882915  0.12253742]]
[[ 0.00174115  0.02066269  0.00915397]]
[[ 0.00454394  0.04806246  0.01453962]]
[[-0.03568558 -0.02346066  0.04165071]]
[[ 0.00185887  0.01021307  0.00383534]]
[[-0.00621367  0.01230033  0.02024335]]
[[-0.00205858  0.02331306  0.02766967]]
[[ 0.00406423 -0.0062969  -0.00135927]]
[[-0.00788659  0.01571667  0.00416051]]
[[ 0.00114258  0.0081416   0.00181811]]
[[-0.01477156 -0.00889216 -0.01817774]]
[[-0.00081854  0.01856488 -0.00270928]]
[[ 0.02806226  0.04489981 -0.02980964]]
[[ 0.00150205 -0.00596745 -0.00733948]]
[[ 0.00617559  0.02826963  0.01064648]]
[[ 0.00089693  0.00652755  0.0024209 ]]
[[ 0.02208476  0.01920767 -0.01074307]]
[[-0.002365    0.00031413  0.00433538]]
[[ 0.03331884 -0.04778045  0.05267309]]
[[ 0.01138487  0.02867357  0.11156389]]
[[ 0.02288268  0.01742956  0.07868088]]
[[ 0.01807215  0.03477288  0.07948095]]
[[-0.00452711  0.01967781  0.02766491]]
[[ 0.01680698  0.03090809  0.00975455]]
[[-0.04315649 -0.07773213  0.05652946]]
[[-0.06602173 -0.02341823  0.14448411]]
[[-0.07499633 -0.09086443  0.21177991]]
[[ 0.01741346 -0.16841047  0.18841138]]
[[-0.00709726 -0.06720722  0.14710346]]
[[-0.00701908  0.00478235  0.01629186]]
[[ 0.00096442  0.01635201 -0.00110644]]
[[-0.00071118  0.01916114  0.00265661]]
[[-0.00240808  0.01519986  0.00369866]]
[[ 0.00042074  0.00443791 -0.00543774]]
[[ 0.05013506 -0.05934718 -0.0031783 ]]
[[-0.00336872 -0.06010374  0.06423188]]
[[ 0.00038044  0.04464407 -0.03037198]]
[[-0.04192036  0.00455268 -0.00010423]]
[[-0.02568653 -0.01913069 -0.03860458]]
[[ 0.01333855  0.04348999 -0.0594865 ]]
[[  7.59229225e-05   8.43517044e-03   1.11045782e-03]]
[[-0.0365579   0.01127295 -0.07509421]]
[[-0.01273893  0.02549656 -0.08167348]]
[[-0.00518065  0.01587177  0.00607872]]
[[-0.04363349 -0.01465701 -0.11324778]]
[[-0.00555984  0.00773408  0.00413348]]
[[-0.00986053  0.06317619 -0.08892214]]
[[ 0.02489536 -0.0892278  -0.09014813]]
[[-0.01016539  0.00972989 -0.07895153]]
[[-0.00653627  0.0236374   0.00611892]]
[[-0.02911518 -0.02599634 -0.04930986]]
[[ 0.03463267 -0.03210595 -0.0106544 ]]
[[ 0.00438801  0.02838473 -0.02321068]]
[[ 0.01501525 -0.01079789 -0.02046751]]
[[ 0.00271671  0.02307033 -0.03768433]]
[[-0.01235224 -0.01287624  0.01375241]]
[[-0.0051979   0.00084341  0.01713438]]
[[ 0.01119714  0.03703391 -0.0361654 ]]
[[ 0.01680068  0.00763477 -0.06704831]]
[[ 0.09807564  0.1326425   0.07831714]]
[[-0.00415659 -0.04953018  0.06548611]]
[[ 0.04516928  0.0286204   0.11046875]]
[[-0.00516634 -0.00384574  0.00123754]]
[[-0.00277413 -0.00690517  0.01726954]]
[[-0.00800115 -0.00335267  0.02393165]]
[[-0.0081214  -0.00464207 -0.01122173]]
[[-0.00272606 -0.00445895 -0.00307262]]
[[-0.00388742 -0.00373059  0.00210963]]
[[ 0.00590495  0.02701163 -0.00379859]]
[[ 0.0694963   0.07456802  0.04046289]]
[[ 0.04685039  0.02989407  0.02785083]]
[[-0.00147904 -0.00174546 -0.00194013]]
[[ 0.005015   -0.01832729  0.09627773]]
[[ 0.00143557 -0.00875295 -0.00095969]]
[[ 0.00325666  0.01134763 -0.00171458]]
[[-0.00362496 -0.0601233   0.00635728]]
[[-0.00257023 -0.00375655 -0.00123431]]
[[-0.00149577 -0.01146062  0.00029352]]
[[ 0.02567564  0.00033288 -0.02208096]]
[[ 0.01086647 -0.01892624 -0.00040033]]
[[-0.00449439 -0.01055888 -0.01199452]]
[[-0.00295026 -0.00502007 -0.00281396]]
[[ 0.0282902  -0.02073017 -0.07148672]]
[[ 0.00011369 -0.00704284 -0.0201301 ]]
[[ 0.03866988  0.01456172 -0.09002614]]
[[ 0.00954876 -0.01027741 -0.00639769]]
[[ 0.00019813 -0.00723346 -0.01247117]]
[[-0.00379235 -0.00629796 -0.00307988]]
[[ 0.03294584  0.03003484 -0.01584927]]
[[ 0.00043803 -0.00198134 -0.01178946]]
[[ 0.0102707  -0.03584757  0.07171088]]
[[-0.00804631 -0.00941554  0.09184666]]
[[ 0.02721273  0.00157686  0.06548964]]
[[ 0.02490313 -0.00588141  0.01991062]]
[[ 0.0239927   0.01892645 -0.03202475]]
[[ 0.01955134  0.04066004 -0.05803464]]
[[-0.00818668 -0.05965842 -0.01500478]]
[[-0.00914133 -0.04478088  0.03346169]]
[[-0.02151723 -0.07011912  0.07698138]]
[[ 0.00773763 -0.07753033  0.10053622]]
[[-0.00084079 -0.040355    0.07617826]]
[[-0.01893039  0.00840471  0.01821786]]
[[-0.03259787 -0.00595211 -0.00502182]]
[[-0.00778225  0.00925614 -0.00752474]]
[[-0.01128818  0.02292945  0.00574469]]
[[ 0.00897985 -0.02053452 -0.00486243]]
[[ 0.01088382 -0.02975526 -0.00771792]]
[[-0.00461299 -0.03151938  0.02889864]]
[[ 0.03051851  0.0472184  -0.08643924]]
[[ 0.00586631 -0.02935042 -0.06047311]]
[[-0.00669957 -0.01305543 -0.06580556]]
[[ 0.02464527  0.03170737 -0.14593805]]
[[ 0.00654723 -0.0207753  -0.00109951]]
[[ 0.00253544 -0.0440315  -0.08739657]]
[[ 0.02070502  0.03932888 -0.18236804]]
[[-0.01594193  0.01190231  0.0066501 ]]
[[-0.04180827 -0.0255361  -0.07474698]]
[[ 0.00531236 -0.02427628 -0.00212714]]
[[-0.03953522  0.11606199 -0.17187977]]
[[-0.00168528 -0.04517265 -0.09206744]]
[[-0.0126577   0.05085953 -0.15901898]]
[[-0.0484263   0.05283794 -0.00182239]]
[[-0.04622384  0.00630765 -0.05946073]]
[[ 0.00484475 -0.02289975 -0.00172753]]
[[-0.00383212  0.06131377 -0.06870613]]
[[ 0.00860976 -0.00833547 -0.02538431]]
[[ 0.03967506  0.10995596  0.00139704]]
[[ 0.01386838  0.02356064 -0.02554401]]
[[ 0.04845353  0.08615901 -0.02566617]]
[[ 0.01296183  0.04377075 -0.12473847]]
[[ 0.05868726  0.0770918  -0.14772318]]
[[ 0.12298677  0.19814286 -0.01144768]]
[[ 0.00043688 -0.00435956 -0.00350161]]
[[ 0.05873654  0.1044495   0.09800844]]
[[ 0.00840537  0.02516396 -0.01838509]]
[[ 0.01477514  0.02796177 -0.01044355]]
[[ 0.01786634  0.04566494  0.00159706]]
[[-0.00270469  0.01620233  0.02589533]]
[[ 0.0042303   0.01011418  0.00364051]]
[[ 0.01352069  0.02051286 -0.03045693]]
[[  4.28269527e-03   2.11590084e-02  -1.93788058e-06]]
[[ 0.07332447  0.0818227   0.04859158]]
[[ 0.05004165  0.05122862  0.03818214]]
[[ 0.00449861  0.01175866  0.0038653 ]]
[[-0.00443227  0.02021515  0.1042454 ]]
[[ 0.01884371  0.02839769 -0.02632995]]
[[ 0.02314786  0.05732805 -0.01086657]]
[[-0.01337377 -0.00899307  0.03920879]]
[[ 0.00313356  0.00938528  0.00683237]]
[[ 0.00749632  0.01716255 -0.00501686]]
[[ 0.00671237  0.02557777  0.02966699]]
[[ 0.01183268 -0.00026765  0.00244146]]
[[ 0.00900842  0.02735479 -0.00736868]]
[[ 0.00322192  0.00786816  0.00437437]]
[[ 0.00194256  0.00201182 -0.00263477]]
[[ 0.00939021  0.02094605 -0.01313391]]
[[ 0.04065787  0.05428402 -0.01102118]]
[[ 0.01035281  0.00096967 -0.00427764]]
[[ 0.02175099  0.04437676  0.0179021 ]]
[[ 0.00367412  0.00793217  0.0050588 ]]
[[ 0.02446646  0.01777902 -0.01063549]]
[[-0.00182536 -0.00094488  0.00972794]]
[[ 0.03235279 -0.04217165  0.06883691]]
[[ 0.02134564 -0.01242922  0.0729837 ]]
[[ 0.04827772 -0.00244868  0.04290296]]
[[ 0.04223814  0.0078575   0.02127133]]
[[ 0.05236022  0.00642982 -0.00615714]]
[[ 0.0424161   0.01473058 -0.02778198]]
[[ 0.04114301 -0.03121236 -0.00645738]]
[[ 0.00980949 -0.00537686  0.02194757]]
[[ 0.03328673 -0.05062024  0.05383249]]
[[-0.00720606 -0.02842177  0.08593069]]
[[ 0.01226731 -0.07165202  0.10806948]]
[[-0.00935739 -0.00286417  0.02684568]]
[[ 0.00315526 -0.00194494 -0.00451456]]
[[ 0.00115249  0.00128885  0.00044231]]
[[ 0.00143453  0.00050741  0.00265105]]
[[ 0.00153753 -0.00694848 -0.002148  ]]
[[ 0.00396381 -0.01047564 -0.00488347]]
[[-0.00318951 -0.04333414  0.05608445]]
[[ 0.05199116  0.01479895 -0.0450464 ]]
[[ 0.01691375 -0.00359475 -0.03378158]]
[[ 0.03108179 -0.0117975  -0.03796485]]
[[ 0.03223024  0.02401645 -0.06220755]]
[[ 0.00111437 -0.00847836 -0.00032446]]
[[ 0.0094553  -0.02158239 -0.04777829]]
[[ 0.03964314 -0.00631651 -0.06102077]]
[[-0.00104183  0.00161892  0.00428185]]
[[ 0.00181348 -0.01944188 -0.02826987]]
[[ 0.00018233 -0.0123758  -0.00157007]]
[[ 0.00711565  0.02257077 -0.04598295]]
[[-0.0005074  -0.02668678 -0.02022195]]
[[ 0.01688247 -0.01859894 -0.02985224]]
[[-0.00277578  0.00328529  0.00285555]]
[[ 0.00532794 -0.01893504 -0.00302165]]
[[-0.00036777 -0.0114628  -0.00217297]]
[[-0.0015577   0.00575191 -0.00370095]]
[[ 0.00087149 -0.00172972 -0.00554869]]
[[ 0.06889042  0.12120777  0.0381667 ]]
[[ 0.01826012 -0.01872877  0.05091505]]
[[ 0.07283548  0.05909865  0.0769385 ]]
[[ 0.03181633  0.08461835 -0.08088582]]
[[ 0.06730828  0.07171291 -0.11175978]]
[[ 0.12858073  0.23501238  0.06503916]]
[[ 0.00639767  0.00379129  0.05925118]]
[[ 0.05075118  0.13592699  0.14174112]]
[[ 0.01874604  0.0293259   0.01643694]]
[[ 0.02768042  0.00901966  0.03872241]]
[[ 0.03585703  0.02288142  0.06399115]]
[[-0.00918746  0.01488646  0.05255323]]
[[  5.17121910e-04   1.16015784e-03  -6.31688233e-05]]
[[-0.00396253 -0.00341818 -0.00537881]]
[[ 0.00995067  0.05255105  0.00553386]]
[[ 0.08107891  0.11357984  0.05986359]]
[[ 0.06128576  0.07374893  0.04395576]]
[[ 0.00431476  0.00942933 -0.00036013]]
[[ 0.00455576  0.04069715  0.13001083]]
[[ 0.0368475   0.01799535 -0.01050123]]
[[ 0.02920064  0.06939182 -0.03786774]]
[[-0.0115137   0.02890076  0.03314163]]
[[ 0.00247949  0.00449963  0.00407705]]
[[ 0.03112748 -0.00822979 -0.06105543]]
[[ 0.01888838  0.06019037  0.00666662]]
[[ 0.02037327  0.0191139   0.01113513]]
[[ 0.03843414  0.04738995 -0.05566199]]
[[ 0.00018048 -0.01505408 -0.00369645]]
[[ 0.01352853  0.05470405 -0.04400606]]
[[ 0.02808073 -0.01563223 -0.08151875]]
[[ 0.04279773  0.08774868 -0.05500235]]
[[ 0.01692812  0.02111176  0.00346355]]
[[ 0.04245492  0.06385188 -0.00786152]]
[[-0.00109155 -0.02015398  0.00432237]]
[[ 0.03385835  0.03668897 -0.03238922]]
[[ 0.00298569 -0.00138251 -0.00711617]]
[[ 0.02369629 -0.05982839  0.10710575]]
[[-0.03349715 -0.01591297  0.10718637]]
[[ 0.04506342 -0.00867353  0.06117518]]
[[ 0.01829719  0.00628089  0.00947507]]
[[ 0.07537894  0.0083997  -0.03536181]]
[[ 0.01316934  0.05585558 -0.0577572 ]]
[[ 0.06336248 -0.06342089  0.0526618 ]]
[[ 0.0421775  -0.01784767  0.13445877]]
[[ 0.01555853 -0.06503681  0.18929172]]
[[ 0.14191294 -0.26875018  0.09459367]]
[[ 0.06256399 -0.03466842 -0.0002488 ]]
[[-0.02604504  0.00439819  0.03513093]]
[[-0.05013158 -0.00327349 -0.01060045]]
[[-0.02661581  0.01426747 -0.01018932]]
[[-0.02932971  0.02971659  0.0025318 ]]
[[ 0.03289119 -0.0233692   0.00699903]]
[[ 0.08443659 -0.13913387 -0.00049788]]
[[ 0.00639952 -0.0150286   0.02164742]]
[[ 0.06833361  0.04775074 -0.08139956]]
[[ 0.06101198  0.04099886 -0.01927962]]
[[ 0.07239119  0.0078557  -0.07096328]]
[[ 0.01941581  0.04489323 -0.1544911 ]]
[[ 0.03636686 -0.0039515   0.01104951]]
[[ 0.07542052  0.00866758 -0.10493331]]
[[ 0.0726887   0.01807337 -0.163789  ]]
[[-0.03343486  0.01641459  0.00326277]]
[[ 0.04863549  0.01920421 -0.11963628]]
[[ 0.03070119 -0.02142692  0.00376433]]
[[-0.05880854  0.13557398 -0.13124748]]
[[ 0.11981071 -0.14381608 -0.07146289]]
[[ 0.0059289  -0.04222118 -0.06210065]]
[[-0.06703184  0.05776593 -0.00833461]]
[[ 0.02666868 -0.0235524   0.02675706]]
[[ 0.06477689 -0.07532432 -0.01135895]]
[[-0.02247941  0.01745416 -0.01395534]]
[[-0.01304301 -0.02107064 -0.01557594]]
[[ 0.01292238  0.04203832 -0.04473589]]
[[-0.00612373  0.00338779  0.00795512]]
[[ 0.0004777   0.01416009  0.01519416]]
[[ 0.00475518  0.03459079 -0.07307324]]
[[ 0.02775162  0.04185462 -0.10325486]]
[[ 0.09537681  0.16882439  0.04967497]]
[[-0.01778077 -0.01775987  0.04997909]]
[[ 0.03533171  0.08479533  0.15135354]]
[[-0.00299712  0.01820097  0.02287235]]
[[-0.00478391  0.00653342  0.02164951]]
[[-0.0023401   0.01772297  0.02875808]]
[[-0.00822646 -0.00677669 -0.01430229]]
[[ -5.98329019e-06   2.62383680e-03  -3.90867505e-04]]
[[-0.00123842  0.00088668 -0.00222268]]
[[ 0.00476229  0.01625741 -0.00312787]]
[[ 0.06957583  0.07854386  0.04087336]]
[[ 0.04852492  0.05056273  0.03279875]]
[[ 0.00107035  0.00540403  0.00017655]]
[[-0.01931577  0.01324335  0.15120884]]
[[-0.00838644  0.00021145  0.02237065]]
[[ 0.00660024  0.04597384  0.05325422]]
[[-0.03212537 -0.02241623  0.09093797]]
[[ 0.00060797  0.00455653  0.00026087]]
[[-0.02846588 -0.02297733  0.06981613]]
[[-0.02113016 -0.00634289  0.07578697]]
[[ 0.01027725 -0.00043658 -0.00024337]]
[[-0.02175332 -0.00494069  0.06292772]]
[[-0.00077182  0.00214591 -0.00487029]]
[[-0.01578823 -0.0007897   0.08173683]]
[[-0.04537318 -0.04104627  0.07060185]]
[[-0.01003027 -0.03045545  0.08348191]]
[[ 0.01306998  0.0068763  -0.00748579]]
[[-0.03184409 -0.04088935  0.07192371]]
[[-0.00765873 -0.00732568 -0.0124834 ]]
[[ 0.01637634 -0.02068046  0.04427433]]
[[-0.00713202 -0.00454545  0.0301083 ]]
[[ 0.02231515 -0.02639423  0.05762288]]
[[ 0.00827185  0.01457919  0.07404336]]
[[  4.00476570e-02  -6.70029488e-05   5.49835719e-02]]
[[ 0.02861282  0.01847335  0.04134758]]
[[ 0.04458601 -0.00172467  0.02008632]]
[[ 0.02345597  0.02169018  0.0153355 ]]
[[ 0.02692522 -0.03379615  0.02942094]]
[[ 0.0067085  -0.02695646  0.04621565]]
[[ 0.02271074 -0.03525429  0.06299333]]
[[ 0.00185146 -0.05086082  0.06834597]]
[[ 0.00133618 -0.03976274  0.06109314]]
[[-0.00910331  0.00696809  0.01814744]]
[[-0.0027421   0.01039098 -0.00032984]]
[[-0.00183098  0.00888527  0.00083691]]
[[-0.0016324   0.00876846  0.00176438]]
[[ 0.00408718 -0.01250755 -0.00412042]]
[[ 0.00503895 -0.01963552 -0.00494686]]
[[-0.00604623 -0.02557862  0.0243506 ]]
[[ 0.03779819  0.00356649  0.00034362]]
[[ 0.00691109 -0.02165653  0.01172885]]
[[ 0.01364174 -0.01862695  0.01199167]]
[[ 0.0112223   0.02394783 -0.00026396]]
[[ 0.00238773 -0.01072383 -0.00220076]]
[[-0.00558482 -0.03744315  0.00929131]]
[[ 0.01629247  0.01058252 -0.01343458]]
[[-0.00342646  0.00991535  0.00163841]]
[[-0.03156368 -0.0091851   0.04652573]]
[[ 0.00012666 -0.01148555 -0.00277609]]
[[-0.0095901   0.02235728  0.00106541]]
[[-0.02528105 -0.02726037  0.06193126]]
[[-0.03001694  0.0670281  -0.02927287]]
[[-0.00735317  0.01463733 -0.00077658]]
[[-0.02892137  0.03597226  0.10634469]]
[[-0.00404878 -0.00128485 -0.00115808]]
[[-0.01260075  0.02842202 -0.0326635 ]]
[[-0.02573949  0.00106003  0.02986297]]
[[-0.02045004 -0.00852175 -0.09199779]]
[[-0.12350754 -0.08494739 -0.07630483]]
[[-0.045123   -0.00599832 -0.08538446]]
[[-0.00318458  0.03361369 -0.06200359]]
[[ 0.03431357  0.04418568 -0.1074019 ]]
[[ 0.08738838  0.17217285  0.03139474]]
[[-0.01259826 -0.01498157  0.02255757]]
[[ 0.02262863  0.10447048  0.09534415]]
[[-0.0324468   0.00219582  0.00955437]]
[[-0.03521181  0.01313149  0.05432547]]
[[-0.01863683  0.0185589   0.08542825]]
[[-0.00634402 -0.00136054 -0.04074758]]
[[-0.08896782 -0.03115782 -0.0242598 ]]
[[-0.01658288  0.01475964 -0.01451052]]
[[ 0.00562491  0.01536476 -0.00506453]]
[[ 0.0700197   0.0775595   0.04168236]]
[[ 0.04831213  0.04760115  0.03585885]]
[[-0.02956421  0.00888641 -0.00937222]]
[[-0.02710103  0.00581033  0.09133655]]
[[ 0.01148114  0.06919697 -0.03037638]]
[[-0.00086192  0.06637155 -0.12121733]]
[[-0.0445293  -0.00197035  0.0028462 ]]
[[-0.01715733  0.01533436  0.00512813]]
[[-0.062737  -0.0490805 -0.1390275]]
[[ 0.00266348  0.04504289 -0.0224413 ]]
[[ 0.00911824 -0.00516343  0.00202986]]
[[-0.00371255  0.055691   -0.04700246]]
[[-0.05178904 -0.03981061 -0.04179846]]
[[-0.00207366  0.02311471 -0.09309545]]
[[-0.10434462 -0.14355262 -0.04485983]]
[[-0.00742676 -0.00840979 -0.10773034]]
[[ 0.00461288 -0.00682668 -0.00077338]]
[[-0.04484644 -0.06090708  0.06042319]]
[[-0.0761093  -0.07140497 -0.01621049]]
[[ 0.02551273  0.02241457 -0.00449737]]
[[ 0.00592662  0.00850867  0.0087128 ]]
[[ 0.03303606 -0.03809876  0.04638585]]
[[ 0.0170365   0.00716335  0.0629936 ]]
[[ 0.04513044  0.0102561   0.03339899]]
[[ 0.04213316  0.01760829  0.01338197]]
[[ 0.05057359  0.01887172 -0.01658464]]
[[ 0.0422292   0.02385161 -0.0365398 ]]
[[ 0.03451035 -0.02990054  0.03213988]]
[[ 0.02115538  0.00050041  0.0786047 ]]
[[ 0.00716842 -0.03692108  0.1129614 ]]
[[ 0.05972532 -0.14681415  0.06247322]]
[[ 0.01824938 -0.03854605  0.01717692]]
[[-0.00501658  0.00536169  0.0099309 ]]
[[-0.00027184  0.00585216 -0.00087642]]
[[-0.00035246  0.00549784  0.00175212]]
[[-0.000191    0.00475095  0.00369577]]
[[ 0.01199637 -0.01415655  0.00492694]]
[[ 0.01827682 -0.08597432 -0.01103896]]
[[-0.00379924 -0.01949073  0.01521713]]
[[ 0.04541265  0.03905394 -0.05764202]]
[[ 0.02379792  0.06391989 -0.02038869]]
[[ 0.04064476  0.01866464 -0.0681115 ]]
[[ 0.03607707  0.03575558 -0.08615792]]
[[ 0.00943634  0.01020421  0.00763457]]
[[ 0.04161911  0.00309614 -0.07659472]]
[[ 0.03861246  0.00805573 -0.08111616]]
[[-0.00308523  0.00558339  0.00601102]]
[[ 0.01277326  0.0108378  -0.07098142]]
[[ 0.01267861 -0.01850415 -0.00496757]]
[[ 0.01077457  0.03699339 -0.0696871 ]]
[[ 0.03506991 -0.0523558  -0.05212861]]
[[ 0.02148687 -0.01742299 -0.04626687]]
[[-0.00506732  0.00738531  0.0044246 ]]
[[ 0.00616927 -0.01184129 -0.01179178]]
[[ 0.00781306 -0.03927312 -0.00112237]]
[[-0.0017109   0.01064048 -0.00872988]]
[[ 0.00479886 -0.00282312 -0.01045015]]
[[ 0.05189956  0.02403617 -0.080741  ]]
[[-0.05354575 -0.11738634 -0.0941946 ]]
[[ 0.0374454  -0.00972617 -0.07746478]]
[[ 0.04076323  0.05695479 -0.10494417]]
[[ 0.0805269   0.07032306 -0.14965462]]
[[ 0.1287517   0.20909574 -0.01237174]]
[[ 0.02290249 -0.01632005 -0.00587453]]
[[ 0.06975276  0.11533083  0.09782266]]
[[ 0.02249364 -0.00970043 -0.01401486]]
[[ 0.02140706 -0.02621389  0.01058181]]
[[ 0.0301502   0.01391241  0.05304871]]
[[-0.00123994 -0.01007834 -0.03043949]]
[[-0.0764055  -0.03348301 -0.02493873]]
[[ 0.00169102  0.02051157 -0.02098087]]
[[ 0.01092846  0.02557324  0.00293053]]
[[ 0.07461643  0.08639892  0.05045169]]
[[ 0.05342076  0.05592474  0.04071047]]
[[-0.01907785 -0.00373088 -0.00683344]]
[[ 0.02017997  0.00626856  0.10569801]]
[[ 0.06876018  0.01073185 -0.05435004]]
[[ 0.0699943   0.05576797 -0.0868112 ]]
[[-0.00160346 -0.00121747  0.03175573]]
[[-0.01073857  0.00286461  0.00447445]]
[[-0.00675912 -0.09817628 -0.10502741]]
[[ 0.02748156  0.03502673  0.01688149]]
[[ 0.01466185  0.00390256  0.004504  ]]
[[ 0.0472926   0.04073243 -0.00256646]]
[[-0.04647232 -0.0396245  -0.03980968]]
[[ 0.01588742  0.04599413  0.00436046]]
[[-0.07035832 -0.16199616 -0.01502149]]
[[ 0.00322497 -0.01655221  0.02127505]]
[[  1.66163885e-02   1.44779739e-02  -5.97501961e-05]]
[[-0.01580363 -0.04350877  0.10259372]]
[[-0.07414129 -0.06397577 -0.01751474]]
[[ 0.0318857  -0.00497326  0.03422094]]
[[-0.00028521 -0.00324048  0.03367193]]
[[ 0.03585443 -0.01959953  0.03887978]]
[[ 0.02610791  0.01605305  0.04471083]]
[[ 0.05541311  0.00773883  0.02581675]]
[[  5.26947406e-02   2.02712130e-02  -2.82030435e-05]]
[[ 0.0604391   0.02146341 -0.02639169]]
[[ 0.05580413  0.02521007 -0.05590171]]
[[ 0.05206169 -0.01252274 -0.03701808]]
[[ 0.02867601  0.00022446 -0.02067491]]
[[ 0.04653862 -0.02992534  0.0091478 ]]
[[ 0.0158889  -0.02548133  0.02787704]]
[[ 0.01840066 -0.03992097  0.03323955]]
[[-0.00255703  0.00512466  0.01012222]]
[[ 0.00024107  0.00742059  0.00054261]]
[[ 0.00174534  0.00467325  0.00258521]]
[[ 0.00278861  0.0025471   0.00484505]]
[[ 0.00339979 -0.00941001  0.00036832]]
[[ 0.00413939 -0.01469944 -0.00186441]]
[[-0.00440061 -0.01682839  0.01720044]]
[[ 0.06407749  0.03127253 -0.07418893]]
[[ 0.03245295 -0.00106188 -0.06206483]]
[[ 0.03833481  0.00200585 -0.05566049]]
[[ 0.04417159  0.04179342 -0.09509065]]
[[ 0.00348798 -0.01089603  0.00118131]]
[[ 0.02125751 -0.01895412 -0.0649387 ]]
[[ 0.05411     0.00593963 -0.09235413]]
[[-0.00199626  0.00620744  0.0067442 ]]
[[ 0.00890955 -0.01134003 -0.03960793]]
[[ 0.00209026 -0.01375652 -0.00066012]]
[[ 0.01259294  0.04735163 -0.07167177]]
[[ 0.00982091 -0.02310445 -0.03401127]]
[[ 0.02399159 -0.0006753  -0.05329987]]
[[-0.00644857  0.0122607   0.00420196]]
[[ 0.00931185 -0.00344328 -0.00639346]]
[[ 0.00139549 -0.01181238 -0.00106374]]
[[-0.00261162  0.01707035 -0.01559986]]
[[ 0.00447506 -0.00106702 -0.00639464]]
