[[ 0.00025372  0.00342845 -0.00060483]]
[[-0.00058989  0.00261379  0.00037426]]
[[-0.00027338  0.00265481  0.00025259]]
[[ 0.00183097  0.00667967 -0.00069213]]
[[ 0.00205166  0.00692261 -0.00052352]]
[[ 0.00642152  0.01297896  0.00537176]]
[[ 0.00124507  0.00626741  0.00519567]]
[[ 0.00230429  0.00802416  0.0076345 ]]
[[-0.00101514  0.00478184  0.00260486]]
[[-0.00091892  0.0033366   0.00140994]]
[[-0.00022298  0.00439462  0.00121935]]
[[  2.20993658e-04   1.74026928e-03   3.66817556e-05]]
[[-0.00104409  0.00210282  0.00052889]]
[[-0.0006317  0.0020643 -0.0002465]]
[[ 0.00517558  0.00983479 -0.00453973]]
[[ 0.01687186  0.01658065  0.00744291]]
[[ 0.00672444  0.00673946  0.01412431]]
[[-0.00140779  0.00263186  0.00093487]]
[[-0.00172249  0.00379346  0.00490862]]
[[-0.00186105  0.00287619  0.00177751]]
[[-0.0024124   0.00336313  0.00138813]]
[[-0.00214627  0.00236896  0.00170007]]
[[-0.00201651  0.00243748  0.0007097 ]]
[[ -2.20274231e-03   2.30995506e-03  -4.26687780e-05]]
[[-0.0015614   0.00325161 -0.00099232]]
[[-0.00108834  0.00033574  0.00313644]]
[[-0.00201415  0.00270477 -0.00124772]]
[[-0.00222334  0.00194973 -0.00045635]]
[[ 0.00044499  0.00311215 -0.00371514]]
[[-0.00084945  0.00286346 -0.00199467]]
[[ 0.00306107  0.00533098 -0.00417324]]
[[ 0.00175995  0.00164848 -0.00551157]]
[[ 0.0005726   0.00372702 -0.00177209]]
[[-0.00132129  0.00217044 -0.00126691]]
[[ 0.0078079   0.00624319 -0.00204212]]
[[ 0.00024547  0.00267337 -0.00140929]]
[[ 0.00381471 -0.00150516  0.00664797]]
[[ 0.00416003  0.00421077  0.00830742]]
[[ 0.00378213  0.00477273  0.01011102]]
[[ 0.00145127  0.00823676  0.00930659]]
[[-0.00212287  0.00635798  0.00557674]]
[[-0.00130529  0.00940209  0.00263962]]
[[-0.00539205 -0.00393691  0.00314684]]
[[-0.00295956 -0.00571049  0.00693569]]
[[-0.00122574 -0.00485492  0.0115936 ]]
[[ 0.00419644 -0.00947516  0.01031724]]
[[ 0.0028404  -0.0068571   0.00894382]]
[[ 0.00133342 -0.00147567  0.00455913]]
[[ 0.0032852   0.00427496  0.00468384]]
[[ 0.00142366  0.00771551  0.00637454]]
[[-0.00104787  0.00934367  0.00267868]]
[[-0.00177879 -0.00362429  0.00788137]]
[[ 0.01063783 -0.00936117  0.01141199]]
[[-0.00053423 -0.00887844  0.00885605]]
[[-0.00238074  0.00650368 -0.00237506]]
[[-0.00416569 -0.00437117 -0.0020199 ]]
[[-0.00525744 -0.00278533 -0.00598759]]
[[-0.00204238  0.00837238 -0.00440574]]
[[-0.0013646  -0.0016221  -0.00032672]]
[[-0.00515793 -0.00319003 -0.01000445]]
[[-0.00383183  0.00352441 -0.00848506]]
[[-0.00128336  0.00849207 -0.00194103]]
[[-0.00583936 -0.0039068  -0.01279342]]
[[-0.0031628   0.00067406 -0.00739602]]
[[-0.00195733  0.00582206 -0.00799535]]
[[ 0.00097669 -0.00664913 -0.01142103]]
[[-0.00093975  0.00314876 -0.00797057]]
[[ 0.00023925  0.00586248 -0.00433838]]
[[ -6.98422511e-05  -3.10729964e-03  -8.68581793e-03]]
[[ 0.00996606 -0.00246221 -0.01119418]]
[[ 0.0022451   0.00514013 -0.00492645]]
[[ 0.00467383 -0.00308746 -0.00468326]]
[[-0.00096982  0.00180194 -0.00112922]]
[[-0.0007569  -0.00041271  0.000369  ]]
[[-0.00095085  0.00012635  0.00034406]]
[[ 0.00182753  0.00639155  0.00028263]]
[[ 0.00282451  0.00350619  0.00085355]]
[[ 0.00915687  0.00953026  0.00749648]]
[[ 0.00460736 -0.00020199  0.00586627]]
[[ 0.00742538  0.00215619  0.00762092]]
[[ 0.00078409 -0.0007672   0.00180451]]
[[-0.00020508 -0.00109123  0.00110509]]
[[ 0.00027374  0.00067216  0.00130325]]
[[-0.00240698  0.00125811 -0.00081061]]
[[-0.00087344 -0.00086436  0.00023577]]
[[-0.00109655 -0.00036482  0.00018545]]
[[ 0.00362462  0.01307759 -0.00429889]]
[[ 0.01874613  0.01588907  0.01108888]]
[[ 0.01289903  0.00282446  0.01508733]]
[[-0.000682   -0.00134776  0.00030243]]
[[ 0.00307708 -0.00319612  0.00354163]]
[[-0.00032885 -0.00239897  0.00050945]]
[[ 0.00025108 -0.0026234  -0.00019192]]
[[ 0.00386047 -0.00319387  0.00012219]]
[[-0.00075822 -0.0022452  -0.0004569 ]]
[[-0.00017602 -0.00263498 -0.00186938]]
[[ 0.00346228 -0.00227853 -0.00381127]]
[[ 0.00625093 -0.00334211  0.00262316]]
[[ 0.00065731 -0.00222365 -0.00330123]]
[[-0.00071858 -0.00243149 -0.00185994]]
[[ 0.0058912   0.00047163 -0.0065494 ]]
[[ 0.00094074 -0.0005086  -0.0039472 ]]
[[ 0.00659352  0.00369551 -0.00751353]]
[[ 0.00816073  0.00151952 -0.00863064]]
[[ 0.00248217  0.00126618 -0.00380045]]
[[ -3.94730541e-05  -1.01441480e-03  -2.50909468e-03]]
[[ 0.01095396  0.00762927 -0.00425133]]
[[ 0.00155133  0.00100981 -0.00319094]]
[[ 0.00072522  0.00095244  0.00801431]]
[[-0.00070261  0.00475175  0.00956825]]
[[ 0.00415866  0.00336781  0.01047688]]
[[ 0.00101589  0.00791134  0.00838256]]
[[ 0.00189189  0.00366092  0.00438652]]
[[ 0.00018093  0.00839794  0.00087776]]
[[ 0.00117545 -0.00732444  0.00105559]]
[[ 0.00290732 -0.00986255  0.00378421]]
[[ 0.002186   -0.00508953  0.00817832]]
[[ 0.00317881 -0.00651879  0.0079204 ]]
[[ 0.00189911 -0.00368299  0.00770657]]
[[-0.00357007  0.00175048  0.00498797]]
[[-0.01148226  0.00313195  0.00514735]]
[[-0.00389333  0.0117515   0.00500159]]
[[-0.00462122  0.01229889  0.00165772]]
[[ 0.00400255 -0.00984326  0.00201374]]
[[ 0.0023966  -0.00670065  0.00445509]]
[[ 0.00014999 -0.00510895  0.00557479]]
[[ 0.00226237  0.00364204 -0.00451836]]
[[ 0.00294406 -0.01027937 -0.00388732]]
[[ 0.00145372 -0.00664573 -0.00681233]]
[[-0.00106443  0.00701325 -0.0086755 ]]
[[ 0.00415582 -0.01020842 -0.00291638]]
[[ 0.00084348 -0.00880279 -0.00993004]]
[[-0.00206367  0.00418875 -0.01378771]]
[[-0.00566317  0.00984081 -0.0084518 ]]
[[-0.00318587 -0.00505197 -0.01148944]]
[[ 0.0021064  -0.00830769 -0.00657698]]
[[-0.00665568  0.01172248 -0.0143438 ]]
[[-0.00147174 -0.00463085 -0.01080351]]
[[-0.00351068  0.00944537 -0.01428613]]
[[-0.01316396  0.01622573 -0.01542464]]
[[-0.00313708  0.00129391 -0.01048929]]
[[ 0.00019612 -0.00474098 -0.00627781]]
[[-0.00126641  0.01462866 -0.0141536 ]]
[[ 0.00012601  0.00102552 -0.00822701]]
[[-0.00041034  0.00646508  0.00443776]]
[[ 0.0011232   0.00390377 -0.00018448]]
[[ 0.00128374  0.00504453  0.0001672 ]]
[[ 0.00069702  0.00735236 -0.00052118]]
[[ 0.00299142  0.0075409  -0.00119885]]
[[ 0.00761804  0.0129776   0.00412604]]
[[ 0.00331558  0.00618435  0.00406132]]
[[ 0.00473451  0.00763896  0.00690624]]
[[ 0.0012969   0.00483466  0.00172206]]
[[ 0.00108773  0.00391333  0.00045852]]
[[ 0.00135783  0.00510314  0.00019037]]
[[  3.78461452e-05   1.07229757e-02   1.28353378e-02]]
[[ 0.00107131  0.0032635  -0.00019928]]
[[ 0.00133223  0.00352367  0.00068291]]
[[ 0.0027702   0.01143691 -0.00477267]]
[[ 0.0177305   0.01633949  0.00627756]]
[[ 0.00939494  0.00597669  0.01322628]]
[[ 0.0007912   0.00324412  0.00021493]]
[[ 0.00098047  0.00321812  0.00477273]]
[[ 0.00059893  0.00299954  0.00142954]]
[[ 0.00033059  0.00304699  0.00155318]]
[[ 0.00068082  0.00174476  0.00249474]]
[[ 0.00052278  0.00263505  0.00064473]]
[[ 0.00018193  0.00203083  0.00076562]]
[[ 0.00078686  0.00232178  0.00049973]]
[[ 0.00231413 -0.00071114  0.00382909]]
[[ 0.00025388  0.00209723  0.00013248]]
[[ 0.00022358  0.00183699  0.00035456]]
[[ 0.00239343  0.00223397 -0.00150087]]
[[ 0.00076576  0.00219587 -0.00027954]]
[[ 0.00406783  0.00411814 -0.00165478]]
[[ 0.00431762  0.00039843 -0.0033507 ]]
[[ 0.00171273  0.00292613  0.00029047]]
[[  4.90726314e-04   1.77370638e-03   7.86726003e-05]]
[[ 0.00824093  0.00468504  0.00039179]]
[[ 0.00112644  0.00190817  0.00068634]]
[[ 0.00247527 -0.0018871   0.00851872]]
[[ 0.00274394  0.00089047  0.00665231]]
[[ 0.00544818  0.00090943  0.00523506]]
[[ 0.0040711   0.00349351  0.00369963]]
[[ 0.00622636  0.00151936  0.002127  ]]
[[ 0.00468604  0.00354854  0.0009626 ]]
[[ 0.00505863 -0.00251092  0.00077607]]
[[ 0.00343441 -0.00322892  0.00181282]]
[[ 0.00454743 -0.00308966  0.00429075]]
[[ 0.0017455  -0.00363118  0.00589423]]
[[ 0.00174739 -0.00515837  0.00874497]]
[[-0.00071908 -0.00433052  0.00963294]]
[[ 0.00075339  0.00144182  0.00364364]]
[[ 0.0012928   0.00380913  0.00256488]]
[[ 0.00184448  0.00394418  0.00076247]]
[[ 0.00150141 -0.00286209  0.00102103]]
[[ 0.00020274 -0.00254996  0.00373044]]
[[-0.00141274 -0.00636779  0.0110809 ]]
[[ 0.00616272  0.00118644 -0.00111517]]
[[ 0.00326675 -0.00264961 -0.00130689]]
[[ 0.00425459 -0.00243703 -0.0025921 ]]
[[ 0.00366943  0.00197522 -0.00200648]]
[[ 0.00129426 -0.00228054 -0.00134935]]
[[ 0.00057445 -0.00246369 -0.00369322]]
[[ 0.00297854 -0.00092197 -0.00301724]]
[[ 0.00161442  0.00241125 -0.0011472 ]]
[[ -8.41796884e-05  -2.89976635e-03  -3.06595540e-03]]
[[-0.00095817 -0.00163604 -0.00268818]]
[[ 0.00072539 -0.00028123 -0.00185736]]
[[-0.00156776 -0.00214465 -0.00128212]]
[[ 0.00023203 -0.00106061 -0.00095708]]
[[ 0.00039776  0.000122   -0.00131416]]
[[-0.00067465 -0.00158921 -0.00019504]]
[[-0.00234099 -0.00131857 -0.00085483]]
[[ -5.26138018e-05  -4.21535490e-04  -4.33504354e-04]]
[[ -7.38682261e-04  -8.94608855e-04   8.03646477e-05]]
[[ 0.00137499  0.00646383  0.00841337]]
[[ 0.00206871 -0.00088622  0.00419517]]
[[ 0.002634    0.00069545  0.00667876]]
[[ 0.00266956  0.01256129  0.00362815]]
[[ 0.00554725  0.01017275  0.00457494]]
[[ 0.00920401  0.01883161  0.01234373]]
[[ 0.00460645  0.00930939  0.01093126]]
[[ 0.00603801  0.01458332  0.01147316]]
[[ 0.00237943  0.00400108  0.00628282]]
[[ 0.00167793  0.00032554  0.00494593]]
[[ 0.00507659  0.00351598  0.00622075]]
[[-0.00168289  0.01023747  0.01730884]]
[[-0.00206523 -0.00243129  0.00354488]]
[[-0.00114542 -0.00114702  0.00673762]]
[[ 0.00195721  0.02097256 -0.00324811]]
[[ 0.01723376  0.02530918  0.01437298]]
[[ 0.0112353   0.014707    0.01810377]]
[[-0.00210329 -0.00083556  0.0019437 ]]
[[ 0.00237968  0.00847147  0.00480792]]
[[-0.00057145 -0.00049291  0.00111346]]
[[ 0.00067749  0.00341783 -0.0019178 ]]
[[ 0.00258459  0.00997553 -0.0013278 ]]
[[-0.00355166 -0.00201466 -0.00224231]]
[[ 0.00068247 -0.00121925 -0.00833402]]
[[ 0.00220075  0.00877863 -0.00790476]]
[[ 0.00447257  0.00876243  0.00259755]]
[[ 0.00271099  0.00348368 -0.00981958]]
[[-0.00121636 -0.00443826 -0.00973836]]
[[ 0.00342266  0.01045612 -0.01025642]]
[[ 0.00307957  0.00098501 -0.01041995]]
[[ 0.00510037  0.01071918 -0.01107723]]
[[ 0.0050435   0.0097424  -0.00986293]]
[[ 0.00411669  0.00622948 -0.0077246 ]]
[[ 0.0015342  -0.003553   -0.00676731]]
[[ 0.00949483  0.01211542 -0.00864516]]
[[ 0.00340059  0.00494753 -0.00618803]]
[[ -3.76896690e-05  -1.23857632e-03   1.00470706e-02]]
[[-0.00431616  0.00187507  0.00925272]]
[[  3.91759048e-03  -6.70403781e-05   8.76625795e-03]]
[[-0.00073777  0.00659979  0.00547539]]
[[ 0.00583852  0.00413178  0.00316657]]
[[ 0.00074843  0.00832233 -0.00060891]]
[[  1.04394607e-02  -3.47012677e-05   5.33263469e-03]]
[[ 0.01103635 -0.00431339  0.00989939]]
[[ 0.00922583 -0.00609987  0.01229498]]
[[ 0.01376361 -0.01640211  0.00951777]]
[[ 0.00698876 -0.0058005   0.00615441]]
[[-0.00596655 -0.00176247  0.01019316]]
[[-0.01824358  0.00103318  0.00360736]]
[[-0.00965668  0.01098328  0.00117836]]
[[-0.0087028   0.01206483 -0.00092846]]
[[ 0.01399324 -0.00751706  0.01419565]]
[[ 0.02068235 -0.02535047  0.00944647]]
[[ 0.0062328  -0.00495758  0.00403807]]
[[ 0.00602906  0.00451608 -0.00494279]]
[[ 0.01188383  0.00134494  0.00045297]]
[[ 0.01057389  0.0017021  -0.00555323]]
[[-0.00016488  0.00541296 -0.00972063]]
[[ 0.01827855  0.00026407  0.00286322]]
[[ 0.00969904 -0.00044486 -0.00976808]]
[[ 0.00218605  0.00169704 -0.01239098]]
[[-0.00968156  0.00782093 -0.00973129]]
[[ 0.00634184 -0.00113624 -0.01179313]]
[[ 0.01409013 -0.00149492 -0.00966915]]
[[-0.00702667  0.00660244 -0.01062285]]
[[ 0.00969286 -0.00873904 -0.00770295]]
[[-0.00375714  0.00066714 -0.00638377]]
[[-0.01823425  0.01136408 -0.0135197 ]]
[[ 0.00292306 -0.00308335 -0.00254351]]
[[ 0.01804449 -0.01120244 -0.00868572]]
[[-0.00872621  0.0034352  -0.00459632]]
[[-0.002875   -0.00859254 -0.00362008]]
[[-0.0011621   0.00207594 -0.0022084 ]]
[[-0.00059472  0.00138268 -0.00041232]]
[[-0.00103087  0.00092098 -0.00045375]]
[[ 0.00060759  0.00555085 -0.00235554]]
[[ 0.0018765   0.00589671 -0.00209948]]
[[ 0.00658786  0.01190984  0.00387799]]
[[ 0.00219243  0.00524739  0.00426403]]
[[ 0.00368695  0.00708171  0.00759135]]
[[  6.88706004e-05   3.70672597e-03   2.36173584e-03]]
[[-0.00022828  0.00231853  0.00077617]]
[[ -3.15818526e-05   3.16925309e-03   2.54781178e-04]]
[[-0.00236573  0.00077936 -0.00150583]]
[[-0.00074028  0.0008536   0.0001399 ]]
[[-0.00106013  0.00042157 -0.00016849]]
[[ 0.00341885  0.00924164 -0.00640313]]
[[ 0.01677152  0.01559552  0.00564761]]
[[ 0.00845123  0.00568011  0.01357816]]
[[-0.0005623   0.00160224  0.00072035]]
[[-0.00036189  0.00253597  0.00587379]]
[[-0.00077713  0.00185755  0.00218123]]
[[-0.0011339   0.00218504  0.00276932]]
[[-0.00062631  0.00142121  0.00430679]]
[[-0.00088245  0.00150006  0.00128632]]
[[-0.00173109  0.00081294  0.00207687]]
[[-0.0011796   0.00136661  0.00296078]]
[[ 0.00120392 -0.00065141  0.00521869]]
[[-0.0019823   0.00089223  0.00207574]]
[[-0.00169624  0.00080629  0.00106077]]
[[ 0.00091602  0.0021738   0.00280535]]
[[-0.00292966 -0.00053204  0.0017592 ]]
[[ 0.00186068  0.00101653  0.00432399]]
[[ 0.00340978  0.00141901 -0.00043924]]
[[-0.00175852 -0.00060484  0.00393738]]
[[ -3.11532734e-03  -3.46390525e-05   2.14904490e-04]]
[[ 0.01080182  0.00200943  0.0086211 ]]
[[-0.00387618 -0.0026331   0.00340099]]
[[ 0.002313   -0.00061673  0.00556476]]
[[ 0.00230188  0.00250862  0.00549449]]
[[ 0.00513172  0.00143861  0.00480021]]
[[ 0.00357118  0.00422887  0.00394181]]
[[ 0.00570801  0.00190119  0.0028633 ]]
[[ 0.00392128  0.00434688  0.00216646]]
[[ 0.00447045 -0.00232982  0.0017367 ]]
[[ 0.00312613 -0.00348159  0.00200742]]
[[ 0.00417414 -0.00280542  0.00367157]]
[[ 0.00159428 -0.00418178  0.003903  ]]
[[ 0.00105835 -0.00386167  0.00457767]]
[[ -1.51815861e-05   1.17929208e-04   4.58413669e-03]]
[[ 0.00024662  0.00312784  0.00356688]]
[[ 0.00084109  0.00467596  0.00281251]]
[[ 0.00114529  0.00494987  0.00157427]]
[[ 0.00117194 -0.00338203  0.0012971 ]]
[[-0.0002954  -0.00382141  0.00223858]]
[[-0.00145148 -0.00431336  0.00315146]]
[[ 0.00535092  0.00189733  0.00055827]]
[[ 0.00264467 -0.00265861  0.00022819]]
[[ 0.00331392 -0.00199395 -0.00037564]]
[[  2.58304945e-03   3.39588547e-03  -5.32516234e-05]]
[[ 0.00071024 -0.00243484  0.00018727]]
[[-0.00041494 -0.00199    -0.00088868]]
[[ 0.0017496   0.00102712 -0.00081275]]
[[  5.95772693e-04   4.09358570e-03   6.22879545e-06]]
[[-0.00148955 -0.00156469  0.00059919]]
[[-0.00188439 -0.00130445  0.00010544]]
[[-0.0011026   0.00274296 -0.00042593]]
[[-0.00267668 -0.00063087  0.00313258]]
[[-0.00297376  0.00479141 -0.00170911]]
[[-0.00153476  0.00313038 -0.00118593]]
[[-0.00244441  0.00243044  0.00401564]]
[[-0.00362866 -0.00035278  0.00303771]]
[[-0.00556211  0.00752347 -0.00698219]]
[[-0.00679535 -0.00119271 -0.0003812 ]]
[[-0.00467324 -0.00050972 -0.00509525]]
[[-0.01376763 -0.00393768 -0.00135636]]
[[-0.00920224 -0.00192075 -0.00449906]]
[[-0.00156043  0.0042517  -0.00190472]]
[[-0.00093516  0.00345751 -0.00032445]]
[[ 0.00432038  0.01232406  0.00684805]]
[[-0.00065344  0.00679564  0.00597713]]
[[ 0.00095351  0.01125302  0.00705285]]
[[-0.00406505  0.00418556  0.00386458]]
[[-0.00569038  0.00112617  0.0051143 ]]
[[-0.00579807  0.00011474  0.00483024]]
[[-0.00383308  0.00085628 -0.0047191 ]]
[[-0.02705159  0.00116498  0.0002857 ]]
[[-0.01181584 -0.00101062 -0.00695955]]
[[ 0.00261534  0.00892292 -0.00600008]]
[[ 0.016031    0.01712557  0.00749393]]
[[ 0.00765809  0.01001445  0.01393431]]
[[-0.01096915  0.00142333  0.0041863 ]]
[[-0.00398743  0.00592192  0.00134181]]
[[-0.00511725  0.00334102 -0.00117795]]
[[-0.00595795  0.00421537 -0.00692472]]
[[-0.00313754  0.00557734 -0.00231546]]
[[-0.00757791  0.00302907 -0.00399635]]
[[-0.00919473 -0.00347656 -0.01330935]]
[[-0.00431681  0.00209129 -0.00692325]]
[[ 0.00057997  0.00331604  0.00168349]]
[[-0.00698172 -0.00167829 -0.01099436]]
[[-0.01250631 -0.00407945 -0.02290192]]
[[-0.00025918  0.00309519 -0.00702832]]
[[-0.00881176 -0.01017175 -0.00857674]]
[[ 0.00135059  0.0016398  -0.00704824]]
[[ 0.00303822  0.00194226 -0.00671754]]
[[-0.00168724 -0.00302928 -0.00249344]]
[[-0.01973027 -0.01503508 -0.00378638]]
[[ 0.00738819  0.00376417 -0.00253652]]
[[ 0.00029587 -0.00262318 -0.00091069]]
[[ 0.00332022 -0.00100547  0.00570763]]
[[ 0.00287888  0.00290701  0.00605198]]
[[ 0.00600438  0.00243864  0.00570967]]
[[ 0.00415828  0.00592097  0.0042273 ]]
[[ 0.00655105  0.00506722  0.00245023]]
[[ 0.00489625  0.00666499  0.00031553]]
[[ 0.00711336  0.00200454  0.00326494]]
[[ 0.00701028 -0.00154983  0.00596942]]
[[ 0.00598534 -0.00266934  0.00744692]]
[[ 0.00616287 -0.00998139  0.00587067]]
[[ 0.00312327 -0.00521854  0.00460518]]
[[ 0.00069757  0.00014543  0.00431552]]
[[ 0.00072307  0.00369853  0.00367098]]
[[ 0.00129492  0.00610361  0.00261919]]
[[ 0.00178979  0.00654395  0.00028615]]
[[ 0.00790778 -0.00585422  0.0087478 ]]
[[ 0.00314882 -0.01844087  0.0030723 ]]
[[ 0.00092174 -0.00634348  0.00239837]]
[[ 0.00668785  0.00483745 -0.0025602 ]]
[[ 0.00730888  0.00329044 -0.00035745]]
[[ 0.00705417  0.0028662  -0.00460354]]
[[ 0.00414502  0.00440588 -0.00408353]]
[[ 0.01021431  0.001006    0.00071043]]
[[ 0.00528842 -0.00024282 -0.00713005]]
[[ 0.00377569  0.00069816 -0.00537528]]
[[ 0.00168837  0.00437556 -0.00230842]]
[[ 0.00238483 -0.00089407 -0.00693381]]
[[ 0.00719216 -0.00342529 -0.00916288]]
[[ 0.00126843  0.00061072 -0.00391112]]
[[ 0.00160262 -0.00454812 -0.00468977]]
[[ 0.00088567 -0.00106693 -0.00274383]]
[[ 0.00061807  0.00090704 -0.00252409]]
[[ 0.00039159 -0.00209384 -0.00219916]]
[[ 0.00051899 -0.00909267 -0.00366801]]
[[ 0.00025822 -0.00026208 -0.00166767]]
[[ 0.00045701 -0.00192224 -0.00139117]]
[[ 0.00283568  0.00120495 -0.00239516]]
[[-0.00560947 -0.00716366 -0.00241006]]
[[-0.00053539 -0.00310765 -0.00275842]]
[[ 0.00463138  0.00795466 -0.00164432]]
[[ 0.00660086  0.00702636 -0.00078555]]
[[ 0.01099697  0.01507213  0.00565071]]
[[ 0.00946274  0.00756465  0.00563499]]
[[ 0.00971328  0.01024389  0.00687178]]
[[ 0.00835807  0.00145416  0.00301268]]
[[ 0.00389711 -0.00299843  0.00256704]]
[[ 0.00313757 -0.00093365  0.00328728]]
[[ 0.00162727  0.0010948  -0.00113013]]
[[-0.01953925 -0.00106301 -0.00208476]]
[[-0.00408775 -0.00054333 -0.00528799]]
[[ 0.00607863  0.01242813 -0.00601049]]
[[ 0.01968038  0.01898353  0.00675479]]
[[ 0.01276867  0.00868741  0.01337557]]
[[-0.0018763  -0.00301444  0.00250278]]
[[ 0.00785146  0.0045196   0.00301542]]
[[ 0.00745802 -0.00213614 -0.00129995]]
[[ 0.00837422  0.00031518 -0.00407237]]
[[ 0.00470602  0.00412479 -0.00078513]]
[[ 0.00318825 -0.00174409 -0.00346865]]
[[ 0.00233165 -0.00648465 -0.00988208]]
[[ 0.00302439  0.00313511 -0.00348429]]
[[ 0.00486486  0.00160512  0.00188195]]
[[ 0.00238025 -0.00132724 -0.00655318]]
[[-0.00532534 -0.00521184 -0.01869441]]
[[ 0.00202049  0.00451701 -0.00192903]]
[[-0.00511305 -0.0086011  -0.00509509]]
[[ 0.00222643  0.00203384  0.00201307]]
[[ 0.00410205  0.00267454 -0.00425493]]
[[-0.00072518 -0.00146047  0.00284898]]
[[-0.01911371 -0.01104852 -0.00290038]]
[[ 0.01230201  0.00287726  0.00975209]]
[[-0.00251126 -0.00489785  0.00371344]]
[[ 0.00382432  0.00039143  0.0050462 ]]
[[ 0.00376852  0.0035561   0.00484997]]
[[ 0.00703528  0.00240513  0.00386879]]
[[ 0.00565807  0.00504973  0.00263048]]
[[ 0.00802269  0.00276701  0.0008334 ]]
[[ 0.00624057  0.00486049 -0.00045762]]
[[ 0.00688317 -0.00160348 -0.00063967]]
[[ 0.00531923 -0.00272447  0.0002738 ]]
[[ 0.00628009 -0.00200174  0.00240497]]
[[ 0.00346936 -0.00343052  0.0030448 ]]
[[ 0.00274977 -0.00300445  0.00391707]]
[[ 0.00149616  0.00106588  0.0042429 ]]
[[ 0.00161752  0.00416482  0.00324872]]
[[ 0.00289353  0.00551893  0.00209858]]
[[ 0.00354752  0.00543442 -0.00028345]]
[[ 0.00336276 -0.00278286 -0.00015573]]
[[ 0.00167392 -0.00318058  0.00158077]]
[[ 0.00028939 -0.00336805  0.00272467]]
[[ 0.00753141  0.0024506  -0.00274651]]
[[ 0.00488843 -0.00208431 -0.00269928]]
[[ 0.00559102 -0.00151123 -0.0039249 ]]
[[ 0.00445326  0.00352949 -0.00352632]]
[[ 0.00286225 -0.00201128 -0.00234968]]
[[ 0.00165846 -0.00178949 -0.0047982 ]]
[[ 0.00371993  0.00062529 -0.00437223]]
[[ 0.0023371   0.00409333 -0.00264772]]
[[ 0.00077001 -0.00175485 -0.0039141 ]]
[[ 0.00011035 -0.00121493 -0.00343798]]
[[ 0.00094821  0.00187072 -0.00312802]]
[[-0.00065323 -0.00110466 -0.00190016]]
[[ 0.00060646  0.00140201 -0.0025088 ]]
[[  8.63359617e-05   2.33736539e-03  -2.80972031e-03]]
[[  9.68977677e-05   1.44125173e-04  -7.08264619e-04]]
[[-0.00141676 -0.00063994 -0.00115901]]
[[-0.00061875  0.00234933 -0.00263406]]
[[ 0.00029672  0.00058173 -0.000244  ]]
