[[ 0.00029166  0.00311346 -0.00074122]]
[[-0.00045025  0.00228878  0.00025266]]
[[-0.00016172  0.00235934  0.00010878]]
[[ 0.00180576  0.00631944 -0.00080486]]
[[ 0.00206589  0.00654424 -0.00061193]]
[[ 0.00636154  0.01257084  0.00527625]]
[[ 0.00122698  0.00585658  0.00513626]]
[[ 0.00220027  0.00758786  0.00755585]]
[[-0.00092592  0.00436165  0.00254821]]
[[-0.00079733  0.00295322  0.00133927]]
[[-0.00010851  0.00402171  0.00111446]]
[[ 0.00027075  0.00148126 -0.00012436]]
[[-0.00082534  0.00177846  0.00042794]]
[[-0.00046434  0.00182079 -0.0003565 ]]
[[ 0.00508397  0.00947753 -0.00464865]]
[[ 0.01674056  0.01618619  0.0073386 ]]
[[ 0.00655     0.0063266   0.01403141]]
[[-0.00119527  0.00224839  0.0008807 ]]
[[-0.00177192  0.00337173  0.004871  ]]
[[-0.00177477  0.00246013  0.00175081]]
[[-0.00236058  0.00292277  0.00139015]]
[[-0.00227313  0.00193849  0.0016648 ]]
[[-0.00183832  0.00201981  0.00069872]]
[[ -2.15897659e-03   1.89084872e-03  -8.73432110e-06]]
[[-0.00164771  0.00284403 -0.00099022]]
[[ -1.28609759e-03  -6.23994439e-05   3.07103906e-03]]
[[-0.00201284  0.00227677 -0.00119534]]
[[-0.00208812  0.00153246 -0.00042024]]
[[ 0.00029256  0.00271667 -0.00372259]]
[[-0.00085171  0.00245703 -0.00191372]]
[[ 0.00293474  0.00495976 -0.00413343]]
[[ 0.00154368  0.00128735 -0.00556359]]
[[ 0.0005204   0.00335134 -0.00169674]]
[[-0.00123759  0.00177319 -0.00119289]]
[[ 0.00764475  0.00591762 -0.00196698]]
[[ 0.00025512  0.00237345 -0.00132139]]
[[ 0.00365092 -0.00178688  0.00660872]]
[[ 0.00398665  0.00396895  0.00829068]]
[[ 0.00354955  0.00448571  0.01007834]]
[[ 0.00123598  0.0080096   0.00928929]]
[[-0.00239421  0.00608463  0.00554305]]
[[-0.00154911  0.00919646  0.0026233 ]]
[[-0.00573381 -0.00434887  0.00309076]]
[[-0.0032376  -0.00627098  0.00685131]]
[[-0.00152691 -0.00527244  0.01153564]]
[[ 0.00398784 -0.01002839  0.01023562]]
[[ 0.00264102 -0.00723729  0.00888405]]
[[ 0.00117999 -0.00168635  0.00450362]]
[[ 0.00313604  0.00407511  0.00465651]]
[[ 0.00124362  0.00753281  0.00634957]]
[[-0.00125156  0.00918336  0.00265368]]
[[-0.00216453 -0.00442335  0.0076966 ]]
[[ 0.01034399 -0.01014021  0.01123855]]
[[-0.00075295 -0.0093054   0.00879241]]
[[-0.00266837  0.00625484 -0.00240354]]
[[-0.00448534 -0.00491776 -0.00211135]]
[[-0.00561523 -0.00316853 -0.00603113]]
[[-0.00230008  0.00819687 -0.00441714]]
[[-0.00179396 -0.00242346 -0.0005145 ]]
[[-0.00550506 -0.00369513 -0.01007221]]
[[-0.00412167  0.00332468 -0.00850863]]
[[-0.00149903  0.00836041 -0.00196591]]
[[-0.00621124 -0.00422549 -0.01281188]]
[[ -3.62262835e-03  -7.96398729e-05  -7.52970860e-03]]
[[-0.00220806  0.00569758 -0.00800656]]
[[ 0.00061098 -0.00702871 -0.01145766]]
[[-0.00120236  0.00302008 -0.00799634]]
[[  2.69017424e-05   5.77383100e-03  -4.36551137e-03]]
[[-0.00042444 -0.00332704 -0.00869588]]
[[ 0.00945929 -0.00304927 -0.01126845]]
[[ 0.00200289  0.00504104 -0.00495865]]
[[ 0.0042582  -0.00330241 -0.00473521]]
[[ -2.65313412e-03   3.45390786e-04  -3.86857331e-06]]
[[-0.00208186 -0.00179122  0.00072869]]
[[-0.00227469 -0.00120577  0.00094271]]
[[-0.00066967  0.00430347  0.00092931]]
[[ 0.0004956   0.00170359  0.0012952 ]]
[[ 0.00621667  0.00729158  0.0071694 ]]
[[ 0.00210927 -0.00192156  0.0053995 ]]
[[ 0.0044243   0.0001056   0.00637091]]
[[-0.00105548 -0.00249112  0.00129207]]
[[-0.00177162 -0.0026962   0.0009824 ]]
[[-0.00141564 -0.00096394  0.00140041]]
[[-0.00374788  0.00040859  0.00041229]]
[[-0.00196947 -0.00213398  0.00028494]]
[[-0.00219696 -0.00148721  0.00098914]]
[[ 0.00014691  0.01110126 -0.00368222]]
[[ 0.01479252  0.01381707  0.01048741]]
[[ 0.00898513  0.00110583  0.01352621]]
[[ -1.98482355e-03  -2.85687363e-03   5.32654781e-05]]
[[ 0.00075433 -0.00467559  0.00227221]]
[[-0.00195076 -0.004055   -0.00017623]]
[[-0.00154508 -0.00424183 -0.00113239]]
[[ 0.0013865  -0.00464923 -0.00134375]]
[[-0.0021526  -0.00384678 -0.00110789]]
[[-0.00171023 -0.00413156 -0.00289524]]
[[ 0.00135588 -0.00361925 -0.00523036]]
[[ 0.00336603 -0.00441694  0.00095863]]
[[-0.00097547 -0.00366416 -0.00449672]]
[[-0.00206302 -0.00391921 -0.00277714]]
[[ 0.00343208 -0.00110604 -0.00828377]]
[[-0.00042511 -0.00183304 -0.00515194]]
[[ 0.00463111  0.00243176 -0.0092782 ]]
[[  4.73714163e-03   9.80486923e-05  -1.01164339e-02]]
[[  1.03051941e-03  -5.54155818e-05  -5.44600427e-03]]
[[-0.00125776 -0.00234581 -0.00355351]]
[[ 0.00869964  0.00677268 -0.00601225]]
[[ 0.00052811  0.00015582 -0.00494431]]
[[-0.00075881 -0.00036012  0.00601923]]
[[-0.0018202   0.00288238  0.0078745 ]]
[[ 0.00224882  0.00184866  0.0088888 ]]
[[-0.00040305  0.0057053   0.00711667]]
[[-0.00036255  0.00193956  0.00342604]]
[[-0.00144069  0.00615131  0.00024882]]
[[-0.00153824 -0.0078379   0.00027186]]
[[ 0.00033275 -0.00961899  0.00284272]]
[[-0.00017603 -0.00553373  0.00679055]]
[[ 0.00091474 -0.00635354  0.00646031]]
[[ -5.80207407e-05  -4.06007462e-03   5.82901623e-03]]
[[-0.0044916   0.00034379  0.00286953]]
[[-0.01202601  0.00111617  0.00380119]]
[[-0.00457076  0.00943759  0.00400851]]
[[-0.00547941  0.00991574  0.00110912]]
[[ 0.00158604 -0.00912503  0.00134609]]
[[ 0.00017392 -0.00608309  0.00340378]]
[[-0.00175484 -0.00507757  0.00361647]]
[[ -8.30723168e-05   1.87947556e-03  -4.85734581e-03]]
[[ 0.00028661 -0.01013107 -0.00419995]]
[[-0.00132209 -0.00727003 -0.00705007]]
[[-0.00272004  0.0048671  -0.00861918]]
[[ 0.00169242 -0.00957872 -0.00316132]]
[[-0.00175963 -0.00883294 -0.00968384]]
[[-0.00424348  0.00249112 -0.01328887]]
[[-0.00659101  0.00758957 -0.00849764]]
[[-0.00573834 -0.00578804 -0.01095874]]
[[-0.0003046  -0.00786439 -0.006407  ]]
[[-0.00797322  0.01000591 -0.01341044]]
[[-0.00360364 -0.00492051 -0.00982453]]
[[-0.00485675  0.00823554 -0.01304338]]
[[-0.01394429  0.01445264 -0.01488724]]
[[-0.00483233  0.00061911 -0.00926616]]
[[-0.00184929 -0.00458724 -0.00562568]]
[[-0.00225115  0.01336891 -0.01290158]]
[[-0.00141932  0.00072363 -0.00693964]]
[[-0.00083701  0.00698333  0.00329989]]
[[ 0.00060387  0.00375543 -0.00108484]]
[[ 0.00061745  0.0053355  -0.00097165]]
[[ 0.00059764  0.00781761 -0.00122543]]
[[ 0.00283632  0.00770094 -0.00180296]]
[[ 0.00755827  0.01312471  0.00370982]]
[[ 0.00323189  0.006231    0.00370801]]
[[ 0.00469229  0.00768759  0.00665697]]
[[ 0.001184    0.00483495  0.0013934 ]]
[[  8.76950953e-04   3.83010606e-03   4.37401281e-06]]
[[ 0.00111571  0.00515805 -0.00039563]]
[[-0.00054203  0.01176137  0.01165873]]
[[ 0.0003916   0.00289845 -0.00078503]]
[[-0.00021214  0.00378486 -0.00074105]]
[[ 0.00268618  0.01186092 -0.00523509]]
[[ 0.01766684  0.01649794  0.00595349]]
[[ 0.00934714  0.00603703  0.01301821]]
[[ 0.00050813  0.00308632 -0.00012186]]
[[ 0.00092902  0.00322883  0.00455033]]
[[ 0.00048614  0.00293711  0.00116267]]
[[ 0.00026528  0.00303838  0.00135354]]
[[ 0.00065125  0.00176517  0.00233198]]
[[ 0.00037438  0.00253991  0.0004417 ]]
[[ 0.00011709  0.00199655  0.00059942]]
[[ 0.00075244  0.00232289  0.00035594]]
[[ 0.00228062 -0.00068401  0.00369039]]
[[  2.12433354e-04   2.08837815e-03   4.18951958e-06]]
[[ 0.00013718  0.00178181  0.00022429]]
[[ 0.00237034  0.00223932 -0.00161247]]
[[ 0.00072345  0.00217284 -0.00038385]]
[[ 0.00404456  0.00411658 -0.00175417]]
[[ 0.00429087  0.00040834 -0.00344756]]
[[ 0.00168311  0.00291475  0.00019797]]
[[  4.34017273e-04   1.73774758e-03  -7.72390218e-06]]
[[ 0.00822587  0.0046991   0.00031568]]
[[ 0.00109714  0.0018953   0.00059894]]
[[ 0.00251974 -0.00152178  0.00819552]]
[[ 0.00275165  0.00119326  0.00636871]]
[[ 0.00547376  0.0011087   0.00497155]]
[[ 0.00407485  0.00365963  0.00348765]]
[[ 0.0062416   0.00162859  0.00193296]]
[[ 0.00468875  0.00364342  0.00080556]]
[[ 0.00509007 -0.00239475  0.00054057]]
[[ 0.00348709 -0.00310073  0.00153176]]
[[ 0.00461105 -0.00287334  0.00394631]]
[[ 0.00185341 -0.00336726  0.00548872]]
[[ 0.0018637  -0.00471866  0.00823594]]
[[-0.00064965 -0.00395051  0.0093572 ]]
[[ 0.00072046  0.00171066  0.00347356]]
[[ 0.00127344  0.00396294  0.002418  ]]
[[ 0.00183164  0.00403376  0.00064792]]
[[ 0.00155932 -0.00275158  0.00076619]]
[[ 0.00034371 -0.0022913   0.0033529 ]]
[[-0.00119452 -0.00577914  0.01053269]]
[[ 0.00617155  0.00124796 -0.00125651]]
[[ 0.00329603 -0.00258784 -0.00149565]]
[[ 0.00426855 -0.00237464 -0.00275014]]
[[ 0.00367072  0.00203354 -0.00212094]]
[[ 0.0013207  -0.00223337 -0.00151705]]
[[ 0.00059003 -0.00243081 -0.00382037]]
[[ 0.0029829  -0.00088701 -0.0031191 ]]
[[ 0.00160434  0.00246607 -0.00123255]]
[[ -7.75470957e-05  -2.86484975e-03  -3.17489155e-03]]
[[-0.00094662 -0.00161329 -0.00280208]]
[[ 0.00072568 -0.00024603 -0.00193967]]
[[-0.00156    -0.00212448 -0.00137177]]
[[ 0.00023354 -0.00103595 -0.00103463]]
[[ 0.00038915  0.00015596 -0.00137684]]
[[-0.00067066 -0.00156858 -0.00027505]]
[[-0.00233708 -0.00130664 -0.000934  ]]
[[ -5.67431089e-05  -3.92843051e-04  -5.02100067e-04]]
[[ -7.32903722e-04  -8.89917617e-04   9.31485648e-06]]
[[-0.00024457  0.00549139  0.00826776]]
[[ 0.00078177 -0.00340338  0.00342888]]
[[ 0.00129575 -0.00109248  0.00618317]]
[[ 0.00101975  0.01217232  0.00365682]]
[[ 0.00354356  0.00940109  0.00421991]]
[[ 0.00742813  0.01864702  0.0120466 ]]
[[ 0.00270117  0.00858239  0.01030551]]
[[ 0.00445153  0.01444108  0.01105729]]
[[ 0.00068441  0.0021491   0.00536757]]
[[ 0.00028618 -0.00222424  0.00401615]]
[[ 0.003342    0.00167516  0.00547952]]
[[-0.00282595  0.00980874  0.01726619]]
[[-0.00233285 -0.00556952  0.00282886]]
[[-0.00190221 -0.00312273  0.00640944]]
[[ 0.00061057  0.0209833  -0.00315512]]
[[ 0.01580892  0.0255161   0.01423771]]
[[ 0.00995205  0.01490843  0.01785774]]
[[-0.00243494 -0.00391803  0.0011499 ]]
[[ 0.00059823  0.00775849  0.00421844]]
[[-0.00194318 -0.00310726  0.00014705]]
[[-0.00097633  0.00162    -0.00258317]]
[[ 0.00106006  0.00992801 -0.0016029 ]]
[[-0.0039685  -0.00512282 -0.00301057]]
[[-0.00082811 -0.00364268 -0.00898327]]
[[ 0.00043982  0.00833763 -0.00834137]]
[[ 0.00330368  0.00904404  0.00241011]]
[[ 0.00094941  0.0019709  -0.0101105 ]]
[[-0.00179089 -0.0075159  -0.01032135]]
[[ 0.00206529  0.01067785 -0.01053042]]
[[ 0.00138447 -0.00090581 -0.01074052]]
[[ 0.00369362  0.0106721  -0.01156402]]
[[ 0.00405769  0.01019551 -0.0100858 ]]
[[ 0.00256638  0.00540508 -0.00796412]]
[[ 0.0005769  -0.00619673 -0.00689175]]
[[ 0.00846585  0.01242701 -0.00897745]]
[[ 0.0021906   0.00431946 -0.00651036]]
[[-0.00066715 -0.0003897   0.01053649]]
[[-0.00486422  0.00263385  0.00958046]]
[[ 0.00330337  0.00099517  0.00906718]]
[[-0.00127187  0.00746818  0.00566167]]
[[ 0.00528045  0.00520648  0.00333401]]
[[ 0.00026266  0.00921313 -0.00050556]]
[[ 0.01002822  0.0014937   0.00558476]]
[[ 0.01066617 -0.00228036  0.01033612]]
[[ 0.00878629 -0.00453433  0.01279279]]
[[ 0.01327486 -0.01432724  0.0103678 ]]
[[ 0.00642731 -0.0045815   0.00706292]]
[[-0.00651978 -0.00130312  0.01073413]]
[[-0.01872572  0.00166661  0.00380898]]
[[-0.01013661  0.01169466  0.00132015]]
[[-0.0091565   0.01279803 -0.00084718]]
[[ 0.01456781 -0.00506555  0.01484887]]
[[ 0.02119535 -0.02276708  0.01064663]]
[[ 0.00587228 -0.00383647  0.00503176]]
[[ 0.00552649  0.00562154 -0.00486555]]
[[ 0.01158505  0.00318081  0.00086232]]
[[ 0.01018047  0.00328065 -0.00528781]]
[[-0.00056234  0.00633496 -0.00974015]]
[[ 0.01875347  0.00225218  0.00364289]]
[[ 0.00945862  0.00174651 -0.00947736]]
[[ 0.00178338  0.00278242 -0.01248109]]
[[-0.01007999  0.00857642 -0.0097305 ]]
[[ 0.00611629  0.00048533 -0.0119155 ]]
[[ 0.01479387  0.00113944 -0.00887009]]
[[-0.00729834  0.00742095 -0.01082779]]
[[ 0.00955304 -0.00672381 -0.0080266 ]]
[[-0.00399165  0.00150696 -0.00670024]]
[[-0.01854339  0.01203107 -0.01361235]]
[[ 0.0028489  -0.00190062 -0.00317666]]
[[ 0.01871346 -0.00856686 -0.00887028]]
[[-0.0088719   0.00403741 -0.00499683]]
[[-0.00280534 -0.00771689 -0.0042425 ]]
[[-0.00119149  0.00202124 -0.00228217]]
[[-0.00061439  0.00131912 -0.0005212 ]]
[[-0.00105015  0.00087209 -0.00054639]]
[[ 0.0005661   0.00548119 -0.00243159]]
[[ 0.00183464  0.00581509 -0.00219187]]
[[ 0.00652643  0.01180321  0.00376767]]
[[ 0.00212897  0.00511502  0.00413599]]
[[ 0.00358802  0.00690748  0.00744204]]
[[  3.38162228e-05   3.57646771e-03   2.16421763e-03]]
[[-0.00025317  0.00221836  0.00062142]]
[[ -5.76865543e-05   3.09129503e-03   1.22196652e-04]]
[[-0.00238893  0.00073904 -0.00157615]]
[[ -7.53761512e-04   7.89046696e-04   3.03800269e-05]]
[[-0.00106913  0.00039317 -0.00023678]]
[[ 0.00336478  0.00916705 -0.00646079]]
[[ 0.01669217  0.01548493  0.00556944]]
[[ 0.00832623  0.00550827  0.01348108]]
[[-0.00057337  0.00150063  0.0005604 ]]
[[-0.00046435  0.00231827  0.00570033]]
[[-0.0008161   0.00167796  0.00194984]]
[[-0.00118456  0.00196695  0.00249573]]
[[-0.00078409  0.0011522   0.00412859]]
[[-0.00088875  0.00131529  0.00103846]]
[[-0.00178892  0.00049512  0.00175477]]
[[-0.00136466  0.00100328  0.00275714]]
[[ 0.00100546 -0.00090354  0.00511544]]
[[-0.00206317  0.00050334  0.00172195]]
[[-0.00167414  0.00046741  0.00068977]]
[[ 0.00064782  0.00177266  0.00261722]]
[[-0.00301986 -0.00112648  0.00137865]]
[[ 0.00151551  0.00044088  0.00415142]]
[[ 0.0030847   0.00106996 -0.0005417 ]]
[[-0.00192307 -0.00125292  0.00351141]]
[[-0.00303213 -0.00067185 -0.00026861]]
[[ 0.01036551  0.00152948  0.00859648]]
[[-0.00391281 -0.00340651  0.00292585]]
[[ 0.00226657 -0.00066852  0.00554845]]
[[ 0.00225035  0.00244993  0.0054843 ]]
[[ 0.00505959  0.00136652  0.00479422]]
[[ 0.00348872  0.00415313  0.00394888]]
[[ 0.00559219  0.00180418  0.00288605]]
[[ 0.00378487  0.00425787  0.00221604]]
[[ 0.00433552 -0.00243507  0.00175781]]
[[ 0.0030291  -0.0035853   0.00200317]]
[[ 0.00409394 -0.00287917  0.00365813]]
[[ 0.00153465 -0.00424971  0.00388115]]
[[ 0.00100914 -0.00391189  0.00455479]]
[[ -5.75459548e-05   7.61752617e-05   4.56391823e-03]]
[[ 0.00019642  0.00307006  0.00355677]]
[[ 0.00076598  0.00460548  0.00281413]]
[[ 0.0010272   0.00487276  0.00160078]]
[[ 0.001056   -0.00349782  0.00126796]]
[[-0.00036617 -0.00389567  0.00220402]]
[[-0.00150128 -0.00435844  0.00312807]]
[[ 0.00515735  0.00178214  0.00064194]]
[[ 0.00247453 -0.00280876  0.00027516]]
[[ 0.00307266 -0.00212755 -0.00026636]]
[[  2.35924798e-03   3.31560396e-03   7.84728335e-05]]
[[ 0.00049874 -0.00261445  0.00019804]]
[[-0.00073104 -0.00216675 -0.00070875]]
[[ 0.00142702  0.00095144 -0.00062943]]
[[  4.08854586e-04   4.03271948e-03   7.71304184e-05]]
[[-0.00192597 -0.00166406  0.00090464]]
[[-0.00229373 -0.00154142  0.00026333]]
[[-0.00145441  0.0027448  -0.00018894]]
[[-0.00327851 -0.00063473  0.00354991]]
[[-0.00344969  0.00486525 -0.00143779]]
[[-0.00181891  0.00314803 -0.00106915]]
[[-0.00317356  0.00253865  0.00457684]]
[[-0.00447683 -0.00038594  0.00359452]]
[[-0.0060432   0.00756989 -0.00677273]]
[[-0.00794527 -0.00080522  0.00030987]]
[[-0.00500022 -0.00050735 -0.00501512]]
[[-0.01425179 -0.00406985 -0.00136785]]
[[-0.00960928 -0.00198776 -0.00443929]]
[[-0.00185705  0.00430463 -0.00182254]]
[[-0.00128435  0.0035147  -0.00027591]]
[[ 0.00402926  0.01242782  0.00689627]]
[[-0.00098543  0.00689333  0.00598831]]
[[ 0.00069234  0.01139423  0.0070674 ]]
[[-0.00450416  0.0042351   0.00384633]]
[[-0.0061859   0.001037    0.00507095]]
[[-0.0062457   0.00011615  0.00484879]]
[[-0.00410982  0.00090397 -0.00462131]]
[[-0.02764213  0.00094318  0.00020501]]
[[-0.01226327 -0.00112843 -0.0068939 ]]
[[ 0.0023653   0.0090133  -0.00593497]]
[[ 0.01578835  0.01725858  0.0075364 ]]
[[ 0.00744107  0.0101763   0.01394996]]
[[-0.01157859  0.00124712  0.00408247]]
[[-0.00429026  0.00605426  0.00132039]]
[[-0.0055959   0.0032865  -0.00125728]]
[[-0.00637145  0.00430491 -0.0069635 ]]
[[-0.00336997  0.00574425 -0.00233933]]
[[-0.00817007  0.00289452 -0.00411476]]
[[-0.00961681 -0.00345945 -0.01340364]]
[[-0.0045747   0.00224363 -0.00698455]]
[[ 0.00039126  0.0034955   0.0016697 ]]
[[-0.0073308  -0.00156214 -0.01106681]]
[[-0.0130467  -0.00413095 -0.02301718]]
[[-0.00044593  0.00326458 -0.00709121]]
[[-0.00915807 -0.01010971 -0.00869353]]
[[ 0.00115784  0.00178811 -0.00714641]]
[[ 0.00288319  0.00211942 -0.0067594 ]]
[[-0.00193909 -0.00291579 -0.00260419]]
[[-0.02018553 -0.01502562 -0.00391099]]
[[ 0.00722857  0.00392966 -0.00263273]]
[[  2.76520024e-05  -2.51261515e-03  -1.04926306e-03]]
[[ 0.00315209 -0.00079147  0.00582644]]
[[ 0.00272815  0.00311409  0.00614158]]
[[ 0.00583974  0.00269348  0.00579227]]
[[ 0.00401326  0.00615606  0.00428554]]
[[ 0.00640275  0.0053417   0.00249284]]
[[ 0.00476936  0.00690921  0.0003354 ]]
[[ 0.00696182  0.00235269  0.00332012]]
[[ 0.00681718 -0.00110524  0.00606958]]
[[ 0.00581392 -0.00234768  0.00756521]]
[[ 0.0059523  -0.00957474  0.00602854]]
[[ 0.00294377 -0.0049558   0.00477307]]
[[ 0.00054415  0.00028931  0.00445384]]
[[ 0.00058484  0.00388916  0.0037355 ]]
[[ 0.00115996  0.00631467  0.00266506]]
[[ 0.00166554  0.00676165  0.00030727]]
[[ 0.00773653 -0.00530675  0.00887729]]
[[ 0.00295813 -0.01793455  0.00325478]]
[[ 0.00076541 -0.00610145  0.00255501]]
[[ 0.00656305  0.00511207 -0.00256134]]
[[ 0.00714132  0.00374694 -0.00031045]]
[[ 0.00692619  0.00321842 -0.00461   ]]
[[ 0.0040425   0.00464741 -0.00410554]]
[[ 0.01007614  0.00156564  0.00078138]]
[[ 0.00515643  0.00019764 -0.00714629]]
[[ 0.003676    0.00095073 -0.00541426]]
[[ 0.00158097  0.0045914  -0.00231576]]
[[ 0.00229008 -0.00057001 -0.00699982]]
[[ 0.00709248 -0.00289289 -0.00916863]]
[[ 0.00118907  0.0008271  -0.00396599]]
[[ 0.00150994 -0.00417076 -0.00477075]]
[[ 0.00081268 -0.00084934 -0.00282312]]
[[ 0.00052901  0.00110176 -0.0025547 ]]
[[ 0.00032959 -0.00182817 -0.00231188]]
[[ 0.00045174 -0.00864307 -0.00374307]]
[[  2.04560479e-04  -8.56645134e-05  -1.77099573e-03]]
[[ 0.00041567 -0.00170178 -0.00149254]]
[[ 0.00355471  0.00199495 -0.00139272]]
[[-0.00407697 -0.00591033 -0.00118858]]
[[ 0.00051901 -0.00232681 -0.00154348]]
[[ 0.00527209  0.00870311 -0.00096523]]
[[ 0.00741295  0.00793999 -0.00012678]]
[[ 0.01170372  0.01591963  0.00616332]]
[[ 0.01023395  0.00846706  0.00611839]]
[[ 0.01041729  0.01111617  0.00730233]]
[[ 0.00937035  0.00242516  0.00351962]]
[[ 0.00528981 -0.00162982  0.0032764 ]]
[[  4.31660696e-03   6.84574920e-05   4.06889153e-03]]
[[  2.04437690e-03   1.55956909e-03  -8.36754185e-05]]
[[-0.01757898  0.00022514 -0.00053412]]
[[ -2.86259709e-03  -5.90246997e-05  -4.04483699e-03]]
[[ 0.0066228   0.01314553 -0.0054564 ]]
[[ 0.02028174  0.01977803  0.00723276]]
[[ 0.01337989  0.00951377  0.0137519 ]]
[[-0.00015998 -0.00126553  0.00322905]]
[[ 0.00866818  0.00546548  0.00344458]]
[[ 0.00856417 -0.00109231 -0.00061091]]
[[ 0.00948143  0.00126935 -0.00342078]]
[[ 0.00544806  0.00500894 -0.00055237]]
[[ 0.00407069 -0.00060628 -0.00258416]]
[[ 0.00403632 -0.00494583 -0.00915121]]
[[ 0.00392     0.00415252 -0.00334545]]
[[ 0.00547163  0.00241907  0.00210023]]
[[ 0.00375034 -0.00014109 -0.00646712]]
[[-0.00285372 -0.00373129 -0.01747754]]
[[ 0.00270691  0.00532489 -0.0020333 ]]
[[-0.0033384  -0.00693318 -0.00522035]]
[[ 0.00295473  0.00287655  0.00174398]]
[[ 0.00463789  0.00338473 -0.00421249]]
[[ 0.00032736 -0.00043696  0.00216426]]
[[-0.01626175 -0.00935196 -0.00298178]]
[[ 0.01284269  0.00352985  0.00930886]]
[[-0.00169239 -0.00427603  0.00291707]]
[[ 0.00403247  0.00064226  0.0053316 ]]
[[ 0.00394538  0.00386722  0.00508252]]
[[ 0.00729103  0.00269498  0.00407486]]
[[ 0.00586488  0.00539268  0.00278629]]
[[ 0.00830332  0.00307542  0.00094757]]
[[ 0.00646767  0.00520159 -0.00039361]]
[[ 0.00723402 -0.00136112 -0.00052774]]
[[ 0.00566872 -0.00253251  0.000431  ]]
[[ 0.00660072 -0.00178177  0.00261804]]
[[ 0.00378384 -0.00326794  0.00329591]]
[[ 0.00301533 -0.002837    0.00421874]]
[[ 0.0016614   0.00131516  0.00456622]]
[[ 0.00174714  0.00450618  0.00345085]]
[[ 0.00304495  0.00588386  0.00224415]]
[[ 0.00371704  0.00579586 -0.0002073 ]]
[[  3.77767958e-03  -2.63305098e-03   8.21438118e-06]]
[[ 0.00205666 -0.00305903  0.0018202 ]]
[[ 0.00058924 -0.00325632  0.00304735]]
[[ 0.00782211  0.00275928 -0.00273424]]
[[ 0.00525284 -0.0018846  -0.00264422]]
[[ 0.00594842 -0.00126516 -0.00391856]]
[[ 0.00467629  0.00384983 -0.00356493]]
[[ 0.00328528 -0.00185503 -0.0022764 ]]
[[ 0.0020033  -0.00159768 -0.00484798]]
[[ 0.00398759  0.00090103 -0.00445552]]
[[ 0.00250585  0.00442779 -0.00265006]]
[[ 0.001089   -0.00153053 -0.00400943]]
[[ 0.00050226 -0.00106377 -0.00345893]]
[[ 0.00113792  0.00213744 -0.00324871]]
[[-0.0003682  -0.00093209 -0.00203532]]
[[ 0.00080108  0.00162026 -0.00266658]]
[[ 0.00022999  0.00261351 -0.00287499]]
[[ 0.00033865  0.00032417 -0.00087401]]
[[-0.00109497 -0.00050586 -0.00125389]]
[[-0.00045769  0.0025711  -0.00280059]]
[[ 0.00054224  0.00069901 -0.00041513]]
