[[ 0.00054606  0.00302217 -0.00088251]]
[[-0.00017452  0.00224227  0.00016854]]
[[  9.87741667e-05   2.30869925e-03  -1.00429393e-05]]
[[ 0.00207078  0.0061945  -0.00092028]]
[[ 0.00236428  0.00641308 -0.00069661]]
[[ 0.00664731  0.01240078  0.00521633]]
[[ 0.00153341  0.00568285  0.00512106]]
[[ 0.00247802  0.00737053  0.00756489]]
[[-0.00060365  0.00423457  0.00255072]]
[[-0.00049497  0.00288286  0.0013132 ]]
[[ 0.00019697  0.0039311   0.00104764]]
[[ 0.00051625  0.00135934 -0.00028761]]
[[-0.00053923  0.00174342  0.00038255]]
[[-0.00019558  0.00179346 -0.00047623]]
[[ 0.0053603   0.00929245 -0.00475226]]
[[ 0.01703844  0.01595429  0.00728164]]
[[ 0.00683833  0.00604853  0.01403441]]
[[-0.00087993  0.00219544  0.00087991]]
[[-0.0014788   0.0031638   0.00492842]]
[[-0.00147183  0.00236807  0.00179645]]
[[-0.00204643  0.00276544  0.00146517]]
[[-0.00201876  0.00168488  0.0017459 ]]
[[-0.00151748  0.00194795  0.00075761]]
[[-0.00187838  0.00176695  0.0001077 ]]
[[-0.00139194  0.00261289 -0.00086145]]
[[-0.00102856 -0.00037437  0.00313375]]
[[-0.00174143  0.0020979  -0.00105801]]
[[-0.00178409  0.00143645 -0.00030757]]
[[ 0.00049971  0.00244646 -0.00358558]]
[[-0.00061229  0.00230599 -0.00174692]]
[[ 0.00312579  0.00471821 -0.00395013]]
[[ 0.00175291  0.0009618  -0.00545852]]
[[ 0.0007278   0.00316989 -0.00150858]]
[[-0.0009693   0.0016582  -0.00104427]]
[[ 0.0078205   0.00562595 -0.00177726]]
[[ 0.00047617  0.00220938 -0.001109  ]]
[[ 0.00396192 -0.0022334   0.00641163]]
[[ 0.00426161  0.00349885  0.00814111]]
[[ 0.00388883  0.00393754  0.00996194]]
[[ 0.00151273  0.00746649  0.00921473]]
[[-0.00207972  0.00547034  0.00552066]]
[[-0.00131028  0.00861731  0.00263509]]
[[-0.00527422 -0.00504894  0.00307297]]
[[-0.00262229 -0.00710815  0.0067621 ]]
[[-0.00104492 -0.00588014  0.01136919]]
[[ 0.00458233 -0.01072224  0.01000822]]
[[ 0.00307653 -0.00769852  0.00860116]]
[[ 0.00142441 -0.0020157   0.00425449]]
[[ 0.00334758  0.00361024  0.00454055]]
[[ 0.00145347  0.00701339  0.00627864]]
[[-0.00106767  0.00863897  0.00263574]]
[[-0.00125447 -0.00531338  0.00764651]]
[[ 0.01118651 -0.01087245  0.01102496]]
[[-0.00033653 -0.00966305  0.0085545 ]]
[[-0.0024122   0.00561734 -0.00233658]]
[[-0.00389588 -0.00582546 -0.00207616]]
[[-0.00520986 -0.00391292 -0.0059246 ]]
[[-0.00212068  0.00760356 -0.00432464]]
[[-0.00091773 -0.00338699 -0.00041343]]
[[-0.00499489 -0.00462605 -0.00992892]]
[[-0.00393407  0.00270606 -0.00837823]]
[[-0.00135783  0.0078078  -0.00193029]]
[[-0.0058956  -0.004964   -0.01260669]]
[[-0.00284961 -0.00105705 -0.00732185]]
[[-0.00209814  0.00514119 -0.00785845]]
[[ 0.00099445 -0.00791788 -0.01120825]]
[[-0.00109319  0.00244715 -0.00779062]]
[[ 0.0001144   0.00525817 -0.0042928 ]]
[[-0.00023156 -0.00400189 -0.00840242]]
[[ 0.01008567 -0.0039834  -0.01097193]]
[[ 0.00202376  0.0045547  -0.00470852]]
[[ 0.00445485 -0.00387138 -0.00445051]]
[[-0.00136603  0.00137545 -0.00086052]]
[[-0.00112083 -0.00083746  0.0004827 ]]
[[-0.00130915 -0.0002774   0.00051554]]
[[ 0.00132293  0.00582611  0.00049718]]
[[ 0.00232904  0.00295054  0.00104244]]
[[ 0.00857478  0.00885814  0.00754988]]
[[ 0.004065   -0.00081047  0.00588994]]
[[ 0.00677838  0.00141082  0.00746837]]
[[ 0.00032874 -0.0013144   0.0017598 ]]
[[-0.00062213 -0.00159357  0.00113041]]
[[-0.00014283  0.00018539  0.00138291]]
[[-0.00272544  0.00098272 -0.00053703]]
[[-0.00120369 -0.00126263  0.0002624 ]]
[[-0.0014259  -0.00071945  0.00040648]]
[[ 0.00303336  0.01253045 -0.00409017]]
[[ 0.01804287  0.01523778  0.01112291]]
[[ 0.01210049  0.00210579  0.01492547]]
[[-0.00106072 -0.00181688  0.00026907]]
[[ 0.00251719 -0.0038178   0.00337521]]
[[-0.00077932 -0.00294857  0.00040672]]
[[-0.00022896 -0.00319717 -0.00034519]]
[[ 0.00320741 -0.00392909 -0.00017515]]
[[-0.00117452 -0.00276327 -0.00059025]]
[[-0.00063537 -0.00318182 -0.00207152]]
[[ 0.00290432 -0.0028758  -0.00413605]]
[[ 0.00542615 -0.00404838  0.00230025]]
[[ 0.00017653 -0.00278273 -0.00356449]]
[[-0.00114763 -0.00295012 -0.00207581]]
[[ 0.0052657  -0.00020803 -0.00701492]]
[[ 0.0004998  -0.00101937 -0.00423369]]
[[ 0.00608279  0.00317255 -0.00796286]]
[[ 0.0073498   0.00086838 -0.0091231 ]]
[[ 0.0020371   0.00076216 -0.00420933]]
[[-0.00046053 -0.0015077  -0.00278144]]
[[ 0.01042319  0.00721823 -0.00464253]]
[[ 0.00120431  0.00066726 -0.00363801]]
[[-0.00131475 -0.00085656  0.00663326]]
[[-0.0024874   0.00239674  0.00840534]]
[[ 0.00147318  0.00125315  0.00928509]]
[[-0.00121578  0.00521284  0.00734045]]
[[-0.00121799  0.0013267   0.00347496]]
[[-0.00229702  0.00566893  0.00016855]]
[[-0.00225425 -0.00875671  0.00028352]]
[[-0.00017891 -0.01061516  0.00300384]]
[[-0.00084885 -0.00638842  0.00713653]]
[[ 0.00048969 -0.00715871  0.00691872]]
[[-0.00049821 -0.00469397  0.00639242]]
[[ -5.08928376e-03   2.26362738e-05   3.46416996e-03]]
[[-0.01279656  0.00071235  0.00420114]]
[[-0.00552357  0.00903892  0.00411982]]
[[-0.0064976   0.0095395   0.00095869]]
[[ 0.00121539 -0.01012941  0.00140845]]
[[-0.00015796 -0.00689988  0.00365062]]
[[-0.00214945 -0.0057272   0.00417514]]
[[-0.00093257  0.00126569 -0.00508085]]
[[-0.00022785 -0.01114315 -0.00434186]]
[[-0.00200892 -0.00816166 -0.00730476]]
[[-0.00356902  0.0043949  -0.00896046]]
[[ 0.00130399 -0.01062381 -0.00332128]]
[[-0.00224609 -0.00983437 -0.01006186]]
[[-0.00505811  0.0019218  -0.01381004]]
[[-0.00762348  0.0072223  -0.0088747 ]]
[[-0.00639125 -0.00664223 -0.01147941]]
[[-0.00067793 -0.00890104 -0.00675731]]
[[-0.00877963  0.0095848  -0.01405507]]
[[-0.00404933 -0.0058247  -0.0104363 ]]
[[-0.00556814  0.0077685  -0.01382917]]
[[-0.01492667  0.01413939 -0.01549244]]
[[-0.00539871 -0.00011913 -0.01003102]]
[[-0.0021975  -0.00554619 -0.00614049]]
[[-0.00296894  0.01304425 -0.01370961]]
[[ -1.86763708e-03   2.87573517e-05  -7.79140660e-03]]
[[-0.00149075  0.00543977  0.00433358]]
[[  3.03537749e-04   3.00485945e-03   4.56204250e-05]]
[[ 0.00016386  0.00378887  0.00057435]]
[[-0.00036148  0.00642997 -0.00067188]]
[[ 0.00220739  0.00689923 -0.00134555]]
[[ 0.00689627  0.0123967   0.00387139]]
[[ 0.00278953  0.00578906  0.00383711]]
[[ 0.00425715  0.00726697  0.00662231]]
[[ 0.00078619  0.00438115  0.0016608 ]]
[[ 0.0005078   0.00333753  0.00048655]]
[[ 0.00059907  0.00437274  0.00027948]]
[[-0.00118216  0.0097988   0.01263996]]
[[ 0.00028439  0.00231935  0.00012441]]
[[ 0.00011457  0.00206098  0.00142166]]
[[ 0.00161174  0.01068271 -0.00521542]]
[[ 0.01691807  0.01584661  0.0058435 ]]
[[ 0.00886507  0.00565878  0.01284901]]
[[ 0.00022711  0.00264966  0.00032334]]
[[ 0.00062768  0.00296018  0.00452771]]
[[ 0.00019371  0.00261677  0.00134309]]
[[ -2.28196905e-05   2.74861618e-03   1.44479844e-03]]
[[ 0.00037435  0.00151909  0.00225925]]
[[ 0.00012049  0.00223907  0.00061836]]
[[ -9.89294026e-05   1.78074142e-03   6.52093521e-04]]
[[ 0.00054832  0.00215264  0.00029232]]
[[ 0.00197947 -0.00090462  0.00354207]]
[[  1.21357103e-05   1.89918106e-03   1.86019710e-05]]
[[ -6.24773336e-05   1.57343496e-03   2.83538235e-04]]
[[ 0.00218867  0.00208425 -0.00169677]]
[[ 0.00056633  0.00202204 -0.00038499]]
[[ 0.00390453  0.00400161 -0.00182138]]
[[ 0.00409228  0.00026808 -0.00357277]]
[[ 0.00154638  0.00278894  0.0001718 ]]
[[  2.81009092e-04   1.58787520e-03   2.29105545e-06]]
[[ 0.0080993   0.00461633  0.00026857]]
[[ 0.0009948   0.00181804  0.00056683]]
[[ 0.00136108 -0.00181656  0.00764437]]
[[ 0.00196259  0.00108373  0.0058786 ]]
[[ 0.00481678  0.00098512  0.00445651]]
[[ 0.00364122  0.00362749  0.00307595]]
[[ 0.0058954   0.0015698   0.00154267]]
[[ 0.00444861  0.00362981  0.00049607]]
[[ 0.00472971 -0.00249335  0.00010806]]
[[ 0.00302136 -0.00330098  0.00102629]]
[[ 0.00389575 -0.00310392  0.00334596]]
[[ 0.00090151 -0.00380998  0.00485267]]
[[ 0.00056441 -0.00521768  0.00758277]]
[[-0.00209155 -0.00436956  0.00884561]]
[[ -1.53546252e-05   1.66148522e-03   3.08092707e-03]]
[[ 0.00084018  0.00395023  0.0020849 ]]
[[ 0.00157472  0.00402496  0.00039351]]
[[ 0.00101331 -0.00305667  0.0002839 ]]
[[-0.00077534 -0.00294031  0.00272081]]
[[-0.00310367 -0.00663905  0.00980182]]
[[ 0.00598168  0.001211   -0.00153294]]
[[ 0.00305619 -0.00269622 -0.00184829]]
[[ 0.00407114 -0.0024272  -0.00304252]]
[[ 0.00353159  0.0020252  -0.00234151]]
[[ 0.00104351 -0.00239704 -0.00184295]]
[[ 0.00045683 -0.00249706 -0.00405599]]
[[ 0.00286929 -0.00091523 -0.00331258]]
[[ 0.00144842  0.00245786 -0.0014161 ]]
[[-0.00019443 -0.00289929 -0.00337389]]
[[-0.00110282 -0.00171167 -0.00301914]]
[[ 0.00064045 -0.00025459 -0.00209318]]
[[-0.00164068 -0.00216679 -0.00153294]]
[[ 0.00016458 -0.00104994 -0.00117528]]
[[ 0.00028842  0.00014749 -0.00150625]]
[[-0.00074139 -0.00159357 -0.00041649]]
[[-0.00243527 -0.00137107 -0.00108137]]
[[-0.00012812 -0.00039344 -0.00062508]]
[[-0.00079487 -0.00093076 -0.00011836]]
[[ 0.00091254  0.00448042  0.00734929]]
[[ 0.0023032  -0.00381269  0.00307767]]
[[ 0.00267426 -0.00164248  0.00548902]]
[[ 0.00197831  0.01061787  0.00287769]]
[[ 0.00494521  0.00790218  0.00386762]]
[[ 0.00833626  0.01665545  0.01170226]]
[[ 0.00387986  0.00690209  0.01039271]]
[[ 0.00499059  0.01232649  0.01094906]]
[[ 0.00224138  0.00103207  0.00566067]]
[[ 0.00184546 -0.00282047  0.00417031]]
[[ 0.00504758  0.00077096  0.00531322]]
[[-0.00200414  0.0088508   0.01614616]]
[[-0.0008894  -0.00574527  0.00269613]]
[[-0.00058473 -0.0033532   0.00571743]]
[[ 0.00101945  0.0192368  -0.0039109 ]]
[[ 0.01610656  0.02337791  0.01373905]]
[[ 0.00994477  0.01271828  0.01754765]]
[[-0.00092709 -0.00422165  0.00136253]]
[[ 0.00151557  0.00608466  0.00442237]]
[[-0.00061805 -0.00378215  0.00062125]]
[[ 0.00031093  0.00043864 -0.00213856]]
[[ 0.00146362  0.00783862 -0.00157239]]
[[-0.00263652 -0.00553034 -0.00255549]]
[[ 0.00032971 -0.0044366  -0.00840661]]
[[ 0.00119682  0.00660864 -0.00799688]]
[[ 0.00313793  0.00692368  0.00221191]]
[[ 0.00207382  0.00071897 -0.00954633]]
[[-0.00060241 -0.00802531 -0.00977797]]
[[ 0.00227879  0.00864811 -0.01027775]]
[[ 0.00237354 -0.00185172 -0.00995892]]
[[ 0.00404307  0.00899888 -0.01089744]]
[[ 0.00373845  0.00819918 -0.01015179]]
[[ 0.00324852  0.00417925 -0.0071276 ]]
[[ 0.00160799 -0.00679138 -0.00621089]]
[[ 0.00839143  0.0107854  -0.00826307]]
[[ 0.00285221  0.00344613 -0.00554117]]
[[-0.00105045 -0.00212774  0.00998085]]
[[-0.00532051  0.00104986  0.00923669]]
[[ 0.00262582 -0.0009992   0.00868488]]
[[-0.00193569  0.00581814  0.0054316 ]]
[[ 0.00438324  0.00325533  0.00304739]]
[[-0.00055093  0.00764246 -0.0006933 ]]
[[ 0.00866054 -0.00122087  0.00517086]]
[[ 0.00935307 -0.00570766  0.00968849]]
[[ 0.00762717 -0.0072998   0.01215288]]
[[ 0.0123398  -0.01775153  0.00931907]]
[[ 0.0057718  -0.00687978  0.00602986]]
[[-0.006897   -0.00247895  0.01009581]]
[[-0.01914687  0.00032928  0.00353676]]
[[-0.0107162   0.01034101  0.00107795]]
[[-0.00985752  0.011524   -0.00106701]]
[[ 0.01176019 -0.00923376  0.01368593]]
[[ 0.01877111 -0.02697872  0.00897232]]
[[ 0.00492558 -0.00611509  0.00385306]]
[[ 0.00455498  0.00375956 -0.00509714]]
[[  1.00616132e-02   5.49814691e-05   1.89957006e-04]]
[[ 0.0087872   0.00065821 -0.00575373]]
[[-0.001449    0.0048727  -0.00984044]]
[[ 0.01590853 -0.00137087  0.00232869]]
[[ 0.00793191 -0.00154594 -0.0100375 ]]
[[ 0.00079787  0.0011264  -0.01257861]]
[[-0.01083879  0.00740804 -0.00990729]]
[[ 0.0046723  -0.00195516 -0.01201379]]
[[ 0.01184881 -0.0029202  -0.01013875]]
[[-0.00819282  0.00625243 -0.01079134]]
[[ 0.00812553 -0.00955626 -0.00798886]]
[[-0.00491624  0.00031888 -0.00663697]]
[[-0.01930807  0.01111674 -0.01373044]]
[[ 0.00150761 -0.00365354 -0.00285379]]
[[ 0.01608572 -0.01231217 -0.00909535]]
[[-0.00979911  0.00314718 -0.00489255]]
[[-0.00441597 -0.00919262 -0.00406355]]
[[-0.00116977  0.00199664 -0.00242377]]
[[-0.00057049  0.00130656 -0.00067657]]
[[-0.0010183   0.00085837 -0.00069093]]
[[ 0.00058449  0.00544314 -0.00258317]]
[[ 0.00187532  0.00578424 -0.00237102]]
[[ 0.00655751  0.01174258  0.0035523 ]]
[[ 0.00219683  0.00506351  0.00389238]]
[[ 0.00364147  0.00680278  0.00714921]]
[[ 0.00011893  0.00353624  0.0019035 ]]
[[-0.00017978  0.00220509  0.00041668]]
[[ -7.20053721e-06   3.06663157e-03  -6.86293855e-05]]
[[-0.00237474  0.00070835 -0.00171275]]
[[ -7.07916353e-04   7.75720877e-04  -9.91368210e-05]]
[[-0.00102945  0.0004007  -0.00035229]]
[[ 0.00336837  0.00911061 -0.00658878]]
[[ 0.01670176  0.01540053  0.005393  ]]
[[ 0.00835047  0.00537532  0.0132436 ]]
[[-0.00049661  0.00148691  0.00039043]]
[[-0.0003491   0.00223295  0.00536906]]
[[-0.00069786  0.00165543  0.00167775]]
[[-0.00103836  0.00191     0.00215192]]
[[-0.00067344  0.00099698  0.00374043]]
[[-0.00076297  0.00129196  0.00081557]]
[[-0.00158345  0.00046737  0.00139437]]
[[-0.00115883  0.0008647   0.0023264 ]]
[[ 0.00107269 -0.00110362  0.00479908]]
[[-0.0018057   0.00041353  0.00128707]]
[[-0.00145523  0.00043482  0.00040394]]
[[ 0.00085186  0.00150392  0.00210445]]
[[-0.00265037 -0.00116751  0.00095206]]
[[ 0.00187549  0.00021725  0.00361885]]
[[ 0.00321295  0.00073273 -0.00094517]]
[[-0.00150888 -0.00143047  0.00296919]]
[[-0.0026565  -0.00071462 -0.0005835 ]]
[[ 0.01085114  0.00120764  0.0080923 ]]
[[-0.00331674 -0.00363849  0.00239254]]
[[ 0.00226743 -0.00073204  0.00540558]]
[[ 0.00226061  0.00236011  0.00532848]]
[[ 0.00506602  0.0012707   0.00460329]]
[[ 0.00351282  0.00401379  0.00373484]]
[[ 0.00561134  0.00165148  0.00262223]]
[[ 0.00382867  0.00404025  0.00191647]]
[[ 0.00437471 -0.00257394  0.00141726]]
[[ 0.00305302 -0.00368176  0.00172943]]
[[ 0.00410883 -0.00296534  0.00342303]]
[[ 0.00154289 -0.00431076  0.00369223]]
[[ 0.00101265 -0.00396223  0.00438609]]
[[ -5.85443504e-05   1.19627440e-05   4.43229246e-03]]
[[ 0.00019486  0.00296452  0.00343466]]
[[ 0.0007722   0.00444972  0.00265164]]
[[ 0.00104417  0.00463647  0.00138647]]
[[ 0.00106407 -0.00360127  0.00099928]]
[[-0.00037226 -0.00396051  0.00202732]]
[[-0.00151771 -0.00438175  0.00298603]]
[[ 0.00520452  0.00151948  0.00027648]]
[[ 0.00253347 -0.00299093 -0.00013627]]
[[ 0.00316581 -0.00238305 -0.0007767 ]]
[[ 0.00243484  0.00295521 -0.00032682]]
[[ 0.00054201 -0.00280482 -0.0002363 ]]
[[-0.00059195 -0.00255193 -0.00134013]]
[[ 0.00153127  0.00046842 -0.00111687]]
[[ 0.00044242  0.00365684 -0.00019427]]
[[-0.00173055 -0.00217593  0.00013066]]
[[-0.00215791 -0.00194167 -0.0004704 ]]
[[-0.00132796  0.00213787 -0.00069157]]
[[-0.00297865 -0.0015277   0.00262649]]
[[-0.00328694  0.00402688 -0.00197636]]
[[-0.00176115  0.00255413 -0.00137837]]
[[-0.00286034  0.00153204  0.003514  ]]
[[-0.00408919 -0.00140693  0.00232606]]
[[-0.0060199   0.00677974 -0.00716459]]
[[-0.00753195 -0.00230665 -0.00102055]]
[[-0.00519167 -0.00121201 -0.00524825]]
[[-0.01425459 -0.00495927 -0.00162697]]
[[-0.00964886 -0.00274347 -0.00470883]]
[[-0.00216866  0.00357479 -0.00199188]]
[[-0.00156195  0.00273363 -0.00041869]]
[[ 0.00363711  0.01166272  0.0067513 ]]
[[-0.00133179  0.00610629  0.00588407]]
[[ 0.00022671  0.01063917  0.00693654]]
[[-0.0046837   0.00332641  0.00373031]]
[[ -6.27707937e-03   6.54630836e-05   4.91203163e-03]]
[[-0.00634251 -0.00075776  0.00465188]]
[[-0.00423852  0.00037149 -0.00489202]]
[[ -2.74048849e-02  -2.38777204e-05  -3.63767036e-05]]
[[-0.01215115 -0.00181171 -0.00708335]]
[[ 0.00193993  0.00835366 -0.00611269]]
[[ 0.0152859   0.01658023  0.00736129]]
[[ 0.00687508  0.00951875  0.01378601]]
[[-0.0114213   0.00018953  0.00394491]]
[[-0.00469061  0.00530303  0.00123452]]
[[-0.00578112  0.0022994  -0.00135601]]
[[-0.00663524  0.00341467 -0.00698129]]
[[-0.00386223  0.0050558  -0.00241339]]
[[-0.00812821  0.00182517 -0.00418869]]
[[-0.00988292 -0.00437727 -0.01340055]]
[[-0.00501866  0.00157189 -0.007025  ]]
[[-0.00019064  0.00291534  0.00153997]]
[[-0.00766711 -0.00237269 -0.011006  ]]
[[-0.01310825 -0.00512672 -0.02301427]]
[[-0.00094181  0.0026853  -0.00714143]]
[[-0.00949603 -0.01093351 -0.00861338]]
[[ 0.00070118  0.00122651 -0.00714728]]
[[ 0.00231294  0.00164229 -0.00688547]]
[[-0.00231169 -0.00356806 -0.00252537]]
[[-0.02035228 -0.01591684 -0.00384001]]
[[ 0.00674437  0.0035009  -0.00256452]]
[[-0.00022852 -0.00301492 -0.00097389]]
[[ 0.00266933 -0.00104038  0.0058547 ]]
[[ 0.00227293  0.0029156   0.00619058]]
[[ 0.00525159  0.00249869  0.00582034]]
[[ 0.00349274  0.0060232   0.0043251 ]]
[[ 0.00576129  0.00521944  0.00249958]]
[[ 0.00421879  0.00684567  0.00034865]]
[[ 0.0060866   0.00212994  0.00331772]]
[[ 0.00590433 -0.00140822  0.00605003]]
[[ 0.00500224 -0.00264839  0.0076021 ]]
[[ 0.00515918 -0.00997688  0.00603495]]
[[ 0.00229917 -0.00530722  0.00482443]]
[[  1.13372874e-04   7.17287624e-05   4.47075299e-03]]
[[ 0.00020538  0.00373636  0.00374324]]
[[ 0.00073119  0.00622093  0.0026717 ]]
[[ 0.00120699  0.00672912  0.00029811]]
[[ 0.00636363 -0.00581339  0.00868469]]
[[ 0.00176061 -0.01854378  0.00311961]]
[[  5.22946973e-05  -6.56632047e-03   2.55100030e-03]]
[[ 0.00592031  0.00506079 -0.00258744]]
[[ 0.00616599  0.00355603 -0.00038069]]
[[ 0.00605315  0.00309065 -0.00466523]]
[[ 0.0035047   0.00465303 -0.00412815]]
[[ 0.00863784  0.00117211  0.00052949]]
[[ 0.00420434  0.00012111 -0.00725828]]
[[ 0.00307272  0.00097232 -0.00547593]]
[[ 0.0011247   0.00462055 -0.00235055]]
[[ 0.00147706 -0.00059529 -0.00710474]]
[[ 0.00571267 -0.00315564 -0.00943066]]
[[ 0.00070715  0.00089608 -0.00402819]]
[[ 0.00067198 -0.00412527 -0.00492812]]
[[ 0.00031286 -0.0007568  -0.00293696]]
[[ 0.00010894  0.00118367 -0.00261652]]
[[-0.00034226 -0.00176568 -0.0024757 ]]
[[-0.00076647 -0.0087435  -0.00401183]]
[[ -2.18349499e-04  -2.09508893e-05  -1.92482714e-03]]
[[-0.00032311 -0.00168451 -0.00170447]]
[[ 0.00034277 -0.00093632 -0.00207885]]
[[-0.00820084 -0.0095247  -0.0029406 ]]
[[-0.00284319 -0.00514832 -0.00300919]]
[[ 0.00133163  0.00518858 -0.0015912 ]]
[[ 0.00335753  0.00451462 -0.00088034]]
[[ 0.00718777  0.01211584  0.00491412]]
[[ 0.00601456  0.00512641  0.0048645 ]]
[[ 0.00583982  0.00745673  0.00542706]]
[[ 0.00537749 -0.00102759  0.00218501]]
[[ 0.00098842 -0.00562613  0.0018619 ]]
[[ 0.00033618 -0.00332153  0.00276572]]
[[-0.00034342 -0.00022025 -0.00078073]]
[[-0.02238112 -0.00331227 -0.00298538]]
[[-0.0062523  -0.0022218  -0.00525632]]
[[ 0.00187131  0.00974447 -0.00596081]]
[[ 0.01496936  0.01615355  0.00573158]]
[[ 0.0081069   0.00619025  0.01156475]]
[[-0.00498259 -0.00554284  0.00159003]]
[[ 0.00461369  0.00236069  0.00167263]]
[[ 0.0044955  -0.00482133 -0.0022849 ]]
[[ 0.00546844 -0.00203516 -0.00496559]]
[[ 0.00141365  0.00199795 -0.00219466]]
[[  4.03139436e-05  -4.38236376e-03  -4.47280042e-03]]
[[-0.00038715 -0.00887135 -0.01081979]]
[[  8.57175627e-05   1.18229493e-03  -4.73485759e-03]]
[[ 0.00128853 -0.00018359  0.00016878]]
[[-0.00023827 -0.00344168 -0.00741259]]
[[-0.00818135 -0.00761628 -0.01957467]]
[[-0.00115589  0.00234888 -0.00343732]]
[[-0.0074581  -0.01067926 -0.00593194]]
[[-0.00042809  0.00024022  0.00057921]]
[[  6.53606621e-05   6.13766488e-04  -5.65861998e-03]]
[[-0.0029301  -0.00332479  0.00170401]]
[[-0.02152553 -0.01313512 -0.00362608]]
[[ 0.00937621  0.00153048  0.00835611]]
[[-0.00415397 -0.00608234  0.00248243]]
[[  3.38993998e-03   2.55329728e-05   4.69046244e-03]]
[[ 0.00338614  0.00309765  0.00456871]]
[[ 0.00652068  0.00199109  0.0036359 ]]
[[ 0.00523512  0.00455409  0.00247111]]
[[ 0.00748655  0.00234202  0.00074527]]
[[ 0.00581385  0.00438698 -0.0004843 ]]
[[ 0.00628131 -0.00188072 -0.00069945]]
[[ 0.00473984 -0.00291972  0.00015887]]
[[ 0.00569987 -0.00226576  0.0021982 ]]
[[ 0.0029315  -0.00361159  0.00278799]]
[[ 0.0022581  -0.00322502  0.00357834]]
[[ 0.00112298  0.00069584  0.00383461]]
[[ 0.00129632  0.00366949  0.00299515]]
[[ 0.00255108  0.00500066  0.00193862]]
[[ 0.00319777  0.0049378  -0.00034221]]
[[ 0.00276054 -0.00292586 -0.00027653]]
[[ 0.0010971  -0.00331749  0.00134943]]
[[-0.00021743 -0.00354135  0.00235642]]
[[ 0.00701265  0.00204495 -0.00271117]]
[[ 0.00432249 -0.00227794 -0.00267996]]
[[ 0.00501736 -0.00177914 -0.00386598]]
[[ 0.0040442   0.00308711 -0.0034405 ]]
[[ 0.00228074 -0.00215453 -0.00235804]]
[[ 0.00113937 -0.00197469 -0.00467511]]
[[ 0.00323516  0.00025455 -0.00421806]]
[[ 0.00200392  0.00363416 -0.00261565]]
[[ 0.00025612 -0.00200559 -0.00374824]]
[[-0.0004142  -0.001355   -0.00335715]]
[[ 0.00060103  0.00150919 -0.00293084]]
[[-0.00108551 -0.0012977  -0.00169052]]
[[ 0.00026077  0.00111382 -0.0022725 ]]
[[-0.00021106  0.00195793 -0.00270348]]
[[ -2.90038262e-04  -7.87864100e-05  -4.73351495e-04]]
[[-0.00186022 -0.00078629 -0.0010183 ]]
[[-0.00092894  0.00203403 -0.0024047 ]]
[[ -9.29119854e-05   4.25982901e-04  -1.28628336e-05]]
