[[ 0.00016805  0.00290397 -0.00170759]]
[[-0.0003902   0.00209243 -0.00047605]]
[[-0.00021837  0.00214795 -0.00066656]]
[[ 0.00172582  0.00611782 -0.00168728]]
[[ 0.00218098  0.00639684 -0.00146873]]
[[ 0.00651894  0.01239058  0.00446593]]
[[ 0.00152115  0.00571779  0.00441397]]
[[ 0.00252435  0.00741624  0.00693928]]
[[-0.00061221  0.00421873  0.0019498 ]]
[[-0.0005689   0.00281596  0.00070869]]
[[  3.90131123e-05   3.85028889e-03   3.89245450e-04]]
[[ -2.05592298e-05   1.28124772e-03  -1.16800525e-03]]
[[-0.00076144  0.00154951 -0.00011048]]
[[-0.00052516  0.00170461 -0.00100193]]
[[ 0.00488031  0.00925387 -0.00553674]]
[[ 0.01682715  0.01596951  0.0065397 ]]
[[ 0.00685626  0.00611051  0.01343531]]
[[-0.00097222  0.00208778  0.00041704]]
[[-0.00136638  0.00322367  0.00434009]]
[[-0.00143636  0.00235301  0.00126699]]
[[-0.00194365  0.00280603  0.00096837]]
[[-0.00184434  0.00178428  0.00126512]]
[[-0.00150808  0.00189807  0.0003574 ]]
[[-0.00175192  0.00181545 -0.00032192]]
[[-0.00119375  0.00269842 -0.00129695]]
[[-0.00084802 -0.0002754   0.0026921 ]]
[[-0.00156237  0.00217751 -0.00143542]]
[[-0.00168749  0.0014471  -0.00062748]]
[[ 0.0007382   0.00255133 -0.00392688]]
[[-0.00042642  0.00238941 -0.00205183]]
[[ 0.00336997  0.00482035 -0.00425945]]
[[ 0.00201532  0.0010581  -0.00575595]]
[[ 0.00093434  0.00325225 -0.00178143]]
[[-0.00081333  0.00170931 -0.00127262]]
[[ 0.00811829  0.00574568 -0.00203143]]
[[ 0.00067039  0.00223915 -0.00135086]]
[[ 0.00349355 -0.00179305  0.00505357]]
[[ 0.00403314  0.00402516  0.00695282]]
[[ 0.00386631  0.00426982  0.00880545]]
[[ 0.00161537  0.00780925  0.0082539 ]]
[[-0.0018259   0.00569818  0.00462833]]
[[-0.00101929  0.00882697  0.00190476]]
[[-0.00496581 -0.00482166  0.00206371]]
[[-0.00239769 -0.0069647   0.00560211]]
[[-0.0010151  -0.00560111  0.01000437]]
[[ 0.00444165 -0.01057773  0.00850121]]
[[ 0.00259928 -0.00731895  0.00686831]]
[[ 0.00074785 -0.00166958  0.00297081]]
[[ 0.00307905  0.0041212   0.00369848]]
[[ 0.0014985   0.00733699  0.00555961]]
[[-0.00083619  0.00882111  0.00208443]]
[[-0.00103515 -0.00526979  0.0066342 ]]
[[ 0.01096837 -0.01091253  0.00967217]]
[[-0.00123793 -0.00936583  0.00670146]]
[[-0.00202573  0.005754   -0.00297441]]
[[-0.00348382 -0.00573929 -0.00289328]]
[[-0.00478314 -0.00376572 -0.00660302]]
[[-0.00174696  0.00772059 -0.00483215]]
[[-0.00048185 -0.0033482  -0.00109912]]
[[-0.00451742 -0.00458471 -0.01045495]]
[[-0.00350484  0.00276657 -0.00879796]]
[[-0.00103201  0.00789231 -0.00230958]]
[[-0.0054307  -0.00488466 -0.01302962]]
[[-0.00233934 -0.00103319 -0.0077507 ]]
[[-0.00170193  0.0051757  -0.00817455]]
[[ 0.00146535 -0.00790426 -0.01151644]]
[[-0.00068738  0.00246253 -0.00803912]]
[[ 0.0004752   0.00526665 -0.00452303]]
[[ 0.00021458 -0.00397    -0.00864191]]
[[ 0.01060176 -0.00397476 -0.01120194]]
[[ 0.00239641  0.00460875 -0.00486932]]
[[ 0.0049369  -0.00385819 -0.00462385]]
[[-0.00112034  0.00085099 -0.0019728 ]]
[[-0.00092799 -0.00113662 -0.00027414]]
[[-0.00115787 -0.0007151  -0.00028084]]
[[ 0.0016362   0.00535909 -0.00051688]]
[[  2.74257216e-03   2.73977661e-03   5.77902221e-05]]
[[ 0.0090446   0.0087481   0.00665166]]
[[ 0.00456935 -0.00078654  0.00506307]]
[[ 0.00735947  0.00156858  0.00682404]]
[[ 0.00071027 -0.00131389  0.00112768]]
[[-0.00032817 -0.00168007  0.00046173]]
[[  1.44966053e-04  -2.02100063e-05   6.28683577e-04]]
[[-0.00245415  0.00021828 -0.00176057]]
[[-0.00107329 -0.00157735 -0.00026898]]
[[-0.00124229 -0.00109395 -0.00022255]]
[[ 0.00350445  0.0118759  -0.00520877]]
[[ 0.01866536  0.0150351   0.01020187]]
[[ 0.0128326   0.00223492  0.01430299]]
[[-0.00083374 -0.00193509 -0.00020231]]
[[ 0.00306501 -0.00364007  0.00278034]]
[[-0.00042279 -0.00287385 -0.00012225]]
[[ 0.0002116  -0.00303397 -0.00081085]]
[[ 0.00384348 -0.0035969  -0.00057782]]
[[-0.00088268 -0.00272737 -0.00095407]]
[[-0.00022776 -0.00297342 -0.00244719]]
[[ 0.00347004 -0.00258804 -0.00448432]]
[[ 0.00621643 -0.00372506  0.00195227]]
[[ 0.00064388 -0.00251268 -0.00385696]]
[[-0.00080183 -0.002791   -0.00232103]]
[[ 0.00589855  0.00019142 -0.00718818]]
[[ 0.00092443 -0.00073618 -0.00444217]]
[[ 0.00663089  0.00351748 -0.00812061]]
[[ 0.00814251  0.00126748 -0.00923271]]
[[ 0.00248382  0.00106644 -0.00432838]]
[[ -8.82869139e-05  -1.27175763e-03  -2.90777449e-03]]
[[ 0.01104292  0.00756543 -0.00476476]]
[[ 0.00157347  0.0008547  -0.0037082 ]]
[[ 0.00013751 -0.00140962  0.00474032]]
[[-0.00109848  0.00200664  0.00680356]]
[[ 0.00280618  0.00128099  0.00792486]]
[[  2.29499858e-05   5.31644655e-03   6.23341383e-03]]
[[  1.67375342e-05   1.65061950e-03   2.59709710e-03]]
[[-0.00114253  0.00598617 -0.00049116]]
[[-0.0011846  -0.00832309 -0.00042451]]
[[ 0.00079029 -0.01030751  0.00215004]]
[[ 0.0002939  -0.00624613  0.0060987 ]]
[[ 0.00153184 -0.00722485  0.0057794 ]]
[[ 0.00063419 -0.00502182  0.00511231]]
[[-0.00337843 -0.00116527  0.00120379]]
[[-0.01121971  0.00017286  0.00243263]]
[[-0.0041934   0.00908791  0.00304485]]
[[-0.00524975  0.00978766  0.00038643]]
[[ 0.00204606 -0.00984542  0.0008587 ]]
[[ 0.0007215  -0.00697711  0.00293936]]
[[-0.0011817  -0.00595393  0.00306496]]
[[ 0.00020686  0.00170513 -0.00554312]]
[[ 0.00068133 -0.01064504 -0.00485363]]
[[-0.00101865 -0.00761506 -0.0076611 ]]
[[-0.00251015  0.00478492 -0.00923445]]
[[ 0.00208283 -0.01012816 -0.00363575]]
[[-0.00142924 -0.00924248 -0.01024849]]
[[-0.00403971  0.00236593 -0.01392324]]
[[-0.00646173  0.00753662 -0.00906114]]
[[-0.00550286 -0.00607632 -0.01152913]]
[[  1.97480575e-05  -8.29665981e-03  -6.83906468e-03]]
[[-0.00784441  0.00994314 -0.01402328]]
[[-0.00335409 -0.00522513 -0.01037057]]
[[-0.00473211  0.00815072 -0.0136727 ]]
[[-0.01387676  0.014432   -0.01540655]]
[[-0.0046609   0.00040733 -0.00984467]]
[[-0.0015909  -0.00491576 -0.00602614]]
[[-0.00210919  0.01339053 -0.01344432]]
[[-0.00119834  0.00053799 -0.00749414]]
[[-0.00079265  0.00569135  0.00475327]]
[[ 0.00079853  0.00326431  0.00037326]]
[[ 0.00078601  0.0040901   0.00085766]]
[[ 0.00034325  0.00668666 -0.00022141]]
[[ 0.00273445  0.00705253 -0.0008814 ]]
[[ 0.00738424  0.01256152  0.00437761]]
[[ 0.00314872  0.00587626  0.0043155 ]]
[[ 0.0045756   0.00736434  0.00709035]]
[[ 0.00111318  0.00451831  0.00205434]]
[[ 0.00087703  0.00353141  0.00085411]]
[[ 0.00106906  0.00458096  0.00065566]]
[[-0.00030094  0.00997533  0.01307905]]
[[ 0.00076625  0.00260211  0.00038554]]
[[ 0.0007727   0.00228572  0.00155145]]
[[ 0.00247345  0.01085423 -0.00467661]]
[[ 0.01752609  0.01595427  0.00639549]]
[[ 0.00925352  0.00571294  0.01333019]]
[[ 0.00059844  0.0028688   0.0006092 ]]
[[ 0.00086344  0.00301061  0.00496597]]
[[ 0.00045934  0.00276245  0.00171023]]
[[ 0.00020054  0.00282986  0.00179924]]
[[ 0.00056798  0.00155171  0.0026457 ]]
[[ 0.00039968  0.00240785  0.00090571]]
[[  8.20418797e-05   1.86378237e-03   9.77827899e-04]]
[[ 0.00069995  0.0021723   0.00065001]]
[[ 0.00221302 -0.00089835  0.00392274]]
[[ 0.00015877  0.00193974  0.0003165 ]]
[[ 0.00013783  0.00168303  0.00054223]]
[[ 0.00231185  0.00209595 -0.00138192]]
[[ 0.00068898  0.00206776 -0.00012439]]
[[ 0.0039986   0.00400263 -0.00153236]]
[[ 0.00424382  0.00026259 -0.00327476]]
[[ 0.001646    0.0028154   0.00043249]]
[[ 0.0004254  0.0016576  0.0002164]]
[[ 0.00817254  0.0045689   0.00050458]]
[[ 0.00108443  0.00183791  0.0008215 ]]
[[ 0.00233003 -0.00222672  0.0085947 ]]
[[ 0.00264323  0.00056907  0.00674013]]
[[ 0.00533068  0.00065576  0.00533488]]
[[ 0.00398995  0.0032575   0.00379376]]
[[ 0.0061332   0.00133048  0.00222928]]
[[ 0.00461974  0.00337307  0.0010557 ]]
[[ 0.00494406 -0.00269881  0.00091077]]
[[ 0.00330505 -0.00343459  0.00195131]]
[[ 0.0043962  -0.00334085  0.00443494]]
[[ 0.00157122 -0.00391353  0.00603474]]
[[ 0.00155901 -0.00550363  0.00889935]]
[[-0.00089373 -0.00467941  0.00964996]]
[[ 0.00068273  0.00112713  0.00366677]]
[[ 0.00123182  0.00357503  0.00261192]]
[[ 0.00179287  0.00376807  0.00081633]]
[[ 0.00135177 -0.00306376  0.00113612]]
[[ -7.14053883e-06  -2.83611927e-03   3.84669810e-03]]
[[-0.00167536 -0.00676382  0.01122832]]
[[ 0.00608823  0.00104401 -0.00101921]]
[[ 0.00316764 -0.00279698 -0.00118629]]
[[ 0.00416896 -0.00257639 -0.00247838]]
[[ 0.00361636  0.0018391  -0.00192092]]
[[ 0.00118397 -0.00242293 -0.00124848]]
[[ 0.00049948 -0.00257508 -0.00359301]]
[[ 0.00291957 -0.00103004 -0.00293354]]
[[ 0.0015731   0.00227483 -0.00109454]]
[[-0.00014973 -0.00300519 -0.0029714 ]]
[[-0.00103983 -0.00174316 -0.00260299]]
[[ 0.00068323 -0.00038548 -0.0017833 ]]
[[-0.0016246  -0.00223388 -0.00119716]]
[[ 0.0001893  -0.00114735 -0.00087999]]
[[  3.64999765e-04   1.60799198e-05  -1.26677632e-03]]
[[-0.00072529 -0.00167094 -0.00011335]]
[[-0.00240242 -0.00140299 -0.00078495]]
[[ -9.10844056e-05  -5.09630891e-04  -3.60211782e-04]]
[[-0.00079488 -0.00095197  0.0001523 ]]
[[ 0.000789    0.00349065  0.00337313]]
[[ 0.00251062 -0.00429078  0.00119011]]
[[ 0.00254576 -0.00255759  0.00326239]]
[[ 0.00234787  0.01038433 -0.00012661]]
[[ 0.00560979  0.00788732  0.00153259]]
[[ 0.00920327  0.01694425  0.01005471]]
[[ 0.00469036  0.0071026   0.00905979]]
[[ 0.00591411  0.01266985  0.01007773]]
[[ 0.00290992  0.0011579   0.00460806]]
[[ 0.00234201 -0.00285376  0.00287447]]
[[ 0.00551306  0.00060694  0.00366823]]
[[-0.00339646  0.00691024  0.01138053]]
[[-0.00078578 -0.00630693  0.00147526]]
[[-0.00066772 -0.0040895   0.00393821]]
[[ 0.00166228  0.01923872 -0.00749652]]
[[ 0.01713435  0.02366626  0.0121822 ]]
[[ 0.01101059  0.01301623  0.0167974 ]]
[[-0.00054652 -0.00434429  0.0004651 ]]
[[ 0.00235335  0.00631351  0.00367966]]
[[ -1.88685583e-05  -3.63539120e-03  -1.89196449e-04]]
[[ 0.00104208  0.00067256 -0.00276888]]
[[ 0.00238223  0.0081709  -0.00202058]]
[[-0.00213454 -0.00544427 -0.00312217]]
[[ 0.00097762 -0.00419514 -0.0088741 ]]
[[ 0.00202143  0.00684522 -0.00834465]]
[[ 0.00420417  0.0071874   0.00187418]]
[[ 0.00280019  0.0009857  -0.00987188]]
[[ -3.73258974e-05  -7.83218432e-03  -1.00918300e-02]]
[[ 0.00313904  0.00892893 -0.01042368]]
[[ 0.00301723 -0.0015842  -0.01016248]]
[[ 0.00480038  0.0092285  -0.0110012 ]]
[[ 0.00475436  0.00840563 -0.0102126 ]]
[[ 0.00390397  0.00442459 -0.0072221 ]]
[[ 0.00218435 -0.0065504  -0.0063338 ]]
[[ 0.00921801  0.01095337 -0.00832989]]
[[ 0.00342423  0.0035609  -0.00557387]]
[[ 0.00135265 -0.00154194  0.00713321]]
[[-0.00365882  0.00175338  0.00718928]]
[[ 0.00439749 -0.00079242  0.00708552]]
[[-0.00046233  0.00594526  0.00425209]]
[[ 0.00598841  0.00325732  0.00217001]]
[[ 0.00083753  0.00753023 -0.00132908]]
[[ 0.01041605 -0.00105517  0.00432847]]
[[ 0.0111689  -0.00559869  0.00854874]]
[[ 0.00955304 -0.00702918  0.01057812]]
[[ 0.01447372 -0.01775312  0.0072937 ]]
[[ 0.00815204 -0.00641303  0.00336084]]
[[-0.0035888  -0.00118705  0.0069307 ]]
[[-0.01769817  0.00097286  0.00210658]]
[[-0.00939267  0.01040863  0.00017666]]
[[-0.00858309  0.01133935 -0.00156544]]
[[ 0.01370484 -0.00903559  0.01295534]]
[[ 0.02089193 -0.02703224  0.00766959]]
[[ 0.00798474 -0.00556594  0.00112465]]
[[ 0.00601059  0.00363123 -0.00548881]]
[[ 0.01176453  0.00011189 -0.00031716]]
[[ 0.0103906   0.00068634 -0.00605172]]
[[-0.00018282  0.00462811 -0.01007104]]
[[ 0.01776435 -0.00114265  0.00210549]]
[[ 0.00947019 -0.00154629 -0.01009579]]
[[ 0.00208946  0.00090829 -0.01262412]]
[[-0.00965171  0.00708786 -0.01008447]]
[[ 0.00610725 -0.00202321 -0.01192882]]
[[ 0.01353397 -0.00272376 -0.01000417]]
[[-0.00708607  0.00592144 -0.01072731]]
[[ 0.00945308 -0.00961721 -0.00771932]]
[[ -3.85838812e-03   4.07930979e-05  -6.40009953e-03]]
[[-0.01824766  0.01072187 -0.01367926]]
[[ 0.00270354 -0.00376706 -0.00246537]]
[[ 0.01757627 -0.01217268 -0.00871203]]
[[-0.00885401  0.00290794 -0.00453289]]
[[-0.00319161 -0.0091393  -0.00354443]]
[[-0.00273294  0.00065273 -0.00151357]]
[[ -1.75890708e-03   6.09726689e-05  -4.76199306e-04]]
[[-0.00221927 -0.00035648 -0.00026661]]
[[-0.00177143  0.00349357 -0.00214782]]
[[-0.00029427  0.00414565 -0.00213995]]
[[ 0.00378629  0.00966258  0.00302852]]
[[-0.00011589  0.00352128  0.00323176]]
[[ 0.00084008  0.0049089   0.00571475]]
[[-0.00154035  0.00198385  0.00122533]]
[[-0.00157772  0.00076896  0.00013893]]
[[-0.00154569  0.00158051 -0.00014245]]
[[ -3.63183318e-03  -9.02262515e-05  -7.04708298e-04]]
[[-0.00167337 -0.00037172 -0.0001559 ]]
[[-0.00200478 -0.00060404  0.00028735]]
[[  6.01347543e-05   7.22011037e-03  -6.17585973e-03]]
[[ 0.0129638   0.01340765  0.00462496]]
[[ 0.00469227  0.00372412  0.01152194]]
[[ -1.63732208e-03   1.32809529e-04   3.52653636e-05]]
[[-0.00244892  0.00093867  0.00390816]]
[[-0.00211687  0.00019244  0.00084644]]
[[-0.00261414  0.00048356  0.00104022]]
[[-0.00289902 -0.00029091  0.00208225]]
[[ -1.96022301e-03  -1.30213991e-04   6.89857356e-05]]
[[-0.00286722 -0.00080933  0.00021318]]
[[-0.00298079 -0.00027613  0.00070971]]
[[-0.00150332 -0.00210942  0.0029651 ]]
[[ -3.16080660e-03  -8.11557340e-04  -8.15800052e-05]]
[[-0.00255675 -0.00085106 -0.00060459]]
[[ -1.29479748e-03   8.35859310e-05   1.57117002e-04]]
[[-0.00369486 -0.00223219 -0.00040236]]
[[ 0.00029621 -0.00080293  0.00161642]]
[[ 0.00016391 -0.00064311 -0.00260478]]
[[-0.00261571 -0.00251294  0.00117502]]
[[-0.00357049 -0.00181064 -0.00169705]]
[[ 0.00904735  0.00054664  0.00604704]]
[[-0.00398358 -0.00431608  0.00053699]]
[[ 0.00235177 -0.00074466  0.00508736]]
[[ 0.00238088  0.00229153  0.00501811]]
[[ 0.00514832  0.00123638  0.00426925]]
[[ 0.00366375  0.00390829  0.00340204]]
[[ 0.00573336  0.00161535  0.00226723]]
[[ 0.0040394   0.00393332  0.00154793]]
[[ 0.00448414 -0.00250289  0.00105294]]
[[ 0.00313216 -0.00355626  0.00140325]]
[[ 0.00417544 -0.00290324  0.00308519]]
[[ 0.00160432 -0.00420216  0.0033887 ]]
[[ 0.00107579 -0.00388997  0.00406244]]
[[  7.80986200e-05  -1.88355041e-05   4.13562155e-03]]
[[ 0.00035287  0.00287864  0.00320556]]
[[ 0.00096919  0.004331    0.00239966]]
[[ 0.00129571  0.00450351  0.0011098 ]]
[[ 0.00117202 -0.00345102  0.00074901]]
[[-0.00029124 -0.00383091  0.00180456]]
[[-0.00144354 -0.00425712  0.00269717]]
[[ 0.00540624  0.00149362 -0.00012984]]
[[ 0.00268109 -0.00286114 -0.00049572]]
[[ 0.00336288 -0.00230607 -0.0011914 ]]
[[ 0.00272188  0.00284127 -0.00075563]]
[[ 0.00071763 -0.00264366 -0.00052526]]
[[-0.0003486  -0.00240864 -0.00176298]]
[[ 0.00183877  0.00042461 -0.00157409]]
[[ 0.00076716  0.00350198 -0.00050689]]
[[-0.00140872 -0.00210663 -0.00036713]]
[[-0.00188825 -0.001759   -0.00081795]]
[[-0.000891    0.00200256 -0.00117686]]
[[-0.00261605 -0.00136713  0.00208331]]
[[-0.00279421  0.00398163 -0.00252274]]
[[-0.00132397  0.00236533 -0.00172612]]
[[-0.00239361  0.00154467  0.00286044]]
[[-0.00370644 -0.00119049  0.00189978]]
[[-0.00546945  0.00678397 -0.00762693]]
[[-0.00699134 -0.00220219 -0.00160416]]
[[ -4.64617902e-03   9.82850509e-05  -7.36657101e-03]]
[[-0.01388454 -0.00443794 -0.00349878]]
[[-0.0092397  -0.00143975 -0.00708538]]
[[-0.00126041  0.00476903 -0.00345693]]
[[-0.00080808  0.00336839 -0.00173463]]
[[ 0.00445731  0.01219188  0.00578249]]
[[-0.00058797  0.00639636  0.00503963]]
[[ 0.00098698  0.01087026  0.00635415]]
[[-0.00395778  0.00362982  0.00288076]]
[[-0.00566502  0.00041373  0.00381748]]
[[-0.00566419 -0.00016324  0.00326315]]
[[-0.00393088  0.0021342  -0.0071    ]]
[[-0.02723247  0.00029216 -0.00146894]]
[[-0.01254296 -0.00024662 -0.00999605]]
[[ 0.00283955  0.00932633 -0.00700869]]
[[ 0.01610972  0.01700189  0.0066755 ]]
[[ 0.00765429  0.00966639  0.01335512]]
[[-0.01089688  0.00045902  0.00306167]]
[[-0.00397211  0.00541367  0.0007295 ]]
[[-0.00512975  0.00251757 -0.00200365]]
[[-0.00591058  0.00358562 -0.00748433]]
[[-0.00315102  0.00513135 -0.00274346]]
[[-0.00751271  0.00200855 -0.00468642]]
[[-0.00923455 -0.00422878 -0.01375599]]
[[-0.00434585  0.00158673 -0.00726788]]
[[ 0.00054443  0.00290824  0.00130381]]
[[-0.00699318 -0.00228267 -0.01125648]]
[[-0.01247019 -0.0049961  -0.02326668]]
[[-0.00030797  0.00265798 -0.00726617]]
[[-0.00888652 -0.01084018 -0.0087466 ]]
[[ 0.0012879   0.00119006 -0.00720645]]
[[ 0.00298036  0.00153736 -0.00695865]]
[[-0.00174192 -0.00354351 -0.00258727]]
[[-0.01973676 -0.01581902 -0.00392343]]
[[ 0.00734837  0.00339895 -0.00258406]]
[[ 0.00030657 -0.00307476 -0.00097616]]
[[ 0.00359794 -0.00076196  0.00490782]]
[[ 0.00306751  0.00307258  0.00536227]]
[[ 0.00619462  0.00240757  0.0050579 ]]
[[ 0.00429351  0.00584783  0.00369495]]
[[ 0.00667023  0.00488137  0.00196925]]
[[  4.98312281e-03   6.47512940e-03  -6.80813425e-05]]
[[ 0.00722599  0.00177553  0.00271779]]
[[ 0.00720069 -0.00184196  0.00529989]]
[[ 0.00620647 -0.00272997  0.00665364]]
[[ 0.00650117 -0.01005045  0.00495386]]
[[ 0.00348214 -0.00491303  0.00352846]]
[[ 0.00102771  0.00047658  0.00354096]]
[[ 0.00084983  0.00382676  0.0031956 ]]
[[ 0.00140085  0.0060305   0.00221369]]
[[  1.86691302e-03   6.36304899e-03  -2.23841817e-05]]
[[ 0.00803425 -0.00625911  0.00810794]]
[[ 0.00346748 -0.01860466  0.0022119 ]]
[[ 0.00141575 -0.00580731  0.00128369]]
[[ 0.00675189  0.00458011 -0.00288742]]
[[ 0.0074097   0.00289827 -0.00080602]]
[[ 0.00709761  0.00255742 -0.00494457]]
[[ 0.00419291  0.00416624 -0.00433039]]
[[ 0.01023422  0.00051279  0.00028354]]
[[ 0.00532834 -0.00065217 -0.00739653]]
[[ 0.00380336  0.00042341 -0.00557711]]
[[ 0.00173734  0.00414487 -0.00251782]]
[[ 0.00238826 -0.00121412 -0.00712098]]
[[ 0.00715643 -0.00391339 -0.00941724]]
[[ 0.00129408  0.00036328 -0.00405095]]
[[ 0.00160653 -0.00492177 -0.00482039]]
[[ 0.00089659 -0.00131846 -0.00284628]]
[[ 0.00064827  0.00066889 -0.00265286]]
[[ 0.00037776 -0.00238316 -0.00228399]]
[[ 0.00046411 -0.0095294  -0.00379517]]
[[ 0.00024084 -0.00046908 -0.00172166]]
[[ 0.00041524 -0.00219203 -0.0014754 ]]
[[ 0.00281697  0.00041367 -0.00384988]]
[[-0.00632911 -0.00841015 -0.00397424]]
[[-0.00077167 -0.00398218 -0.00430413]]
[[ 0.00457986  0.00735725 -0.00273573]]
[[ 0.00629121  0.00625644 -0.00187252]]
[[ 0.01065378  0.0143997   0.00477049]]
[[ 0.00896811  0.00679248  0.00483323]]
[[ 0.00924295  0.00954781  0.00626534]]
[[ 0.00762393  0.00058557  0.00217189]]
[[ 0.00295963 -0.00418879  0.00141705]]
[[ 0.00256986 -0.00182433  0.00206846]]
[[ 0.0019915   0.00046054 -0.00263148]]
[[-0.02078883 -0.00239098 -0.00357936]]
[[-0.00423616 -0.0013733  -0.00675992]]
[[ 0.00606896  0.01184148 -0.00687488]]
[[ 0.01940886  0.01833315  0.00600111]]
[[ 0.01237151  0.00802617  0.01282063]]
[[-0.00330064 -0.00425689  0.00136651]]
[[ 0.00730052  0.00379605  0.00249711]]
[[ 0.00642458 -0.00329462 -0.00209014]]
[[ 0.00759704 -0.00049465 -0.0044847 ]]
[[ 0.00422108  0.00349746 -0.00111257]]
[[ 0.00172343 -0.00294545 -0.00422628]]
[[ 0.00140949 -0.00745371 -0.01023382]]
[[ 0.00249722  0.00250879 -0.00372242]]
[[ 0.00445357  0.0010151   0.00153981]]
[[ 0.00167612 -0.00204536 -0.00663431]]
[[-0.00659467 -0.00623925 -0.01902042]]
[[ 0.00158435  0.00398387 -0.00205777]]
[[-0.00587035 -0.00939169 -0.00511759]]
[[ 0.00178227  0.00151879  0.00197767]]
[[ 0.0037254   0.00217412 -0.00445214]]
[[-0.00126798 -0.00203176  0.00294996]]
[[-0.02010337 -0.01187053 -0.00291483]]
[[ 0.01193407  0.00246674  0.00983504]]
[[-0.00297083 -0.00529812  0.003835  ]]
[[ 0.00397844  0.0001504   0.00443203]]
[[ 0.00386511  0.00330791  0.00432483]]
[[ 0.00703573  0.00214676  0.00337949]]
[[ 0.00563813  0.00477219  0.00222233]]
[[ 0.0079267   0.00250392  0.0004799 ]]
[[ 0.00614795  0.00458871 -0.00073899]]
[[ 0.00673402 -0.0018393  -0.00096653]]
[[ 0.00520899 -0.00297404 -0.00011291]]
[[ 0.00622148 -0.0022405   0.00194233]]
[[ 0.00347023 -0.0036943   0.00253262]]
[[ 0.00282263 -0.00321698  0.00334201]]
[[ 0.00177545  0.00084564  0.00358423]]
[[ 0.0017481   0.00390143  0.00279164]]
[[ 0.00290426  0.00522962  0.00172512]]
[[ 0.00348087  0.00514564 -0.00055249]]
[[ 0.00318401 -0.00304604 -0.00048793]]
[[ 0.00159136 -0.00346738  0.00116118]]
[[ 0.00035451 -0.00352339  0.00216968]]
[[ 0.00738294  0.00219526 -0.00297151]]
[[ 0.00471912 -0.00231929 -0.0029535 ]]
[[ 0.00539891 -0.00173942 -0.00412423]]
[[ 0.00432911  0.00327538 -0.00368855]]
[[ 0.00263456 -0.00225095 -0.0025751 ]]
[[ 0.00147078 -0.00200402 -0.00493609]]
[[ 0.00355701  0.00039166 -0.00449169]]
[[ 0.00223252  0.00382221 -0.00281517]]
[[ 0.00057609 -0.00196381 -0.00401045]]
[[-0.00012386 -0.0014294  -0.00356853]]
[[ 0.00082245  0.00164578 -0.00319958]]
[[-0.00083141 -0.00129645 -0.0019521 ]]
[[ 0.00046701  0.00120668 -0.00254798]]
[[ -2.64123772e-05   2.09805651e-03  -2.90013067e-03]]
[[ -7.20693782e-05  -3.67563415e-05  -7.33307881e-04]]
[[-0.00163283 -0.00082923 -0.00121886]]
[[-0.00076451  0.00216237 -0.00264903]]
[[ 0.00010918  0.00042824 -0.00026176]]
