[[ 3.90381402  0.19935894 -3.60691444]]
[[ 1.96182692 -0.50784724  8.6358736 ]]
[[ 1.21505587 -2.15389784  1.70605637]]
[[-0.73585456  1.13588874 -3.08443696]]
[[ 4.07595059 -6.00251768  1.77114907]]
[[-1.82286047  2.21009317 -4.98990976]]
[[ 3.322798    0.14333428 -1.72478001]]
[[ 3.25518058  2.01543041 -4.01206794]]
[[ 4.11182724 -6.51008745  1.63153705]]
[[-2.0735658   2.29838744 -5.02038149]]
[[-2.23470387 -5.89371137  3.93062967]]
[[-2.44760593  2.94266418 -1.38585291]]
[[ 4.44759499  6.43807643  0.35676747]]
[[ 6.93495087 -0.42023605  0.47730349]]
[[ 11.60772311  14.00489226   1.96584667]]
[[ 15.41576268  -1.97109804   2.45177026]]
[[ 0.40731177  2.96157775 -0.36049358]]
[[ 1.70847525  2.67871225  2.06635972]]
[[ 11.86525592  14.25606456   2.09515421]]
[[ 15.68753612  -1.96423054   2.4136184 ]]
[[ 0.20630262 -0.16008752  0.1688722 ]]
[[ 0.0038344  -0.20829533  0.51315466]]
[[ 2.18642818  7.38768095 -0.57325361]]
[[ 3.8168606   5.23599716  3.83470643]]
[[-1.004949    0.37298787 -1.87007036]]
[[ 1.742292    6.43983727 -3.65143667]]
[[ 2.23229087  7.9149177  -0.32319247]]
[[ 3.97575548  5.44491129  4.27972992]]
[[ 0.02119612 -0.80098945  0.14301943]]
[[-0.52695915 -0.09324512  0.22003592]]
[[-13.81538624 -11.48576538  -2.73094217]]
[[-11.86167663   3.26542749  -2.09066384]]
[[-2.69540282  8.31674677 -4.34343479]]
[[ 2.09716953  6.10980602  3.80903941]]
[[-14.68139373 -12.40842391  -3.03975728]]
[[-12.6995514    3.45848211  -2.17390761]]
[[-12.71869268  -8.82241953  -3.07330173]]
[[-9.85470953  3.43238452 -2.94926703]]
[[-0.50577783 -1.1735999   0.27952798]]
[[-1.29832835  0.44625776 -0.07140633]]
[[-0.64859591 -5.06092709 -0.57485353]]
[[-4.51593786  0.21729245  0.63670558]]
[[ 3.1118946  -3.11249935 -0.14866278]]
[[ 4.17137883  1.97288705 -0.86602128]]
[[-0.57509052 -5.14053949 -1.28687976]]
[[-4.54617259  0.13675043  0.91515421]]
[[-0.18534518 -0.90315656 -0.10368724]]
[[-0.6651426  -0.05795064 -0.11003961]]
[[ 8.92008089 -7.33526853 -1.63478377]]
[[ 9.67250075  2.98750874 -1.86031629]]
[[-2.00919161  1.3377153   0.53955885]]
[[ 1.15916299  4.02798597  1.23608614]]
[[ 9.09590152 -7.45442529 -2.2689904 ]]
[[ 9.86379591  3.06155092 -1.56817483]]
[[ 0.03564746 -0.72396527 -0.62584711]]
[[-0.43097078 -0.18481212  0.30205117]]
[[ 0.03502522 -0.30027562 -0.19062207]]
[[-0.17473154 -0.07318823  0.07624084]]
[[ 0.27672067 -0.08263971 -0.4814055 ]]
[[ 0.00380515 -0.19442186 -0.06033263]]
[[-4.63643311  0.50027091  2.25551288]]
[[ 0.36271329  6.41511797  1.51523535]]
[[-5.76593541  4.83773114  7.39565556]]
[[-1.13725906  9.37764888  1.87615604]]
[[-4.78737038  0.49402875  2.29847431]]
[[ 0.43771635  6.69305011  1.5171416 ]]
[[ 0.14247577  0.36172261 -0.280253  ]]
[[-0.1144922  -0.18949601  0.36700783]]
[[ 0.0428439  -0.29420575 -0.14143882]]
[[-0.16621698 -0.07983244  0.13366051]]
[[ 0.31706053 -0.41547326 -0.69344784]]
[[-0.08902718 -0.23025446  0.46952067]]
[[-11.47949681   8.44723049   2.6951432 ]]
[[-7.40151119  1.15175845  1.17827161]]
[[-3.4558769   4.99302912  0.22310211]]
[[ 0.63395432  7.38182009  1.36708909]]
[[-12.143586     9.11136822   3.94617625]]
[[-7.78303697  1.29016026  1.06972313]]
[[ 0.13188234 -0.44319107 -0.05948148]]
[[-0.21626953 -0.15109555  0.28702363]]
[[ 2.01558908  0.39912111 -3.2027481 ]]
[[-0.44874427 -0.36405935  2.19414785]]
[[-10.92102269   7.4008187    3.72407007]]
[[-6.47434661  1.92937288  1.14762118]]
[[ 1.8656931   0.47936055 -2.25054763]]
[[-0.57861756 -0.27108659  1.87594345]]
[[ 1.06160747  1.53967127 -1.51410569]]
[[-0.03116643  0.06745718  1.14373242]]
[[ 0.78861485  1.00230473 -0.29597956]]
[[ 0.64157684  1.29468375  0.49513842]]
[[ 1.03380913  1.1331228  -0.25356577]]
[[ 0.81777476  1.58521998  0.74328671]]
[[-0.28431371  1.27111832 -0.40373348]]
[[-0.18172941 -0.33583552  0.51430005]]
[[ 0.87303969  0.93958036 -0.37951452]]
[[ 0.67250715  1.33182465  0.35337897]]
[[ 0.02242213 -0.07211787  0.09736037]]
[[ 0.09818194 -0.09277527  0.03792789]]
[[ 0.35411739  4.53528906 -0.41525239]]
[[ 0.34163052  0.79566218  0.72634628]]
[[ 0.54410211  0.36598608 -1.30408237]]
[[-1.01842711  4.41186653  1.76679564]]
[[ 0.46368157  4.56276655 -0.42596112]]
[[ 0.43739477  0.83521777  0.52674357]]
[[-0.35394805 -0.4778867  -0.09349297]]
[[-0.27567003 -0.58162794 -0.12921945]]
[[-0.09449039 -0.19849466  0.08902244]]
[[-0.07718643 -0.23059504 -0.06562336]]
[[ 0.00863303  0.60389456 -0.1216658 ]]
[[-0.05405864  0.2790674   0.0993158 ]]
[[ 1.95295227 -1.49786353 -4.26997104]]
[[-2.23254983  7.27325843  4.32406525]]
[[-1.95937992  3.95721697 -2.45294514]]
[[-0.60917264  4.78808507 -0.41029703]]
[[ 1.97019007 -1.55103098 -4.55701085]]
[[-2.26781229  7.42317759  4.43918721]]
[[ 0.22442355  0.42491274  0.04148108]]
[[ 0.16638127  0.26905472  0.06561661]]
[[-0.15139689 -0.2643127   0.002449  ]]
[[-0.13032434 -0.29854039 -0.09140163]]
[[-0.04962677 -0.10256258  0.01476649]]
[[-0.04946987 -0.11051576 -0.05438843]]
[[ 0.05739342  0.17705277  0.05073579]]
[[ 0.0315801   0.21920306 -0.0794545 ]]
[[ 0.099555   -0.43104391 -0.31857886]]
[[-0.1135556  -0.48203155  0.05939759]]
[[-4.93367246  6.04993619 -4.84237399]]
[[-3.87751429  6.36535549 -0.49609745]]
[[-2.42535997  7.29978885  0.74792309]]
[[-2.64155557  8.49303069  1.3961699 ]]
[[-5.05565514  6.29283077 -5.45769968]]
[[-3.96477197  6.64676604 -0.09316581]]
[[-0.03571367 -0.43038583 -0.17775469]]
[[ 0.01587959 -0.45065316 -0.04634836]]
[[ 0.06917208  0.16786041  0.06599957]]
[[ 0.04387822  0.2340605  -0.0614436 ]]
[[-0.05605246 -0.10678952  0.0251028 ]]
[[-0.05601212 -0.11116961 -0.00354208]]
[[-0.09497622 -0.22471272  0.00894707]]
[[-0.10527144 -0.24136074 -0.1683557 ]]
[[ 0.21821152  0.15299214  0.26742736]]
[[ 0.1831986   0.44635732 -0.2608789 ]]
[[-2.34953705  6.97922774  4.22310238]]
[[ 1.79748162 -0.96949316 -3.45456345]]
[[-0.80155035  7.8145195   1.15051448]]
[[-1.80360862  7.39852396 -4.83351149]]
[[-2.53915314  7.42993676  4.5156003 ]]
[[ 1.9618094  -0.86004806 -3.55571438]]
[[ 0.02569738  0.15339367  0.30858697]]
[[-0.02568328  0.64296115 -0.35241566]]
[[-0.0667073  -0.18105579  0.08764907]]
[[-0.07934321 -0.18176181  0.0380361 ]]
[[-0.18053289 -0.43798339  0.00497817]]
[[-0.24859089 -0.39292021 -0.37339154]]
[[ 0.70382017 -0.43080459  1.59845117]]
[[-0.06135464  4.78387911 -1.92978716]]
[[-2.46417795  7.66638739  4.57447071]]
[[ 1.46017677  0.65211575 -3.03708281]]
[[ 0.5032575  -0.45321437  1.85560128]]
[[-0.29482919  5.09976552 -2.02547462]]
[[ 0.13871587 -0.00649986  0.16427193]]
[[ 0.06137025  0.00851375  0.18936671]]
[[ 0.68565708  1.37941966 -0.30723871]]
[[ 0.92349501  1.04246303  0.15701293]]
[[ 0.05218164 -0.89183242  1.1714651 ]]
[[-0.55216576  3.21445735 -1.32037991]]
[[ 0.97936592  1.83986546  0.06787379]]
[[ 1.23101932  1.43885473  0.5715701 ]]
[[ 0.95347662  1.95867014 -0.20022156]]
[[ 1.24306901  1.60367539  0.48118907]]
[[ 0.01314609  0.32175725 -0.00741595]]
[[ 0.44060339  0.78556409 -0.21817387]]
[[-1.08925753  0.14786967  0.70887241]]
[[ 1.73693381 -1.34271795 -1.17054019]]
[[-2.90193489  0.54181006  0.89991668]]
[[-6.39201128  3.09730547  0.59019979]]
[[-1.08536925  0.09014647  1.02527903]]
[[ 1.84998616 -1.47119753 -1.9170301 ]]
[[-0.27458817 -0.1248677   0.16838873]]
[[ 0.04915194 -0.64722944  0.03534484]]
[[-7.02350773 -0.26625679  3.80994051]]
[[-13.87412265   8.80699245  -0.88983156]]
[[ 0.27483336  4.42887799  0.15360013]]
[[-1.94388634  3.06945594  1.5530529 ]]
[[-7.14431142 -0.27051659  3.84741052]]
[[-14.11489157   8.95766765  -1.51813213]]
[[-0.14538688 -0.21440234  0.4672002 ]]
[[ 0.24580832 -0.61447062 -0.46807859]]
[[-0.19102649 -0.08742808  0.14757114]]
[[-0.02110956 -0.39061239 -0.11723167]]
[[-0.14104557 -0.21864543  0.68597613]]
[[-0.00462942  0.65076329 -0.59649952]]
[[ 0.55466345  6.58037545  0.12055709]]
[[-3.96883729  0.74765907  1.90014086]]
[[ 2.71325252  8.39614304 -9.22612568]]
[[-2.47676162  4.80718621  7.31203332]]
[[ 0.61288462  6.78151757  0.2705648 ]]
[[-4.11287076  0.88488666  2.03656415]]
[[-0.08368306 -0.18635415  0.08510553]]
[[ 0.16300643  0.20706889 -0.45317515]]
[[-0.19119453 -0.08512358  0.0679238 ]]
[[-0.00896024 -0.38905544 -0.05465445]]
[[-0.40534925 -0.23821916  0.39024038]]
[[-0.05601505 -0.87321623 -0.59078648]]
[[ 8.01363504  3.94720998 -4.21823995]]
[[ 9.36320377 -7.32702306  3.05106299]]
[[ 2.4321721   7.16424944  0.07582149]]
[[-2.21530508  3.59683129  2.96402535]]
[[ 8.39110401  4.20017048 -5.08565475]]
[[ 9.74615111 -7.89600089  4.4123962 ]]
[[-0.62621671 -0.12402129 -0.16911897]]
[[-0.28522704 -1.01916835  0.12565722]]
[[-4.32888173 -0.29301379  0.86979812]]
[[-1.64281322 -5.69852498 -0.89524002]]
[[ 7.19868901  4.45419241 -5.11391711]]
[[ 7.60250781 -7.45344231  4.17115487]]
[[-4.65752585 -0.14783193  0.37365109]]
[[-1.91759387 -5.94571797  0.13074574]]
[[-2.96046895  0.28498043  0.15698202]]
[[-1.49996475 -3.2851473   0.15791006]]
[[-3.73152666  1.04146048 -0.96542979]]
[[-7.48550216 -2.79119517 -0.73817696]]
[[-11.48318744   1.44370723  -1.16132448]]
[[-17.34665507 -11.23866655  -1.43786402]]
[[ 2.22145785  3.64910987  2.29799714]]
[[-1.20375697  3.78407546 -1.50943759]]
[[-11.64036882   1.52753493  -1.23591991]]
[[-17.60990755 -11.35505035  -1.49261043]]
[[-0.82845517 -0.17566942  0.2547116 ]]
[[-0.27091416 -1.31149406  0.10865268]]
[[ 5.80433041  5.78448389  4.52922621]]
[[ 2.30152011  8.01775576 -5.21539165]]
[[ 2.2422572   2.7166575   1.10798981]]
[[-1.85811385  0.59173705 -2.93310215]]
[[ 5.98822695  6.01911687  4.49882926]]
[[ 2.36050992  8.23662065 -5.51022927]]
[[-0.34466564 -0.19811329  0.40003544]]
[[-0.01201468 -0.63686858  0.03015732]]
[[ 13.92382194  -0.10933219  -0.01405533]]
[[ 12.84984614  13.18842719   0.14347283]]
[[ 4.06366075  4.38199554  1.53326122]]
[[ 0.16541448  2.53132112  2.29461799]]
[[ 14.83130738  -0.2096668    0.0884026 ]]
[[ 13.35341371  14.12637081  -0.08314859]]
[[ 13.88082781   0.52933186  -0.3340393 ]]
[[ 11.25635987  13.9691832   -0.20975174]]
[[ 0.44556287  1.3713289  -2.02726993]]
[[-0.75150106 -1.72174697  1.47723136]]
[[-0.12920961  1.74813709 -2.40405802]]
[[ 3.48568324 -6.41608368  4.53954502]]
[[ 1.45664535  2.17628684  2.56939915]]
[[ 0.97993949  3.08672147 -8.39980428]]
[[-0.0927483   1.89513602 -2.7282333 ]]
[[ 3.63068515 -6.44695666  5.14546598]]
[[ 2.08448554  1.34077745 -5.1377568 ]]
[[ 1.57354415 -0.99911749  0.01025543]]
[[-1.72670437  0.91792835  2.88572781]]
[[ 1.22951326 -3.14255116  6.21604864]]
