[[-0.07415408 -0.07465207  0.02793413]]
[[ 0.13301132 -0.02046777  0.14001761]]
[[ 0.0822165   0.03634947  0.10620453]]
[[-0.07713943  0.0626313   0.03838455]]
[[-0.33979357 -0.08195513  0.01287476]]
[[ 0.37603094 -0.1197257   0.14795416]]
[[ 0.12746845  0.19218253  0.20012719]]
[[-0.53443557  0.24273997 -0.06005231]]
[[-0.14918001 -0.15720452  0.20130257]]
[[ 0.29551828 -0.09385865  0.45621657]]
[[-0.36093023  0.22546877  0.09046719]]
[[ 0.16178293  0.09560699  0.02600542]]
[[ 0.07402566 -0.2699232   0.06021739]]
[[-0.12267465 -0.04331926  0.1675474 ]]
[[ 0.14867404  0.38136205  0.43029117]]
[[-0.35453448  0.55857107  0.09289458]]
[[-0.27390034  0.13081098  0.12179457]]
[[ 0.22311098 -0.13150798 -0.0265904 ]]
[[ 0.22799125  0.2448952  -0.14801003]]
[[-0.18916299 -0.09138216  0.27872691]]
[[-0.34487406 -0.34917618  0.16859022]]
[[ 0.6204109  -0.12160449  0.64733243]]
[[ 0.69343535  0.22242344  0.27841226]]
[[-0.60004779  0.2705406   0.03322033]]
[[-10.34951213  -0.11841614  -0.58793878]]
[[ 12.24686908  -2.74862002   0.54851825]]
[[ 0.07195962  0.36092024  0.15760552]]
[[ 0.23249336  0.10755696  0.27436829]]
[[ 5.71991993 -0.77283064 -0.90713512]]
[[-7.91519597 -2.39939432 -0.40337845]]
[[-1.77591574  0.20409221 -1.03430602]]
[[ 1.39433387 -0.86285466 -0.31392552]]
[[ -5.41845265 -11.0392293   -5.24114413]]
[[-1.5320649  -4.31207518  4.60639672]]
[[ 0.32869252  0.56832697  1.56503688]]
[[-0.77269324  1.50066264  0.06607327]]
[[-5.16173192  3.81323313  6.19284232]]
[[ 9.38625872 -8.72885831 -2.41306569]]
[[ 1.03499113  0.20350403 -0.68526047]]
[[-0.57562178 -0.53169187  0.47311533]]
[[-5.35443733 -4.7221648   1.83281573]]
[[ 11.18801131  -0.58093605  10.5737854 ]]
[[-0.82891724 -0.51976529 -0.55460092]]
[[ 1.11317327 -0.04164689 -1.03350933]]
[[ 1.60579301 -2.20819663 -0.53467201]]
[[ 0.87655485 -0.21636067  1.16802799]]
[[ 0.37198182  1.17404459  0.60718369]]
[[-2.05394308  0.07329731  0.50389349]]
[[-3.25522644 -8.53708631 -4.07758175]]
[[ 2.80216647 -0.39829849  2.30548046]]
[[ 1.19188274  0.11332216  0.60300096]]
[[ 1.33505569  0.84970803  0.57700701]]
[[-2.44872745  1.30120435  0.74692073]]
[[ 2.51259309 -4.04619196 -2.9742002 ]]
[[-0.95520524 -0.22813427 -0.21000421]]
[[-0.29329714  0.12677359 -0.76165034]]
[[ 4.5660907  -0.54357225  2.03005873]]
[[-2.99544022  0.24173159  0.10898067]]
[[ 0.54538599  0.61565201 -0.12353019]]
[[-0.1303769  -0.01021849  0.28347747]]
[[-3.49758128 -4.5939861   2.43989423]]
[[ 5.66788394 -1.60777459  7.98578021]]
[[-0.66297649  0.28387715  0.4380695 ]]
[[ 1.02789267  0.07779583  0.4950551 ]]
[[ 0.82388186 -2.77860393 -0.03597192]]
[[ 0.67435885  0.39875046 -0.37509936]]
[[-0.20245584  0.59873867  1.08520819]]
[[-0.71170943  1.51472252  0.12360403]]
[[-1.79984965  0.57521393 -2.33939161]]
[[ 0.20308749 -0.5928039  -2.79592715]]
[[ 1.23427379  0.42127881 -0.71421448]]
[[-1.2651584  -0.68785589  0.29040964]]
[[-4.23907335 -3.10557268  2.16498551]]
[[ 7.53424434 -1.13638998  7.01978119]]
[[ 1.99734291  0.4256547   0.74317873]]
[[-1.88596949  0.50375739  0.14257969]]
[[-0.13355071 -0.0540427  -0.01380255]]
[[ 0.26208018 -0.03889754  0.07232081]]
[[ 0.04268668  0.01807968  0.04564244]]
[[ 0.00653049  0.02685002  0.02453069]]
[[-0.02175011 -0.05641968  0.11387912]]
[[ 0.13993418 -0.05339793  0.19246304]]
[[ 0.0010702   0.01697556  0.01915546]]
[[ 0.02201742  0.00377994  0.02183484]]
[[ 0.03880081 -0.14757428  0.03210059]]
[[-0.06983494 -0.01066664  0.09250245]]
[[-0.00098194  0.01075497  0.02869044]]
[[-0.00598005  0.04580305  0.0089933 ]]
[[-0.10181075  0.07017069  0.0412736 ]]
[[ 0.17558158 -0.04018842 -0.03257853]]
[[ 0.04586432 -0.00235876 -0.02478469]]
[[-0.01606941 -0.01555288 -0.00681411]]
[[-0.0706555  -0.14937501  0.09308194]]
[[ 0.26916756 -0.05896156  0.26532835]]
[[ 0.06637482  0.00365301  0.01000693]]
[[-0.03847703  0.01634325 -0.01286497]]
[[ 0.03180318  0.01223755 -0.00346498]]
[[-0.02334163  0.00524735 -0.02821656]]
[[-0.00782655 -0.00656109 -0.01743705]]
[[ 0.01680366 -0.00655115 -0.01026861]]
