[[  7.25653759  10.16525506   7.15159425]]
[[  9.3516093   -2.32500094 -12.89046578]]
[[ 1.5147193  -2.39916827 -0.52020463]]
[[-3.12599707 -1.83395971 -0.20063202]]
[[ 0.03318966 -1.68772371 -0.9295441 ]]
[[-0.8927313   0.43615234  3.57132472]]
[[ 6.38148009 -6.67899198  1.5775422 ]]
[[ 4.35198012 -3.23933427  4.57615923]]
[[ 0.28535706 -1.42882669 -0.93826521]]
[[-0.59365428  0.44173008  5.57962408]]
[[ 5.08632332  5.32807141  1.86826486]]
[[ 7.57140974 -1.21417691 -0.83232647]]
[[-3.06876927 -4.75064059  0.64306034]]
[[-6.03799034 -1.01836697  2.12082269]]
[[ 1.41669615  0.03454622  0.14542542]]
[[ 1.08149825  0.79798948 -2.76213655]]
[[ 3.28552689  0.87973021  0.04757925]]
[[-0.34200967 -4.63011621  0.19415079]]
[[ 1.11213051 -0.06999877  0.92898138]]
[[ 0.93940483  0.89624209 -2.94612524]]
[[ 1.92932802 -2.8058785   0.85370706]]
[[-0.8149768   1.10244315 -2.40329603]]
[[ 0.02510052  1.53065499 -1.77764499]]
[[ 0.60481162  1.38347755 -1.07690714]]
[[ 4.28714596 -5.07998308  0.60856234]]
[[-1.71367378 -1.27173085  8.81034345]]
[[ 0.1641148   1.37985496 -2.40857763]]
[[ 0.85280577  1.63349095 -1.92292855]]
[[ 2.28198641 -3.57426434  0.85787624]]
[[-1.10409475  1.31460075 -2.74801527]]
[[-1.01546811 -2.96430455  1.28139357]]
[[-1.70213741  1.46406625  0.12744027]]
[[ 4.55751943 -2.38347073  0.08158919]]
[[ 5.53506466  0.04241729 -0.84350435]]
[[-0.84634565 -3.59104516  2.19977098]]
[[-1.85020565  1.81107512 -0.53626148]]
[[-3.86474013  0.05995815  0.63805828]]
[[ 0.34013081 -0.33646127 -5.98482232]]
[[-6.893515   -9.40533427 -1.16492595]]
[[-9.94103911  0.92908718 -1.36611359]]
[[ 5.317783    7.01990504  0.81565702]]
[[ 7.50945959 -0.64179433  0.75426261]]
[[-0.89797197  1.59976794 -1.99746465]]
[[-3.71721685 -4.23704916 -0.16613882]]
[[ 5.0846211   7.20668081  0.61351038]]
[[ 7.68069714 -0.64255679  0.98487052]]
[[ 5.4512644   6.80022347  0.85482003]]
[[ 7.466571   -0.89238262  1.18223377]]
[[ 0.41860415  0.9201642   0.4241291 ]]
[[ 1.71616551  2.3329093   1.32625777]]
[[ 2.2630407  -4.61648679  0.60143387]]
[[ 0.65970041 -5.29849628 -0.56611744]]
[[ 0.20006892  1.14881749  1.22363185]]
[[ 1.75694609  2.55391431  1.38961456]]
[[ 6.53655033  8.03873542  1.12315367]]
[[ 8.83858793 -1.02461099  1.2709083 ]]
[[ 0.10940566 -0.02302341  0.07650604]]
[[ 0.04530611 -0.09664588  0.24048501]]
[[ 0.98321443  3.54451974 -0.27209624]]
[[ 1.84827575  2.61830136  1.87804196]]
[[-0.92959152  1.04717185 -1.04358944]]
[[ 0.98706244  2.29160364 -1.48541985]]
[[-1.78713504 -5.97993275 -9.43368118]]
[[-5.41982916 -0.48611979 -1.6621384 ]]
[[-0.97644728  1.30121609 -1.33886038]]
[[ 1.13986981  2.6836664  -1.86331767]]
[[ 1.19650519  4.40875956 -0.13750792]]
[[ 2.23884702  3.13773183  2.31167816]]
[[ 0.01209731 -0.40765069  0.07022009]]
[[-0.26245794 -0.04505648  0.10930569]]
[[-6.65986674 -5.38879838 -1.32934877]]
[[-5.58332701  1.599626   -1.03575766]]
[[-1.21350628  3.96829298 -2.13521487]]
[[ 0.61584857  2.97184612  1.41779035]]
[[ 2.84576816 -1.67405035 -1.77185493]]
[[-0.96748651  1.14703792  2.92989833]]
[[-1.22280864  5.02491155 -3.05225586]]
[[ 1.04819885  3.67273207  2.492351  ]]
[[-8.19848685 -6.81549386 -1.71384805]]
[[-6.98173986  1.95901948 -1.22998996]]
[[-6.65539782 -4.73733278 -1.91156121]]
[[-5.35052229  1.78883651 -1.43571504]]
[[-2.53536452 -0.06465627  3.00164109]]
[[-0.58426726 -1.27961375  1.42059789]]
[[-8.64990166 -6.28568209 -1.83129764]]
[[-7.0373792   2.3040342  -2.06733587]]
[[ 5.56119634  4.95220058  1.26589891]]
[[ 4.92180349 -1.3869419   1.46492055]]
[[ 0.35067013  2.2719258   0.26980714]]
[[ 2.18695355 -0.2023732  -0.29988377]]
[[-0.25532371 -1.85336568 -0.43253729]]
[[-1.7174862   0.19418293  0.42426806]]
[[-5.1611458   4.68842687  0.90735975]]
[[-6.05967038 -2.20224443  1.1498479 ]]
[[-0.46388951 -1.79628079  0.25651593]]
[[-1.74534705  0.35064512  0.13414843]]
[[-0.45555934 -2.35423264 -0.21759429]]
[[-2.15897483  0.19873114  0.17420878]]
[[ 3.84956323 -3.54094271 -0.98590436]]
[[ 4.50051059  1.75986433 -0.66132501]]
[[ 1.36728827 -2.54662771 -0.71754348]]
[[ 0.42038637 -6.18986777 -1.60027848]]
[[ 3.66897897 -3.66411773  0.12148311]]
[[ 4.51052153  1.92910288 -1.19667467]]
[[-0.40961435 -2.68611605 -0.50442294]]
[[-2.44304847  0.15813552  0.39993643]]
[[-0.10993475 -0.39736573 -0.02760081]]
[[-0.3060958  -0.00573748 -0.06936919]]
[[ 4.15221003 -3.52288105 -0.76691948]]
[[ 4.63839342  1.55357563 -0.92614192]]
[[-1.45694122  1.3631551   1.04606403]]
[[ 0.69246637  3.65849574  0.84708496]]
[[-0.63074507 -6.27183645 -1.02773026]]
[[-0.71806561 -4.06305893  0.22152589]]
[[-1.45820787  1.69098148  0.84694375]]
[[ 0.94098743  3.95975037  1.2969729 ]]
[[ 4.96002291 -4.14038053 -1.14386857]]
[[ 5.5386998   1.84555704 -0.88756929]]
[[ 0.00219948 -0.34606539 -0.2939651 ]]
[[-0.21107601 -0.07862448  0.13446125]]
[[ 0.00949818 -0.11693897 -0.08019093]]
[[-0.06933814 -0.0270615   0.02828095]]
[[ 0.13289919 -0.06589139 -0.22620354]]
[[ 0.01588573 -0.07734008 -0.03411336]]
[[-2.28285627  0.37009097  1.07849828]]
[[ 0.17007508  3.2341616   0.76913085]]
[[-1.17896212  2.61490926  3.49996919]]
[[ 0.60336477  3.73939571 -0.57783408]]
[[-7.95289612 -1.78484269 -2.88695621]]
[[-4.71689099 -2.11453099 -1.77257705]]
[[-1.32755975  2.94082035  6.01195641]]
[[ 0.58105878  4.37639401 -0.93334609]]
[[-2.73377669  0.40343321  1.25870225]]
[[ 0.25428658  3.89442114  0.798743  ]]
[[ 0.07236053  0.1875512  -0.13323114]]
[[-0.05166637 -0.08867942  0.19491625]]
[[ 0.0180193  -0.13347947 -0.05687373]]
[[-0.07556191 -0.0356892   0.06042605]]
[[ 0.130054   -0.13928715 -0.29431783]]
[[-0.01219642 -0.09626956  0.20345634]]
[[-5.56725114  4.03488426  1.36547526]]
[[-3.51296711  0.63742104  0.55783208]]
[[-1.99320498  2.22808338 -0.269465  ]]
[[ 0.19923667  3.66862634  0.15571541]]
[[-0.5072687  -3.20874877 -0.1948413 ]]
[[-7.36418271 -0.60416535  0.31475039]]
[[-2.43134031  2.50281593  0.21212222]]
[[ 0.15812213  4.53920117  0.62201632]]
[[-6.80833924  5.07409337  2.21947194]]
[[-4.29123802  0.80258218  0.58041333]]
[[ 0.05420473 -0.19245974 -0.00383081]]
[[-0.09276919 -0.070913    0.139739  ]]
[[ 0.90664284  0.32808519 -1.39441753]]
[[-0.15495002 -0.13535228  0.98299027]]
[[-5.68479231  3.89237983  2.07998851]]
[[-3.51526279  0.96185921  0.50740275]]
[[ 2.40295988  1.07096043  2.80644566]]
[[ 0.36778592 -2.95077921  1.73942896]]
[[-7.37746173  5.08463755  2.15810625]]
[[-4.60478858  1.11994644  0.95769885]]
[[ 0.97816747  0.37732497 -1.23010248]]
[[-0.27579401 -0.1255203   1.03441151]]
[[ 0.39948442  0.62147559 -0.77150364]]
[[-0.21773409  0.05568456  0.48630552]]
[[ 4.60545325 -3.70763643 -1.07341119]]
[[ 2.82730191 -0.44836499 -1.13017521]]
[[ 0.80408222  0.6993936  -1.4025593 ]]
[[-0.22507799 -0.01632882  0.93111798]]
[[-0.929086    0.01903968  1.05731748]]
[[ 0.2380285   0.10812979 -0.71740388]]
[[-0.53413118 -0.60867194  0.2062049 ]]
[[-0.38071256 -0.88286757 -0.33766667]]
[[ 0.48376385  0.51835609 -0.20146873]]
[[ 0.33706033  0.74437237  0.20978293]]
[[-0.16920344 -2.20697287  0.28113879]]
[[-0.21918534 -0.22240316 -0.40998895]]
[[ 0.75171811  0.81866451 -0.12740296]]
[[ 0.60121924  1.12140541  0.439731  ]]
[[ 0.60180336  0.65981487 -0.24787657]]
[[ 0.50708387  0.90424694  0.35487616]]
[[ 0.02756158  1.73321019 -0.16034197]]
[[ 0.07056414  0.20529314  0.24972566]]
[[-1.26517493  0.31489828  2.67294655]]
[[ 1.29181893 -5.0677218  -2.81236397]]
[[-0.21541598  1.712874   -0.21158106]]
[[-0.15518498  0.09516385  0.33430085]]
[[ 0.55832832  0.62822627 -0.16785464]]
[[ 0.44356426  0.87329782  0.34433412]]
[[ 0.07093289  0.04394748 -0.01085584]]
[[ 0.10273029  0.04569073  0.06164461]]
[[ 0.02740913  2.11902234 -0.35580289]]
[[ 0.0332947   0.22909668  0.43364377]]
[[ 0.69973151 -0.221544   -1.77204046]]
[[-1.19306132  4.11846049  2.07799132]]
[[ 1.80277936 -4.66936279  2.84457341]]
[[ 3.45757008 -4.8060524  -2.54103393]]
[[ 0.70084456  0.06510998 -1.84130576]]
[[-1.2277774   4.39882957  2.11620674]]
[[ 0.1673797   2.43186487 -0.24854982]]
[[ 0.17760832  0.27736846  0.41956117]]
[[-0.15197249 -0.19225041 -0.03613176]]
[[-0.11208526 -0.23985193 -0.03644606]]
[[-0.02604364 -0.06636254  0.02504526]]
[[-0.01900216 -0.07844956 -0.02022856]]
[[-0.02388241  0.27105606 -0.08089431]]
[[-0.04971745  0.08690323  0.0724042 ]]
[[ 0.90766242 -0.55447179 -2.04803464]]
[[-1.10595939  3.65925655  2.05170366]]
[[-1.6024139   3.5754232  -2.63784169]]
[[-0.77888734  4.00473965  0.77539301]]
[[-3.68728226 -6.03271774  0.16144619]]
[[-2.78672529 -3.41218065 -0.84801594]]
[[-1.40228739  3.89428138 -3.03360124]]
[[-0.55988491  4.42351177  0.9261399 ]]
[[ 1.05972331 -0.67755363 -2.43880516]]
[[-1.26910013  4.37383704  2.48846304]]
[[ 0.10096366  0.20763328  0.01197967]]
[[ 0.07539951  0.09288916  0.05681348]]
[[-0.06734703 -0.11659733  0.00426422]]
[[-0.05700907 -0.13220028 -0.0365202 ]]
[[-0.01598764 -0.03617132  0.00037181]]
[[-0.01583463 -0.03926724 -0.02311729]]
[[ 0.01745774  0.06710776  0.01600703]]
[[ 0.00720622  0.08220047 -0.02994169]]
[[ 0.04771427 -0.18493016 -0.15283807]]
[[-0.06279603 -0.19428523  0.03629073]]
[[-2.38946676  3.05941706 -2.35398857]]
[[-1.88681589  3.19718685 -0.21254458]]
[[-0.69427514  3.65965147  0.52137637]]
[[-0.41656941  4.180794    0.8508679 ]]
[[ -3.8703912   -1.27047461  13.52675393]]
[[-0.74201936 -3.23705339 -9.01591067]]
[[-0.86802614  4.21802054  0.38818692]]
[[-0.59266184  4.86370703  1.23739578]]
[[-2.86489157  3.68027152 -3.00901474]]
[[-2.2223922   3.86372637 -0.01493449]]
[[-0.02077613 -0.21074816 -0.08993976]]
[[ 0.00846584 -0.21025701 -0.02293119]]
[[ 0.03027916  0.07568458  0.03234066]]
[[ 0.01897847  0.10482895 -0.02522614]]
[[-0.0242863  -0.04581088  0.01522309]]
[[-0.02422467 -0.0473747   0.00364764]]
[[-0.02989278 -0.08037948 -0.00382812]]
[[-0.03458285 -0.08684472 -0.06859531]]
[[ 0.08113046  0.03604662  0.11695483]]
[[ 0.06939246  0.16792396 -0.10696719]]
[[-1.1454428   3.48533184  2.06882682]]
[[ 0.84427965 -0.31624295 -1.61927781]]
[[-1.03299593  3.80027496  1.00797773]]
[[-0.75631184  3.65686012 -2.06755504]]
[[-3.8804945  -2.93730654 -1.05297823]]
[[-7.82850457 -3.6604095  -1.62932422]]
[[-1.32750284  4.53908783  1.26727437]]
[[-1.21264945  4.48727185 -3.26733458]]
[[-1.43416414  4.26282927  2.49859566]]
[[ 1.07804214 -0.33580646 -1.98082311]]
[[-0.00575301  0.05240336  0.16473555]]
[[-0.02985837  0.31543324 -0.18873268]]
[[-0.02491513 -0.07560541  0.04704471]]
[[-0.0309855  -0.07501047  0.02496155]]
[[-0.05374108 -0.15462654 -0.00508294]]
[[-0.08639804 -0.13016036 -0.14142929]]
[[ 0.26592935 -0.28162672  0.75675547]]
[[-0.09081505  2.18480164 -0.85875191]]
[[-1.35814335  3.88379208  2.46291049]]
[[ 0.70053674  0.27797701 -1.83163295]]
[[ 5.24348912 -1.78330693 -6.10746244]]
[[ 1.06114925 -3.14452849  1.88824756]]
[[-1.68146949  4.90194626  3.14480022]]
[[ 0.97933208  0.08099847 -2.05680317]]
[[ 0.21277249 -0.31771941  1.00937292]]
[[-0.22637475  2.75968905 -1.16173888]]
[[ 0.10437844  0.04475261  0.085483  ]]
[[ 0.0636784   0.05200677  0.09794036]]
[[ 0.40208576  0.75598559 -0.12933701]]
[[ 0.51174443  0.59421942  0.16385304]]
[[-0.09106422 -0.36961693  0.54764326]]
[[-0.42944462  1.78168546 -0.63096391]]
[[ 0.88343985 -2.78391196 -2.32905152]]
[[-0.99553676  0.38585908  1.76633592]]
[[ 0.14252431 -0.42013407  0.84632172]]
[[-0.30309748  2.40235046 -0.90472886]]
[[ 0.58369465  1.0678722  -0.01732782]]
[[ 0.72045464  0.8368817   0.28985966]]
[[ 0.609828   1.1127395 -0.1373494]]
[[ 0.75848472  0.89112611  0.34814785]]
[[-0.43363896 -0.01901511 -0.60568757]]
[[-0.13245635 -1.86444769  0.67957759]]
[[ 0.56424601  1.16748971 -0.11136448]]
[[ 0.77109866  0.90751175  0.23718901]]
[[-0.04944375 -0.25533147 -0.01575491]]
[[-0.16119256 -0.10490256 -0.02644251]]
[[ 0.35996966 -0.2004539  -0.29618378]]
[[-1.01455217  0.21006499  0.69512389]]
[[-0.42311198  0.14785981  0.3402817 ]]
[[ 0.61767377 -0.18072108 -0.85108204]]
[[ 3.94676529 -0.19858392 -2.11994971]]
[[ 8.47538689 -5.07765267  0.3214623 ]]
[[-0.41901282  0.26027635 -0.07621854]]
[[ 0.41417857  0.08051002 -0.19176359]]
[[-0.4324256   0.12223566  0.30192974]]
[[ 0.75860208 -0.39322973 -0.53757959]]
[[-3.35250278  0.24473229  1.52310995]]
[[-6.76915715  3.73192007 -0.36902682]]
[[-0.3372409  -5.03396625  1.17057776]]
[[ 2.8683306  -1.43855672  0.19717604]]
[[-3.3251866   0.3857862   1.19471304]]
[[-6.94888906  3.74544157  0.64600685]]
[[-0.44714937  0.10826633  0.52816038]]
[[ 1.02901878 -0.47269156 -0.91991771]]
[[-0.10395135 -0.0437147   0.06555268]]
[[ 0.01256893 -0.23972139  0.0216796 ]]
[[-3.33322606 -0.01707167  1.7894408 ]]
[[-6.73561948  4.2228934  -0.33406296]]
[[ 0.10534471  3.97463763 -0.24001502]]
[[-1.73734131  2.49304916  1.07170547]]
[[-4.18389553 -3.65042002  1.32672213]]
[[-2.26977092 -4.05864662 -2.03873981]]
[[ 0.2957638   4.2404434  -0.22917158]]
[[-1.80153943  2.94110063  0.67453284]]
[[-3.94657058 -0.02930949  2.07953566]]
[[-7.96658186  4.88897394 -0.68423745]]
[[-0.03866495 -0.09864812  0.23678914]]
[[ 0.13319802 -0.24504633 -0.23131978]]
[[-0.07445537 -0.03337277  0.06063924]]
[[-0.01188528 -0.1513828  -0.05187404]]
[[-0.07873212 -0.09289742  0.32714303]]
[[-0.03561756  0.31287046 -0.27293733]]
[[ 0.2991314   3.31063795  0.03901759]]
[[-1.93330977  0.46665017  0.93530725]]
[[ 0.22456034  3.89685962 -3.30178143]]
[[-1.30058722  3.20974201  3.85431636]]
[[ 2.66174828 -0.05962787  0.32550046]]
[[ 3.05256411 -3.4103706   1.84416097]]
[[ 0.13647942  4.43162867 -5.23793409]]
[[-1.61941317  3.54819169  6.00353933]]
[[ 0.3628733   3.97326826  0.17268308]]
[[-2.3135876   0.66108844  1.09053318]]
[[-0.04921019 -0.08868416  0.03040917]]
[[ 0.06711763  0.0946325  -0.22113158]]
[[-0.08572151 -0.03797089  0.02686827]]
[[-0.00394273 -0.17421605 -0.01826914]]
[[-0.15726265 -0.09379982  0.16407345]]
[[-0.03162305 -0.34217318 -0.26005542]]
[[ 3.85558229  1.98506717 -2.06339446]]
[[ 4.39850994 -3.5408156   1.57374661]]
[[ 0.85367861  3.91020495  0.5082094 ]]
[[-0.85112905  2.16725737  1.2650863 ]]
[[-5.11007674 -2.81308105  1.86666739]]
[[-2.60790416 -6.53362478 -1.02573425]]
[[ 1.02156161  4.72479852  0.44129917]]
[[-1.16800932  2.3676371   1.8658354 ]]
[[ 4.67269639  2.4279538  -2.885427  ]]
[[ 5.32475426 -4.42102017  2.49091366]]
[[-0.31390898 -0.04980738 -0.11077295]]
[[-0.16151578 -0.49537474  0.08158534]]
[[-2.0029689  -0.08760166  0.37156489]]
[[-0.82087348 -2.55791137 -0.32929796]]
[[ 3.59214363  2.25460954 -2.74259475]]
[[ 3.93764295 -3.90889883  2.46336281]]
[[ 2.53175678 -5.6353961  -1.70223249]]
[[-0.02411247 -3.41268019  0.19305895]]
[[ 4.86704218  2.81758429 -3.1879606 ]]
[[ 5.45028357 -4.99406237  2.28619782]]
[[-2.54541838 -0.03397501  0.14426871]]
[[-1.11393297 -3.19566201  0.05558566]]
[[-1.67423873  0.14597118  0.12972868]]
[[-0.88408776 -1.92020927  0.17919516]]
[[-3.48472645 -1.73090957  2.1713448 ]]
[[-4.13019324  3.07838663 -1.06722143]]
[[-2.18639865  0.07084836  0.35821266]]
[[-0.96439589 -2.6131694  -0.14630859]]
[[ 1.66154162  0.16174611 -0.28679738]]
[[ 0.49830063  2.13692358  0.15884147]]
[[ 6.25386513 -1.15296172  1.01399328]]
[[ 10.34222377   5.79441601   1.18034105]]
[[-4.81864598  1.04993749 -0.93062513]]
[[-8.07693584 -3.97359521 -0.65047941]]
[[-2.42075683 -3.75056564 -1.10559171]]
[[-0.69897993 -3.88662803  3.21585222]]
[[-4.73943505  1.02607595 -0.8871303 ]]
[[-8.29893631 -3.90536194 -1.16429166]]
[[-5.40243141  0.73929195 -0.58764645]]
[[-8.36880165 -5.28921897 -0.70660538]]
[[ 1.67756109  3.13727786  1.83614612]]
[[-1.1683418   3.72817484 -2.34981455]]
[[-1.39161614 -1.41364816  1.20673664]]
[[ 1.44970253 -3.90126514  0.33567194]]
[[ 1.63062606  3.3943666   1.98923391]]
[[-1.56954662  4.12294554 -2.38531643]]
[[-6.26943394  0.91659595 -0.74493462]]
[[-9.84856325 -6.03999967 -0.86602069]]
[[-0.39778063 -0.07111061  0.10937769]]
[[-0.1591291  -0.61617542  0.04616237]]
[[ 2.84598618  2.86734856  2.17629168]]
[[ 1.08441735  3.87316046 -2.49986428]]
[[ 1.10803776  2.63422746 -0.55442774]]
[[-1.23237816  1.17500132 -0.84187686]]
[[ 2.24960551 -4.58008256 -5.42120553]]
[[  2.50275275  -2.83926283  12.31228166]]
[[ 1.28472     2.87902207 -0.37844654]]
[[-1.43845542  1.25746141 -2.2807279 ]]
[[ 3.4013963   3.48105018  2.44191724]]
[[ 1.2755677   4.55162512 -3.0287279 ]]
[[-0.16635478 -0.09706295  0.20549268]]
[[-0.02108945 -0.30859288  0.00390471]]
[[  6.76805114e+00   3.59752620e-03  -5.71943259e-02]]
[[ 6.10094382  6.458998    0.05435708]]
[[ 2.27433589  2.5287581   0.12360663]]
[[ 0.15369676  0.45749153  1.88404382]]
[[-2.43344672 -2.32815681  2.70709675]]
[[ 3.86529319 -5.18400388 -2.69282711]]
[[ 2.86960157  2.96302504  0.68155512]]
[[ 0.42456107  0.67313728  1.86480291]]
[[  8.33490316e+00  -6.18475833e-02   6.76107019e-03]]
[[ 7.35170689  7.98054046 -0.1103908 ]]
[[ 7.07173282  0.22568524  0.00800325]]
[[ 5.79372536  7.22151828 -0.01272816]]
[[-3.3889795  -4.22962162  4.50867973]]
[[-0.98037973  5.73803653 -6.99974438]]
[[ 9.23055536  0.29566051 -0.13890401]]
[[ 7.92788718  9.29597326  0.05947312]]
[[-6.03506138 -0.14152869 -0.27368439]]
[[-5.56650148 -6.15231532 -0.5753519 ]]
[[ 0.23699261 -1.19830022 -1.58731557]]
[[-1.55091373  2.31527741 -1.34749234]]
[[-0.12434112  1.16287648 -0.85366747]]
[[-0.98784283 -1.8951959   1.54076764]]
[[ 2.0129737  -1.30464123  0.12292344]]
[[ 5.0815198  -3.32561178  1.33857996]]
[[-0.40217243  1.25387213 -0.68041924]]
[[-1.57372499 -2.17604256  1.87352022]]
[[  2.18843946e-05   8.76328588e-01  -1.17480111e+00]]
[[ 1.67690015 -3.03158881  2.16950083]]
[[ 1.43110663  1.96952969  0.34557481]]
[[ 0.27622756  1.87426968 -3.21846188]]
[[ 0.61765781 -4.63201062 -3.25695838]]
[[ 0.70328697 -0.9033236  -5.54913578]]
[[ 1.70419862  2.37525836  0.66269782]]
[[ 0.57017478  2.1817381  -5.05289292]]
[[ 0.08366713  1.11105503 -1.49686467]]
[[ 2.02544667 -3.43687869  2.8330682 ]]
[[ 2.19687516  0.85928001 -2.43655586]]
[[ 1.10564144  1.00945642  0.03788576]]
[[ 1.96762591 -2.90737423 -1.55071856]]
[[ 6.71202098 -5.85455072  1.81163581]]
[[ 2.59082086  0.99906074 -3.73961219]]
[[ 1.65020006  0.89541854 -0.364455  ]]
[[-10.24697163  -1.38638958   1.34230342]]
[[-4.30542691 -9.85183462  3.45580696]]
[[ 3.61656162 -0.77866964 -2.09166644]]
[[ 6.05956499  3.39820329 -0.14566157]]
[[-0.14955138  0.68674243  2.06538929]]
[[ 0.62883133 -1.37174701  1.63258497]]
[[-1.44538039 -1.44075771 -2.30176748]]
[[-0.06275487 -1.21606832 -5.89009696]]
[[-0.2152143   0.90438614  3.68383312]]
[[ 1.00188545 -1.44820644  2.74749256]]
[[ 5.88747504 -1.74479219 -0.80256535]]
[[ 7.21504533  7.24198528  0.79961807]]
[[ -1.40238283  -0.07710794  11.22845553]]
[[-0.31685692 -0.43658325 -0.23039142]]
