[[-1.06832042  0.01099476 -0.11582697]]
[[ 0.17175932  0.16378387  0.09407749]]
[[ 0.12526138 -0.10916464  0.01149599]]
[[-0.13612234 -0.34008661  0.04596663]]
[[-0.07304783  0.00279755 -0.07860799]]
[[ 0.0423666   0.00552549 -0.04674611]]
[[-1.94731041  0.09278891 -0.21890695]]
[[ 0.26363458  0.16661572  0.1388676 ]]
[[-0.0181894  -0.00658193  0.05833684]]
[[-0.01691437  0.01467094  0.05076022]]
[[-0.6041118   0.15244787 -0.06503719]]
[[ 0.19453442  0.24880742  0.05967815]]
[[-0.00366471 -0.07431102 -0.00930414]]
[[-0.27246979 -0.11898491 -0.02418435]]
[[-0.02653201 -0.01650435 -0.05948837]]
[[ 0.02491251 -0.03004759 -0.05011169]]
[[ 0.40312031 -0.21285522  0.02791209]]
[[-0.35732173 -0.16997195  0.15773798]]
[[ 0.00519308 -0.020625    0.04916646]]
[[-0.02976055 -0.00868179  0.04983202]]
[[-0.019658    0.00205006 -0.03422194]]
[[ 0.01270654  0.00174302 -0.0203278 ]]
[[-0.09155979  0.00617819 -0.05924139]]
[[ 0.07666961  0.00076441 -0.03851461]]
[[ -2.78791979e+00   3.11195603e-04  -3.42241810e-01]]
[[ 0.20829533  0.23754783  0.15087118]]
[[-0.00847638  0.00248157  0.04091603]]
[[-0.01526795  0.0238436   0.0459233 ]]
[[-0.00078646 -0.00169936  0.02988686]]
[[-0.00595044  0.00528513  0.02211417]]
[[-0.04819219  0.01853033 -0.05856222]]
[[ 0.04162247  0.03555606 -0.03242796]]
[[-1.04533571  0.26908918 -0.1234121 ]]
[[ 0.33903353  0.24353818  0.05907436]]
[[-0.01446054  0.02132924  0.04923873]]
[[ 0.01178407  0.04683815  0.0424561 ]]
[[-0.20917981  0.16041894 -0.01462043]]
[[ 0.09880928  0.1759183   0.02135265]]
[[-0.0312976 -0.0500949 -0.0080222]]
[[-0.07281584 -0.18202991 -0.03027051]]
[[-0.01847983 -0.02325496 -0.04237959]]
[[ 0.00122744 -0.05237252 -0.03972417]]
[[ 0.1244588  -0.12362234  0.01584553]]
[[-0.36289839 -0.42031766 -0.10200028]]
[[-0.00119637 -0.02539707  0.03410055]]
[[-0.02283116 -0.0382344   0.03229574]]
[[-0.00883602 -0.00334699 -0.03160333]]
[[ 0.00833848 -0.00542635 -0.02098136]]
[[-0.01419764 -0.02248177 -0.03929967]]
[[ 0.04326281 -0.03622898 -0.04361897]]
[[ 0.76504613 -0.23293798  0.07281674]]
[[-0.36414584 -1.61235416 -0.27902498]]
[[ 0.03258443 -0.02018183  0.03834502]]
[[-0.0365799  -0.00772905  0.04458901]]
[[ 0.00366905 -0.00574775  0.02855383]]
[[-0.00584083 -0.00053646  0.02180234]]
[[-0.00657729  0.00084287 -0.01881926]]
[[ 0.004186    0.00111609 -0.01154792]]
[[-0.02275348  0.00266523 -0.02207237]]
[[ 0.02002866  0.00157311 -0.01542377]]
[[-0.09271775 -0.00748543 -0.06067232]]
[[ 0.09697744 -0.00081773 -0.03985851]]
[[-3.52621019  0.12100353 -0.54573407]]
[[ 0.25633689  1.62271945  0.23580039]]
[[ 0.01443663  0.0063974   0.042964  ]]
[[-0.0070063   0.02874599  0.05021183]]
[[ 0.00379323  0.00102761  0.01927531]]
[[-0.00540717  0.00795253  0.01792022]]
[[ 0.00163213 -0.00071561  0.01772542]]
[[-0.00204552  0.00287297  0.01246773]]
[[-0.01108899  0.00522286 -0.02612608]]
[[ 0.00850081  0.01254467 -0.01766017]]
[[-0.07247832  0.0311811  -0.04237694]]
[[ 0.06252876  0.03603528 -0.02144935]]
[[-1.32039196  0.348131   -0.18169451]]
[[ 0.46327688  0.43352918  0.06149518]]
[[-0.01918608  0.03924086  0.03088575]]
[[ 0.02282799  0.05164518  0.03220453]]
[[ 0.00070213  0.0061066   0.02521575]]
[[-0.00069425  0.01743209  0.02184322]]
[[-0.02792544  0.03492837 -0.03474451]]
[[ 0.02133843  0.05511154 -0.01658481]]
[[-0.31002001  0.2250313  -0.03220764]]
[[ 0.16042927  0.17705339  0.01654862]]
[[-0.01466645  0.04018969  0.03465553]]
[[ 0.01225359  0.06458791  0.0282995 ]]
[[-0.0633694   0.11158299  0.0009912 ]]
[[ 0.03688175  0.11941929  0.00939149]]
[[-0.01223952 -0.05058919 -0.00611501]]
[[-0.00116092 -0.12044485 -0.01747463]]
[[-0.00911544 -0.03210042 -0.03474606]]
[[ 0.00160447 -0.05741738 -0.04139203]]
[[ 0.02550193 -0.11419033  0.00406455]]
[[-0.06883007 -0.17164608 -0.02338415]]
[[-0.00189613 -0.03264889  0.02545597]]
[[-0.00427851 -0.0506636   0.02715727]]
[[-0.00429996 -0.01014055 -0.03196431]]
[[ 0.00281919 -0.01383689 -0.03038719]]
[[-0.00154247 -0.03818286 -0.02398515]]
[[ 0.00467471 -0.05473753 -0.03039954]]
[[ 0.30055504 -0.28810126  0.03448729]]
[[-0.26880574 -0.2248066  -0.07157894]]
[[ 0.01865549 -0.03608022  0.02457065]]
[[-0.02446619 -0.04163802  0.02436674]]
[[ 0.00254556 -0.01136176  0.02817392]]
[[-0.00193312 -0.00944611  0.02761807]]
[[-0.00247517 -0.0019899  -0.02058216]]
[[ 0.00196238 -0.00248416 -0.01794966]]
[[-0.00613173 -0.00427982 -0.01844755]]
[[ 0.01105127 -0.00706893 -0.0151849 ]]
[[ 0.00547557 -0.04422996 -0.03865347]]
[[ 0.05202005 -0.03187022 -0.04335285]]
[[ 1.33763004 -0.89557944  0.14143689]]
[[-0.13749568 -0.22068032 -0.13278348]]
[[ 0.06007471 -0.03108293  0.03982452]]
[[-0.03036937 -0.00519622  0.04625144]]
[[ 0.00855389 -0.00479351  0.0180017 ]]
[[-0.00541211 -0.0013111   0.01573997]]
[[ 0.00217714 -0.0030122   0.01952105]]
[[ -7.76413179e-04  -8.72461765e-05   1.79895673e-02]]
[[-0.00186372  0.00027518 -0.01321321]]
[[ 0.00128192 -0.00039574 -0.01384663]]
[[-0.00633705  0.00110632 -0.011011  ]]
[[ 0.00566224 -0.00064116 -0.01044447]]
[[-0.02206226 -0.0001369  -0.01988151]]
[[ 0.02169206  0.00083806 -0.01584671]]
[[-0.08271371 -0.00890721 -0.06062189]]
[[ 0.10318901  0.00084166 -0.03564799]]
[[-0.19468948  0.00111436 -0.07582558]]
[[ 0.45583172  0.05055413 -0.13916701]]
[[ 0.03777773  0.0079377   0.0506449 ]]
[[ 0.00507359  0.03066249  0.04668051]]
[[ 0.00911876  0.00284276  0.01752025]]
[[-0.00281652  0.00713355  0.018216  ]]
[[ 0.00300924  0.00054014  0.01056791]]
[[-0.00057589  0.00136193  0.01076163]]
[[ 0.00142121 -0.00034781  0.01303841]]
[[-0.00012076  0.00134487  0.0141759 ]]
[[-0.0025226   0.00276226 -0.01592466]]
[[ 0.00225086  0.00205354 -0.01978698]]
[[-0.01424442  0.00966662 -0.01544455]]
[[ 0.01121431  0.00543562 -0.01544305]]
[[-0.08099503  0.03101949 -0.04539609]]
[[ 0.0629047   0.03287788 -0.02043654]]
[[-1.14968268  0.90835019 -0.04345353]]
[[ 0.5097256   0.05976221  0.0193638 ]]
[[-0.01902105  0.04367407  0.03356262]]
[[ 0.02553774  0.05066472  0.03121843]]
[[ 0.00117393  0.01190814  0.01462969]]
[[ 0.00236634  0.00898045  0.01665504]]
[[ 0.00128519  0.00330246  0.01651493]]
[[ 0.00039696  0.00478225  0.02128686]]
[[-0.00523972  0.01441385 -0.0219132 ]]
[[ 0.004994    0.0092554  -0.02572891]]
[[-0.03803491  0.05297247 -0.02091112]]
[[ 0.02948357  0.02805084 -0.01568268]]
[[-0.30661066  0.29138561 -0.01242208]]
[[ 0.16701584  0.08371199  0.01100515]]
[[-0.02106707  0.06106068  0.01897109]]
[[ 0.02190252  0.03499026  0.01699387]]
[[ -2.54561474e-05   1.66924926e-02   2.53700197e-02]]
[[ 0.00280021  0.01354913  0.02951796]]
[[-0.01105892  0.04782332 -0.01773913]]
[[ 0.01068463  0.02402803 -0.02010921]]
[[-0.06863356  0.14666172  0.00223567]]
[[ 0.0531397   0.05142193 -0.00013789]]
[[-0.00675351  0.05306016  0.02754892]]
[[ 0.00952543  0.02854301  0.02555864]]
[[-0.01677398  0.08425717  0.00803797]]
[[ 0.01412627  0.03310369  0.00257451]]
[[ 0.05558336 -0.15972464  0.00074956]]
[[-0.0205136  -0.15250766 -0.02686369]]
[[ 0.01143252 -0.0622969  -0.0313569 ]]
[[ 0.0115941  -0.03530697 -0.04923964]]
[[ 0.31928672 -0.20614969  0.04103765]]
[[-0.1854706  -0.21326004 -0.06567976]]
[[ 0.02825853 -0.05628791  0.02743209]]
[[-0.00930461 -0.02748282  0.04377673]]
[[-0.00256288 -0.01064575 -0.02107864]]
[[ 0.00982217 -0.00381992 -0.02753346]]
[[ 0.01227825 -0.04230242 -0.03594382]]
[[ 0.05103464 -0.02054715 -0.03521489]]
[[ 1.40271817 -0.28570871  0.19228643]]
[[-0.12974883 -0.16105491 -0.15139749]]
[[ 0.06493748 -0.03112387  0.04007209]]
[[-0.01527478 -0.00173393  0.03914874]]
[[ 0.01000653 -0.00788694  0.01986247]]
[[-0.00131991  0.00022795  0.02823554]]
[[-0.00420295 -0.00076172 -0.01149612]]
[[ 0.00546158 -0.00109337 -0.01857438]]
[[-0.01818519 -0.00071294 -0.01875538]]
[[ 0.02025971 -0.00150402 -0.01841071]]
[[-0.06494525 -0.00588172 -0.05261608]]
[[ 0.09516041  0.00448487 -0.03089966]]
[[ 3.2928149  -0.15354885  0.51233247]]
[[ 0.30381518  0.17641934 -0.04872849]]
[[ 0.05396121  0.00997569  0.05152711]]
[[ 0.01711032  0.02905956  0.04057064]]
[[ 0.01189609  0.00205702  0.01741679]]
[[ 0.00305313  0.00334428  0.01941749]]
[[ 0.00372217  0.00040161  0.01132291]]
[[ 0.00161454  0.00186464  0.01917181]]
[[-0.01104478  0.00717833 -0.01906248]]
[[ 0.01067711  0.00250342 -0.02691271]]
[[-0.07062103  0.02936677 -0.0388726 ]]
[[ 0.05360896  0.01362847 -0.02397992]]
[[-0.73913449  0.14590633 -0.0759124 ]]
[[ 0.3983455   0.0843881   0.02496979]]
[[-0.01389909  0.04349071  0.03029889]]
[[ 0.02933387  0.02736696  0.02613543]]
[[ 0.00240806  0.00939382  0.01933046]]
[[ 0.00566269  0.00737229  0.0292406 ]]
[[-0.02997039  0.04451209 -0.02286843]]
[[ 0.02710497  0.01303922 -0.02659103]]
[[-0.22512224  0.11336743 -0.02658101]]
[[ 0.13182409  0.04419319  0.0037262 ]]
[[-0.01546603  0.05333481  0.02458131]]
[[ 0.02408398  0.01890579  0.02915906]]
[[-0.04598738  0.09230065  0.00124806]]
[[ 0.04531309  0.02140349  0.00119843]]
[[ 0.21763773 -0.20252203  0.02344773]]
[[-0.04262526 -0.19750448 -0.05293468]]
[[ 0.01002038 -0.03088815 -0.04120553]]
[[ 0.04133232 -0.00922706 -0.05436963]]
[[ 1.11135441 -0.23429984  0.13729339]]
[[-0.05385683 -0.10328116 -0.09497206]]
[[ 0.04818687 -0.02440277  0.0458602 ]]
[[ 0.00450992 -0.00104306  0.05832868]]
[[-0.01054472 -0.00016326 -0.02012965]]
[[ 0.0169423  -0.00243422 -0.03047828]]
[[ -4.46521551e-02   1.90141197e-05  -4.20248847e-02]]
[[ 0.07938004 -0.0016989  -0.03398024]]
[[ 2.62259789 -0.05073652  0.30370984]]
[[ 0.20924501  0.23077083 -0.03905458]]
[[ 0.05638816  0.01124553  0.04641275]]
[[ 0.03221398  0.01423288  0.03744912]]
[[ 0.01112433  0.0015068   0.02077533]]
[[ 0.00831318  0.00352956  0.03204719]]
[[-0.04257886  0.02414855 -0.03548299]]
[[ 0.03965407  0.0063797  -0.03829677]]
[[-0.53423753  0.18274435 -0.03943216]]
[[ 0.27860122  0.04488977  0.00469137]]
[[-0.00385059  0.03643321  0.0350337 ]]
[[ 0.03045832  0.01677326  0.04112184]]
[[-0.13845927  0.11252988 -0.00619946]]
[[ 0.08413715  0.01463196  0.00089104]]
[[ 0.64111829 -0.1849237   0.07789736]]
[[ 0.07625336 -0.11558598 -0.0623081 ]]
[[-0.02124321  0.00298173 -0.0397077 ]]
[[ 0.0605192  -0.00426454 -0.0520882 ]]
[[ 1.81127241  0.0118664   0.22233501]]
[[ 0.19800886  0.17724163 -0.02316769]]
[[ 0.04434014  0.00802908  0.04832395]]
[[ 0.04172266  0.01043796  0.05670095]]
[[-0.29093836  0.17685269 -0.00751173]]
[[  1.61229640e-01   4.41047702e-03  -2.99221369e-05]]
[[ 0.95303462  0.02649895  0.11686168]]
[[ 0.25206061  0.07144856 -0.00392816]]
