[[-0.79897583  0.00457649 -0.08518969]]
[[ 0.301375   -0.00982759  0.06974744]]
[[ 0.27831975 -0.09562705  0.0275585 ]]
[[-0.09797735 -0.36260738  0.02414682]]
[[-0.07845927 -0.00205187 -0.05893826]]
[[ 0.04236366 -0.01021552 -0.03399424]]
[[-1.46218265  0.02195755 -0.16220923]]
[[ 0.55110926 -0.07469383  0.11232293]]
[[-0.02870716 -0.00869099  0.03794524]]
[[-0.01474523  0.00217345  0.03609809]]
[[-0.76148863  0.04852275 -0.08810847]]
[[ 0.32700358  0.13882029  0.07514188]]
[[ 0.10017146 -0.06868304  0.00106818]]
[[-0.41493331 -0.05252323 -0.05359812]]
[[-0.01999782 -0.01836856 -0.03661933]]
[[ 0.01103729 -0.04112225 -0.03189088]]
[[ 0.67135335 -0.19611749  0.06370067]]
[[-0.24447625 -0.29050683  0.03810897]]
[[ 0.003951   -0.02028416  0.02934502]]
[[-0.04541851 -0.01323601  0.03024142]]
[[-0.0259395   0.0014148  -0.02835143]]
[[ 0.01652687 -0.00137231 -0.01612356]]
[[-0.10826182 -0.00331251 -0.0460336 ]]
[[ 0.08104309 -0.01820151 -0.02601303]]
[[-2.10907084 -0.11174766 -0.27186643]]
[[ 0.68105808 -0.04293787  0.15855852]]
[[-0.02991782 -0.00299286  0.023366  ]]
[[-0.01640617  0.00900819  0.03152254]]
[[-0.00516112 -0.00253842  0.02212721]]
[[-0.00872582  0.00311621  0.01747875]]
[[-0.0770998   0.00788875 -0.05266672]]
[[ 0.06006016  0.02029163 -0.02511222]]
[[-1.45643543  0.1145821  -0.18448689]]
[[ 0.59173919  0.10688114  0.09430909]]
[[-0.03532459  0.01189114  0.03344788]]
[[ 0.02079636  0.03001024  0.03439925]]
[[-0.34433379  0.09582359 -0.03786564]]
[[ 0.172933    0.13649853  0.03633648]]
[[ 0.01109064 -0.03583964 -0.00406058]]
[[-0.15959516 -0.03317072 -0.02631876]]
[[-0.00783909 -0.02039219 -0.02329242]]
[[-0.02157178 -0.04591574 -0.02537367]]
[[ 0.31541281 -0.09677478  0.03696509]]
[[-0.71822747  0.01190767 -0.0683552 ]]
[[ 0.00788708 -0.02238721  0.02023782]]
[[-0.05397691 -0.02558341  0.01873865]]
[[-0.0119264 -0.0032277 -0.0243755]]
[[ 0.01108751 -0.00851006 -0.01558607]]
[[-0.0044386  -0.02732949 -0.02316076]]
[[ 0.02125018 -0.04479291 -0.02949548]]
[[ 1.17647604 -0.19374938  0.13394195]]
[[-0.46743799 -0.23397209  0.02605707]]
[[ 0.03484253 -0.0198644   0.02518644]]
[[-0.07399345 -0.00394165  0.02822663]]
[[ 0.00310236 -0.00585173  0.02094266]]
[[-0.01286403 -0.00091974  0.01634529]]
[[-0.01132668  0.00113723 -0.01626643]]
[[  7.35863651e-03  -6.14488965e-05  -9.37326858e-03]]
[[-0.03496901  0.00122032 -0.01963154]]
[[ 0.02960473 -0.00410248 -0.01184537]]
[[-0.12411612 -0.02107588 -0.05095455]]
[[ 0.11024697 -0.02094569 -0.02827797]]
[[-2.76470556 -0.05727949 -0.34780426]]
[[ 0.69340249  0.02873582  0.20130835]]
[[-0.01709479 -0.00095191  0.02273079]]
[[-0.01595259  0.01618557  0.03617851]]
[[-0.00157336 -0.00010047  0.01422459]]
[[-0.0108722   0.0055892   0.01417093]]
[[-0.00049085 -0.00109147  0.01398024]]
[[-0.00476341  0.0018856   0.01015424]]
[[-0.0201233   0.00311717 -0.02334598]]
[[ 0.01881089  0.00555371 -0.0145702 ]]
[[-0.13500825  0.01651488 -0.04568274]]
[[ 0.10457059  0.01599402 -0.01562552]]
[[-2.05384314  0.14524994 -0.26036662]]
[[ 0.7810498   0.0933338   0.11727162]]
[[-0.0622134   0.02506     0.01538409]]
[[ 0.04190631  0.03262832  0.02807414]]
[[-0.00293855  0.00438472  0.01947528]]
[[ 0.00061233  0.01077652  0.0173106 ]]
[[-0.05295858  0.02497961 -0.03476285]]
[[ 0.04866939  0.03700057 -0.01329011]]
[[-0.62587973  0.15084483 -0.0772349 ]]
[[ 0.29825377  0.09869806  0.03813175]]
[[-0.032705    0.02850783  0.02482326]]
[[ 0.03012172  0.04316979  0.02379654]]
[[-0.10468303  0.08366747 -0.00708855]]
[[ 0.07425165  0.08289827  0.01239299]]
[[-0.00438877 -0.02362175 -0.00333258]]
[[-0.05589089 -0.0418748  -0.00946818]]
[[-0.00877482 -0.01839714 -0.01707127]]
[[-0.02227167 -0.04312802 -0.01892988]]
[[ 0.08002712 -0.04939494  0.00977986]]
[[-0.26934045 -0.00499892 -0.02515428]]
[[ 0.00110327 -0.01991508  0.01285265]]
[[-0.03796683 -0.03372773  0.00919102]]
[[-0.00729789 -0.006166   -0.02073206]]
[[ 0.00226023 -0.01392059 -0.01548253]]
[[ 0.01962631 -0.03337334 -0.01183176]]
[[-0.03214874 -0.04567766 -0.02419701]]
[[ 0.53105788 -0.07512132  0.06858654]]
[[-0.94532455  0.06915638 -0.07148435]]
[[ 0.04444814 -0.02893751  0.01978868]]
[[-0.08513786 -0.01930222  0.01704328]]
[[ 0.00354307 -0.00778924  0.01811706]]
[[-0.01342689 -0.00706193  0.01362585]]
[[-0.00578434 -0.00074278 -0.01510072]]
[[ 0.00563904 -0.00262861 -0.00924309]]
[[-0.01137697 -0.00476611 -0.0155578 ]]
[[ 0.01827407 -0.01127309 -0.01259665]]
[[ 0.02259999 -0.04501405 -0.02300903]]
[[ 0.03146996 -0.04399958 -0.03559218]]
[[ 1.64984387 -0.19020818  0.18571153]]
[[-0.77765059 -0.05933913  0.12855724]]
[[ 0.07733476 -0.02254743  0.03130616]]
[[-0.09042957  0.00384577  0.03465665]]
[[ 0.01229252 -0.00454247  0.01479084]]
[[-0.01916092  0.00111605  0.01317843]]
[[ 0.00216482 -0.00234579  0.01361237]]
[[-0.00514999  0.00034175  0.00969406]]
[[-0.00526799  0.00064784 -0.01050712]]
[[  3.42212206e-03   6.56786461e-05  -6.30889757e-03]]
[[-0.01487674  0.00107805 -0.01064625]]
[[ 0.01240173 -0.00103867 -0.00699344]]
[[-0.04025811 -0.00345327 -0.01930986]]
[[ 0.03804358 -0.0054846  -0.01190667]]
[[-0.13309159 -0.02216145 -0.0562866 ]]
[[ 0.13371026 -0.02161607 -0.03020266]]
[[ -3.33912840e+00   2.51958657e-03  -4.01749239e-01]]
[[ 0.57291176  0.10803132  0.19650646]]
[[-0.00195319  0.00465864  0.02873895]]
[[-0.01115784  0.02287927  0.04087508]]
[[ 0.00592542  0.00182211  0.01347416]]
[[-0.01105463  0.00725028  0.01477658]]
[[  1.88757306e-03   7.42186400e-05   8.81084830e-03]]
[[-0.00599263  0.00302497  0.00801603]]
[[ 0.00067382 -0.00055139  0.0096041 ]]
[[-0.00235423  0.00114476  0.00670478]]
[[-0.00775264  0.00159836 -0.01297155]]
[[ 0.0067366   0.00264959 -0.00902399]]
[[-0.03358474  0.00525961 -0.01652671]]
[[ 0.03069772  0.0048176  -0.00965147]]
[[-0.17551725  0.01568465 -0.05494884]]
[[ 0.13321846  0.01033693 -0.01514767]]
[[-2.47428579  0.19831121 -0.30731901]]
[[ 0.90542819  0.0934154   0.12292745]]
[[-0.08163354  0.03061475  0.01586096]]
[[ 0.05746686  0.03421893  0.03018877]]
[[-0.00317929  0.00817123  0.01139368]]
[[ 0.00329251  0.01231034  0.01324293]]
[[ 0.0005211   0.0020035   0.01202105]]
[[-0.00136516  0.00527614  0.01034158]]
[[-0.01493288  0.0079268  -0.01883318]]
[[ 0.01480729  0.01279421 -0.01117668]]
[[-0.0932833   0.03890801 -0.02841213]]
[[ 0.0783878   0.03027833 -0.00699176]]
[[-0.83665132  0.14454552 -0.10574331]]
[[ 0.37556017  0.07298242  0.042858  ]]
[[-0.0598627   0.04452344  0.00980005]]
[[ 0.0512557   0.03971212  0.01786992]]
[[-0.00493973  0.01007996  0.01713841]]
[[ 0.00487481  0.0174893   0.01475771]]
[[-0.02974255  0.03058122 -0.01820996]]
[[ 0.0289932   0.0376073  -0.00653413]]
[[-0.17204129  0.1014818  -0.01804163]]
[[ 0.11893683  0.0593005   0.01091179]]
[[-0.02148906  0.03316294  0.01618721]]
[[ 0.02180714  0.04196659  0.01446489]]
[[ -3.65120146e-02   5.35499900e-02   9.24404792e-05]]
[[ 0.03229879  0.05186065  0.00505102]]
[[-0.00900795 -0.01909252 -0.0029211 ]]
[[-0.02091931 -0.04880916 -0.0063091 ]]
[[-0.01101718 -0.01680682 -0.01358711]]
[[-0.01273432 -0.04250222 -0.0141989 ]]
[[ 0.02564712 -0.03771761  0.00285705]]
[[-0.08647654 -0.05207231 -0.01183825]]
[[-0.00570843 -0.01752832  0.00825404]]
[[-0.01915833 -0.03844226  0.00502078]]
[[-0.00693135 -0.00813903 -0.01774785]]
[[-0.00110045 -0.01849614 -0.01427935]]
[[ 0.01253504 -0.03166851 -0.00803563]]
[[-0.03252415 -0.04390367 -0.01728711]]
[[ 0.14405163 -0.05030228  0.01790068]]
[[-0.32693651 -0.06409104 -0.04527463]]
[[ 0.02680862 -0.03020591  0.0125458 ]]
[[-0.0563779  -0.03243493  0.00772696]]
[[ 0.00016125 -0.00903585  0.01473788]]
[[-0.00927346 -0.01369222  0.01112079]]
[[-0.00397322 -0.00252223 -0.01426716]]
[[ 0.00232775 -0.00560438 -0.00983359]]
[[-0.00177307 -0.00970581 -0.01225362]]
[[ 0.00383242 -0.01543605 -0.01275272]]
[[ 0.05150393 -0.04784921 -0.00964672]]
[[-0.03534892 -0.04402531 -0.02804871]]
[[ 0.68691097 -0.0533512   0.09005143]]
[[-1.01794459 -0.23654134 -0.16102097]]
[[ 0.08383484 -0.03636697  0.02439153]]
[[-0.10025823 -0.01571182  0.0191717 ]]
[[ 0.01353616 -0.00894757  0.01315059]]
[[-0.01915536 -0.00606732  0.011057  ]]
[[ 0.00162013 -0.00349509  0.01276021]]
[[-0.00397485 -0.00292317  0.00914034]]
[[-0.00267322 -0.00038571 -0.01005678]]
[[ 0.00241818 -0.00117293 -0.00639292]]
[[-0.00586664 -0.00122253 -0.00941771]]
[[ 0.00857988 -0.00388367 -0.00736558]]
[[-0.00806429 -0.01117145 -0.01451744]]
[[ 0.02233876 -0.01122948 -0.01312625]]
[[ 0.04191944 -0.04565091 -0.02402573]]
[[ 0.04368085 -0.04118457 -0.03852702]]
[[ 2.08998752 -0.1710329   0.23792781]]
[[-0.86031867 -1.48195396 -0.32244333]]
[[ 0.11131261 -0.01973664  0.04001595]]
[[-0.0923549   0.00850689  0.03891105]]
[[ 0.02285749 -0.00508232  0.0146757 ]]
[[-0.02174639  0.00285635  0.01382194]]
[[ 0.00562252 -0.00161619  0.00900133]]
[[-0.00696929  0.00089941  0.00766664]]
[[ 0.00137091 -0.00121929  0.00939325]]
[[-0.00194627  0.00022757  0.0065956 ]]
[[-0.00234946  0.00031538 -0.00729717]]
[[ 0.00147645  0.00016402 -0.00453643]]
[[-0.00637411  0.00060523 -0.00658269]]
[[ 0.00522205 -0.00012226 -0.00482857]]
[[-0.01669987 -0.00064682 -0.00995248]]
[[ 0.01491685 -0.00137182 -0.00713601]]
[[-0.04308211 -0.00443377 -0.0198281 ]]
[[ 0.04264937 -0.00540958 -0.01135211]]
[[-0.12844853 -0.0211632  -0.05994102]]
[[ 0.15021977 -0.02083255 -0.03060253]]
[[-3.7449855   0.11592876 -0.5687786 ]]
[[ 0.54196563  1.5105793   0.26835312]]
[[ 0.01922343  0.0099781   0.03768206]]
[[-0.00110339  0.02786246  0.04398437]]
[[ 0.01280266  0.00286581  0.01478409]]
[[-0.00984126  0.00856254  0.0145694 ]]
[[ 0.00541843  0.00121521  0.00814518]]
[[-0.00592488  0.00363948  0.00830122]]
[[  1.98400930e-03   6.48585545e-05   5.96930641e-03]]
[[-0.00266434  0.00175635  0.00533692]]
[[ 0.00085877 -0.00029186  0.00697517]]
[[-0.00095303  0.00085445  0.00479063]]
[[-0.00309782  0.0008841  -0.00835993]]
[[ 0.0022137   0.00203065 -0.00616705]]
[[-0.01182134  0.00255411 -0.00836332]]
[[ 0.00983356  0.00317218 -0.00632172]]
[[-0.04245698  0.00467252 -0.01873191]]
[[ 0.03599531  0.00418823 -0.00952804]]
[[-0.19311443  0.01482049 -0.05738824]]
[[ 0.14759393  0.00706813 -0.01324653]]
[[-2.66911915  0.28168587 -0.35186275]]
[[ 1.00874026  0.28843136  0.11925214]]
[[-0.08953781  0.03542514  0.01621978]]
[[ 0.068311    0.03522083  0.02909949]]
[[-0.00301579  0.00964103  0.01246293]]
[[ 0.00489556  0.01370776  0.01383614]]
[[ 0.00169334  0.00365275  0.00717781]]
[[-0.00120845  0.00635338  0.00792889]]
[[ 0.00080488  0.00110574  0.00816742]]
[[-0.00090248  0.00353589  0.00704976]]
[[-0.00539145  0.00370543 -0.01139638]]
[[ 0.00400928  0.00736671 -0.00775216]]
[[-0.02490928  0.01277372 -0.01261832]]
[[ 0.02121637  0.01321169 -0.00721526]]
[[-0.11979189  0.03508542 -0.0331655 ]]
[[ 0.09050779  0.02545992 -0.00579093]]
[[-0.9421689   0.14709439 -0.1220886 ]]
[[ 0.41786182  0.07836661  0.04144427]]
[[-0.07935499  0.04469554  0.00745816]]
[[ 0.06076725  0.03774094  0.01799729]]
[[-0.00867094  0.01593868  0.00938726]]
[[ 0.00787722  0.01877027  0.01116393]]
[[-0.00046293  0.00471898  0.01140431]]
[[  8.54526494e-06   1.00173682e-02   9.95965715e-03]]
[[-0.00977952  0.01209011 -0.01368506]]
[[ 0.00769447  0.01963105 -0.00780268]]
[[-0.04930531  0.04138112 -0.01349669]]
[[ 0.04142067  0.03392933 -0.00310093]]
[[-0.21404074  0.08567528 -0.02589489]]
[[ 0.13726698  0.04802665  0.01164443]]
[[-0.03672976  0.04542189  0.00639589]]
[[ 0.03220863  0.03905531  0.01043672]]
[[-0.00463269  0.01431303  0.01403172]]
[[ 0.00353467  0.02374595  0.01222126]]
[[-0.01615564  0.02870601 -0.0092038 ]]
[[ 0.01241452  0.03771495 -0.00297659]]
[[-0.05403351  0.06150847 -0.00355494]]
[[ 0.04640171  0.04305051  0.00426016]]
[[-0.01278683  0.0307928   0.01059739]]
[[ 0.01007453  0.04087617  0.00984511]]
[[-0.0177294   0.03603714  0.00097096]]
[[ 0.01198072  0.04273094  0.00361956]]
[[-0.0043716  -0.02112814 -0.00260266]]
[[-0.0017367  -0.04385046 -0.00592886]]
[[-0.00548758 -0.02012523 -0.01235346]]
[[-0.00114258 -0.03962078 -0.01563774]]
[[ 0.00643843 -0.03518924  0.0007014 ]]
[[-0.02585966 -0.05390869 -0.00533766]]
[[-0.00312825 -0.02028002  0.00687789]]
[[-0.00287681 -0.03744807  0.0053213 ]]
[[-0.00388825 -0.01211796 -0.01713907]]
[[ 0.00029754 -0.02090571 -0.01811194]]
[[ 0.0016133  -0.0302582  -0.00642251]]
[[-0.01576376 -0.04585836 -0.01135933]]
[[ 0.05449166 -0.05734784  0.00477301]]
[[-0.09336832 -0.05430526 -0.01254789]]
[[ 0.00776714 -0.02964663  0.00724331]]
[[-0.0237511  -0.04169561  0.00370687]]
[[-0.00027693 -0.01237626  0.01349647]]
[[-0.00230285 -0.01756729  0.01309156]]
[[-0.0022909  -0.00530225 -0.01508689]]
[[ 0.00092045 -0.0082757  -0.01425323]]
[[-0.00132252 -0.01347356 -0.00977171]]
[[-0.00119867 -0.0198994  -0.01074035]]
[[ 0.03311864 -0.04640898 -0.00705176]]
[[-0.03455451 -0.04397573 -0.01949995]]
[[ 0.18785518 -0.07626378  0.02328616]]
[[-0.31865277 -0.04797597 -0.04217518]]
[[ 0.04948751 -0.04185236  0.01396043]]
[[-0.0608712  -0.03288299  0.00904113]]
[[ 0.00669651 -0.01271451  0.00998965]]
[[-0.01107696 -0.01465297  0.00823652]]
[[ 0.00093829 -0.00575317  0.01315776]]
[[-0.00126819 -0.00590554  0.01234203]]
[[-0.00141259 -0.00189506 -0.01121403]]
[[ 0.00088817 -0.00286219 -0.00996274]]
[[-0.00217944 -0.00399185 -0.00813104]]
[[ 0.00304944 -0.00635752 -0.00718794]]
[[ 0.00450643 -0.0169872  -0.01134508]]
[[ 0.00451127 -0.01465522 -0.013716  ]]
[[ 0.06660747 -0.04811961 -0.00928496]]
[[-0.03092756 -0.0410129  -0.02890561]]
[[ 0.84555533 -0.18581882  0.10986066]]
[[-0.90198825 -0.04404401 -0.13212421]]
[[ 0.10452261 -0.03588143  0.02873376]]
[[-0.09908186 -0.01474468  0.01980948]]
[[ 0.02208673 -0.01243697  0.01275818]]
[[-0.02001019 -0.00521855  0.01214963]]
[[ 0.00423364 -0.003934    0.00803391]]
[[-0.00441856 -0.00318524  0.00662958]]
[[ 0.00104605 -0.00239568  0.01035373]]
[[-0.00067046 -0.00143014  0.00943074]]
[[-0.00098834 -0.00046563 -0.0080818 ]]
[[ 0.00068542 -0.00081481 -0.00699956]]
[[-0.00229183 -0.00065089 -0.00584625]]
[[ 0.00307154 -0.00160337 -0.00462045]]
[[-0.00480686 -0.00403201 -0.00855953]]
[[ 0.00941093 -0.00369732 -0.00783506]]
[[-0.00640585 -0.01150229 -0.01453892]]
[[ 0.0241922  -0.00983582 -0.01291739]]
[[ 0.05810081 -0.04426401 -0.02396002]]
[[ 0.05404637 -0.03547699 -0.03625823]]
[[ 2.74489395 -0.82788267  0.31925785]]
[[-0.69560927 -0.07632526 -0.18904264]]
[[ 0.13790229 -0.01802275  0.04694536]]
[[-0.08200727  0.01102345  0.03836789]]
[[ 0.02875769 -0.00440559  0.01590887]]
[[-0.02082258  0.00395837  0.01375883]]
[[ 0.0086456  -0.00191304  0.00828944]]
[[-0.00685965  0.00119037  0.00817908]]
[[ 0.00242479 -0.000881    0.00570396]]
[[-0.00198814  0.00012622  0.00473365]]
[[ 0.00085788 -0.00087725  0.0077757 ]]
[[-0.00038005  0.00012385  0.00701497]]
[[-0.00083555  0.00012649 -0.0060069 ]]
[[ 0.00051044 -0.00023931 -0.00634845]]
[[-0.00233999  0.00031503 -0.00422874]]
[[ 0.00188151 -0.00031095 -0.00408115]]
[[-0.00648509 -0.00014672 -0.00592426]]
[[ 0.00554555 -0.00029961 -0.00503008]]
[[-0.01697679 -0.00101082 -0.01000392]]
[[ 0.01528151 -0.00108875 -0.00702292]]
[[-0.04291274 -0.00405742 -0.01959387]]
[[ 0.04352772 -0.00417893 -0.01103153]]
[[-0.11176163 -0.01898467 -0.05825288]]
[[ 0.15595352 -0.01775414 -0.02676381]]
[[-0.08233813 -0.0014103  -0.05657887]]
[[ 0.65710017 -0.04348908 -0.12056561]]
[[ 0.04513993  0.01362548  0.04634268]]
[[ 0.01105122  0.03068212  0.04093747]]
[[ 0.01823804  0.00395135  0.01566926]]
[[-0.00754738  0.00952604  0.01439447]]
[[ 0.00815648  0.00146899  0.00858589]]
[[-0.00486597  0.00379689  0.00819952]]
[[ 0.0033463   0.00067103  0.00540349]]
[[-0.0020811   0.00153352  0.00548525]]
[[  1.30016350e-03   9.88242834e-05   4.09153033e-03]]
[[-0.00056171  0.00046729  0.00417457]]
[[ 0.00065742 -0.00015769  0.00593945]]
[[-0.00013642  0.00055538  0.00646126]]
[[-0.00094435  0.0006852  -0.00634886]]
[[ 0.00073268  0.00037505 -0.00815424]]
[[-0.00391192  0.00161723 -0.00486814]]
[[ 0.00274729  0.00074874 -0.0053867 ]]
[[-0.01372308  0.00260577 -0.00925836]]
[[ 0.00971483  0.00296393 -0.00655099]]
[[-0.04540203  0.00460679 -0.01846476]]
[[ 0.03548712  0.00473954 -0.00897732]]
[[-0.19064875  0.014426   -0.05552958]]
[[ 0.14679683  0.00677352 -0.01126675]]
[[-2.40489889  0.84835904 -0.19995255]]
[[ 1.02719235 -0.07554853  0.07304208]]
[[-0.08656821  0.03887597  0.01727657]]
[[ 0.07219346  0.03611308  0.02628961]]
[[-0.00247149  0.01080692  0.01223175]]
[[ 0.00551314  0.01463063  0.01341181]]
[[ 0.00235749  0.00435725  0.00794061]]
[[-0.00102101  0.00638102  0.0082401 ]]
[[ 0.00120467  0.00220441  0.00468422]]
[[-0.00030082  0.00181274  0.00568941]]
[[ 0.00056856  0.00089113  0.00650199]]
[[ -3.68649900e-05   1.46564246e-03   8.58961711e-03]]
[[-0.00153916  0.0027225  -0.0082482 ]]
[[ 0.0012675   0.00170675 -0.01049222]]
[[-0.00747804  0.00650144 -0.00670547]]
[[ 0.00511589  0.00357374 -0.0069384 ]]
[[-0.03036366  0.01271378 -0.01404916]]
[[ 0.02023575  0.01262772 -0.00719195]]
[[-0.12767993  0.03223962 -0.03233305]]
[[ 0.087842    0.02348752 -0.00459353]]
[[-0.91220892  0.21768563 -0.09636156]]
[[ 0.41148722 -0.0114642   0.0326483 ]]
[[-0.08651697  0.04462298  0.00505811]]
[[ 0.06030588  0.0364866   0.01599005]]
[[-0.01142251  0.01707918  0.00962405]]
[[ 0.00738715  0.01869573  0.01146144]]
[[-0.00094818  0.00795207  0.00642701]]
[[ 0.00130696  0.00541023  0.00754076]]
[[ 0.00041343  0.00333627  0.00898723]]
[[ 0.00031478  0.00326004  0.01151056]]
[[-0.00258151  0.00761664 -0.01007299]]
[[ 0.00235527  0.00450996 -0.01254574]]
[[-0.01415482  0.01876467 -0.00810513]]
[[ 0.0102306   0.01018035 -0.00743286]]
[[-0.0602944   0.03815211 -0.01541667]]
[[ 0.03944783  0.03099883 -0.00257987]]
[[-0.2153263   0.08230864 -0.02308992]]
[[ 0.1317436   0.02363874  0.00966574]]
[[-0.04632172  0.04360834  0.00460207]]
[[ 0.03101141  0.03654198  0.01035352]]
[[-0.0074103   0.02187684  0.00750861]]
[[ 0.00653354  0.01298005  0.00816016]]
[[-0.00023874  0.00896116  0.01199608]]
[[ 0.00129036  0.0066793   0.01439266]]
[[-0.00427047  0.01762817 -0.00963897]]
[[ 0.00421427  0.00941241 -0.01192366]]
[[-0.02255667  0.03912196 -0.00563669]]
[[ 0.01720847  0.01980247 -0.00439302]]
[[-0.06251693  0.05342529 -0.00517412]]
[[ 0.04389718  0.03470526  0.00439664]]
[[-0.01829283  0.04197282  0.00486119]]
[[ 0.01538349  0.02190046  0.00493003]]
[[-0.00202583  0.01993137  0.01353064]]
[[ 0.00335399  0.01187286  0.01449968]]
[[-0.00619337  0.03046961 -0.00397639]]
[[ 0.00603812  0.01447593 -0.00617427]]
[[-0.02285238  0.04546324 -0.0002134 ]]
[[ 0.01705845  0.02187621  0.00023973]]
[[-0.00488797  0.03225689  0.01007128]]
[[ 0.00566172  0.01601274  0.00902136]]
[[-0.00640059  0.03313009  0.00308032]]
[[ 0.00562273  0.01520916  0.00127927]]
[[ 0.01583561 -0.05544489 -0.0011576 ]]
[[-0.01184643 -0.04879241 -0.00692946]]
[[ 0.01041845 -0.0479363  -0.00984412]]
[[-0.00624532 -0.03710818 -0.01912117]]
[[ 0.05700049 -0.06013093  0.00509569]]
[[-0.07954398 -0.06490861 -0.0118584 ]]
[[ 0.01552672 -0.04594141  0.00727063]]
[[-0.01233443 -0.03425867  0.00994957]]
[[ 0.00302581 -0.02252265 -0.01248604]]
[[ 0.00132014 -0.01387444 -0.01889046]]
[[ 0.03458583 -0.04760252 -0.00736664]]
[[-0.02745133 -0.04325829 -0.01824681]]
[[ 0.19577247 -0.0706227   0.024792  ]]
[[-0.27986841 -0.06585602 -0.04150307]]
[[ 0.05037846 -0.04332195  0.01424891]]
[[-0.05060274 -0.03500179  0.00892565]]
[[ 0.00966263 -0.01959588  0.01089688]]
[[-0.00601774 -0.01001872  0.01641472]]
[[-0.00037163 -0.00768969 -0.00954433]]
[[ 0.00304324 -0.00391009 -0.01304083]]
[[ 0.00521407 -0.0169767  -0.01117284]]
[[ 0.00513597 -0.012182   -0.01237787]]
[[ 0.06936729 -0.04695596 -0.01006287]]
[[-0.0213098  -0.0374027  -0.02890039]]
[[ 0.87159489 -0.10318879  0.11781934]]
[[-0.78933201 -0.04496218 -0.13022803]]
[[ 0.10882593 -0.03597074  0.0304984 ]]
[[-0.08381112 -0.0159182   0.02072453]]
[[ 0.02205402 -0.01250965  0.01263395]]
[[-0.01582127 -0.00472095  0.01127955]]
[[ 0.00504201 -0.00597108  0.00880527]]
[[-0.00226032 -0.00166701  0.01257845]]
[[-0.0014199  -0.00208282 -0.00656845]]
[[ 0.00253893 -0.00096569 -0.00870335]]
[[-0.00397239 -0.00410697 -0.00823292]]
[[ 0.00860697 -0.00246969 -0.00699971]]
[[-0.00494434 -0.01052095 -0.01439952]]
[[ 0.02383635 -0.00752566 -0.01311991]]
[[ 0.06699637 -0.04009884 -0.02182671]]
[[ 0.05910189 -0.02724504 -0.03163662]]
[[ 2.8731271  -0.21383172  0.37883277]]
[[-0.72735856 -0.00846078 -0.21867883]]
[[ 0.15191258 -0.01674403  0.04995656]]
[[-0.06423528  0.01263614  0.0348603 ]]
[[ 0.03014366 -0.00367911  0.01642997]]
[[-0.01672926  0.00437222  0.01418766]]
[[ 0.00889915 -0.00196219  0.0081223 ]]
[[-0.00491799  0.00119099  0.0073667 ]]
[[ 0.00262117 -0.00123277  0.00629903]]
[[-0.00088636  0.00027328  0.00881222]]
[[-0.00164742 -0.00028798 -0.00445027]]
[[ 0.00170672 -0.00049467 -0.00739895]]
[[-0.00556733 -0.00029448 -0.00565679]]
[[ 0.0049225  -0.00064635 -0.00588468]]
[[-0.01552594 -0.0007425  -0.00973553]]
[[ 0.01385758 -0.00055758 -0.00707515]]
[[-0.03986238 -0.00283594 -0.01881888]]
[[ 0.04072212 -0.00209045 -0.01089192]]
[[-0.09072312 -0.01502805 -0.04952066]]
[[ 0.14879277 -0.01106213 -0.02178194]]
[[ 3.72546885 -0.15513536  0.57100759]]
[[ 0.42197606  0.10105655 -0.04299977]]
[[ 0.06792934  0.01606705  0.04868655]]
[[ 0.02054366  0.03314504  0.03525976]]
[[ 0.02170019  0.00475735  0.01619674]]
[[-0.00435302  0.00999475  0.01417785]]
[[ 0.00954534  0.00160522  0.00880019]]
[[-0.00275417  0.00323814  0.00808529]]
[[ 0.0039213   0.00047695  0.00534378]]
[[-0.000473    0.00079393  0.00609271]]
[[ 0.00143923  0.00016677  0.00439416]]
[[ 0.00017487  0.00067162  0.00756837]]
[[-0.0030881   0.00111446 -0.00618273]]
[[ 0.00248859  0.00012083 -0.00964532]]
[[-0.01255098  0.0025395  -0.00859682]]
[[ 0.00793711  0.00075858 -0.00790759]]
[[-0.04277291  0.00521503 -0.01765387]]
[[ 0.02982515  0.00581804 -0.00878019]]
[[-0.173678    0.01481944 -0.04920994]]
[[ 0.13092264  0.01011737 -0.00962619]]
[[-1.89169193  0.09282705 -0.21812603]]
[[ 0.88156943 -0.03783138  0.07255796]]
[[-0.07687769  0.04048937  0.01643193]]
[[ 0.06734227  0.03786037  0.0227143 ]]
[[-0.00167858  0.01163524  0.01228545]]
[[ 0.00521645  0.01474252  0.01297855]]
[[ 0.0025439   0.00442224  0.00756105]]
[[ 0.00053746  0.00344472  0.00858959]]
[[ 0.00137756  0.0016778   0.00621597]]
[[ 0.00065819  0.0017343   0.01021542]]
[[-0.0060691   0.00536898 -0.00830102]]
[[ 0.00463882  0.00158815 -0.01235583]]
[[-0.02860344  0.01246468 -0.01283357]]
[[ 0.01627435  0.00582927 -0.00930013]]
[[-0.11945082  0.0307703  -0.02921656]]
[[ 0.07212084  0.02401082 -0.0040478 ]]
[[-0.79893631  0.04569398 -0.10533763]]
[[ 0.34785169 -0.00568897  0.02979355]]
[[-0.08259932  0.04423581  0.00404296]]
[[ 0.05044755  0.03624088  0.01410388]]
[[-0.01113431  0.01725049  0.00882361]]
[[ 0.0077154   0.01048722  0.01054245]]
[[-0.00036713  0.00685911  0.0086182 ]]
[[ 0.00249985  0.00388285  0.01349376]]
[[-0.01165413  0.0161422  -0.00948606]]
[[ 0.0092522   0.00477453 -0.01309774]]
[[-0.05662713  0.03551144 -0.01362921]]
[[ 0.03222497  0.01590637 -0.00558734]]
[[-0.19061476  0.03860937 -0.02537606]]
[[ 0.10447585  0.02316832  0.00873338]]
[[-0.04431214  0.04145268  0.00333624]]
[[ 0.02718691  0.02015283  0.00713588]]
[[-0.00574985  0.01933734  0.01021163]]
[[ 0.00745274  0.00751489  0.01450523]]
[[-0.01833741  0.03351635 -0.00557237]]
[[ 0.01552168  0.00877958 -0.00757197]]
[[-0.05663074  0.04001828 -0.00587936]]
[[ 0.03523222  0.01775999  0.00113668]]
[[-0.01468629  0.03640063  0.00701186]]
[[ 0.01488367  0.01046549  0.00871821]]
[[-0.01794072  0.03691243  0.0007381 ]]
[[ 0.01554068  0.00989045  0.0005896 ]]
[[ 0.04012995 -0.06722769  0.00181749]]
[[-0.03492529 -0.07271809 -0.01371187]]
[[ 0.02351684 -0.04684394 -0.01308315]]
[[-0.00804205 -0.03644043 -0.02874362]]
[[ 0.16777868 -0.0799633   0.02048072]]
[[-0.2045142  -0.09420458 -0.03452892]]
[[ 0.03519684 -0.04398775  0.01556689]]
[[-0.02267242 -0.03244038  0.01929956]]
[[ 0.00326855 -0.0143982  -0.01450894]]
[[ 0.00624756 -0.00786208 -0.02112948]]
[[ 0.05907825 -0.04454575 -0.01125911]]
[[-0.00877552 -0.03305966 -0.02553488]]
[[ 0.78411038 -0.10436802  0.10280475]]
[[-0.61775847 -0.06618241 -0.11015132]]
[[ 0.09453478 -0.03646937  0.02846846]]
[[-0.05717681 -0.01864845  0.01941591]]
[[ 0.01550829 -0.01109564  0.01520117]]
[[-0.00662915 -0.00378047  0.02055732]]
[[-0.00265549 -0.00281657 -0.00986294]]
[[ 0.00630173 -0.00129415 -0.01280336]]
[[-0.00344398 -0.0085443  -0.01354045]]
[[ 0.02095509 -0.00432932 -0.01170596]]
[[ 0.06484049 -0.03398022 -0.02019358]]
[[ 0.0587746  -0.01787575 -0.02889062]]
[[ 2.62402653 -0.16289148  0.32975456]]
[[-0.65674817  0.04430131 -0.17484864]]
[[ 0.14779419 -0.01537256  0.04886545]]
[[-0.04209278  0.01353101  0.03274773]]
[[ 0.02660391 -0.00315535  0.01563193]]
[[-0.00995262  0.00393856  0.01296508]]
[[ 0.00661815 -0.00144195  0.00996257]]
[[-0.00152464  0.0005178   0.01314287]]
[[-0.00347052 -0.00016099 -0.00631732]]
[[ 0.00387494 -0.00091467 -0.01020821]]
[[ -1.21580601e-02  -8.68810361e-05  -8.88885082e-03]]
[[ 0.01122758 -0.00106787 -0.00855527]]
[[-0.03403023 -0.00104381 -0.01761716]]
[[  3.46265983e-02   6.28496880e-05  -1.08894455e-02]]
[[-0.07254489 -0.00878746 -0.0401779 ]]
[[ 0.13047402 -0.001509   -0.01876924]]
[[ 3.35523409 -0.05307678  0.39907742]]
[[ 0.25001815  0.17378417 -0.04684485]]
[[ 0.07973663  0.01831621  0.04625425]]
[[ 0.02592237  0.03601883  0.03088912]]
[[ 0.02268104  0.00521609  0.01634111]]
[[-0.00019441  0.00911709  0.01375338]]
[[ 0.00935742  0.0014212   0.00853754]]
[[ 0.0007131   0.00158414  0.00900089]]
[[ 0.00337687  0.00029953  0.00639499]]
[[ 0.00106851  0.00098044  0.01052996]]
[[-0.00802352  0.00197266 -0.00926308]]
[[  5.79783182e-03   2.26559581e-07  -1.35267404e-02]]
[[-0.0346894   0.00603971 -0.01561451]]
[[ 0.02159218  0.00178356 -0.0112585 ]]
[[-0.14692367  0.01721423 -0.04113203]]
[[ 0.10208833  0.01585194 -0.00869381]]
[[-1.58108363  0.13864005 -0.1659164 ]]
[[ 0.70250441 -0.00692604  0.05481281]]
[[-0.0641606   0.04159286  0.01516385]]
[[ 0.05424697  0.04010478  0.01991522]]
[[-0.00070504  0.01182647  0.01179156]]
[[ 0.00643543  0.00817718  0.01267883]]
[[ 0.00252664  0.00346629  0.00917472]]
[[ 0.00234979  0.00283631  0.01451359]]
[[-0.01847447  0.01094081 -0.01260513]]
[[ 0.01148311  0.00250249 -0.01605317]]
[[-0.09666166  0.03063376 -0.02375418]]
[[ 0.05087872  0.01143893 -0.0079386 ]]
[[-0.68200516  0.05765324 -0.08431519]]
[[ 0.25963178  0.00253132  0.02225927]]
[[-0.06818669  0.04370306  0.00386241]]
[[ 0.03853885  0.0204652   0.0099167 ]]
[[-0.00630762  0.0153861   0.0117102 ]]
[[ 0.00791138  0.00635766  0.0174037 ]]
[[-0.03626967  0.03157291 -0.01042341]]
[[ 0.02210631  0.00663966 -0.01031776]]
[[-0.15390959  0.03826516 -0.01931917]]
[[ 0.07077558  0.00888431  0.00308158]]
[[-0.02800724  0.03734702  0.00726022]]
[[ 0.02054937  0.00923962  0.010897  ]]
[[-0.03616284  0.03496361 -0.00184451]]
[[ 0.02380911  0.00790324  0.00061125]]
[[ 0.10585513 -0.09898961  0.01006589]]
[[-0.08530428 -0.1195264  -0.03228675]]
[[ 0.03607778 -0.04142212 -0.01998122]]
[[ 0.00709823 -0.02388143 -0.03874891]]
[[ 0.6067765  -0.11244643  0.07857004]]
[[-0.39911889 -0.10213107 -0.08191625]]
[[ 0.06073479 -0.03729758  0.02899882]]
[[-0.02002213 -0.01793876  0.03493166]]
[[-0.001956   -0.00573541 -0.01624615]]
[[ 0.01509305 -0.00166268 -0.02088481]]
[[ 0.05176702 -0.02698276 -0.01956983]]
[[ 0.05339714 -0.0070347  -0.02415031]]
[[ 2.17445939 -0.11847768  0.27327144]]
[[-0.48758278  0.05834601 -0.13548325]]
[[ 0.12255086 -0.0141052   0.04304451]]
[[-0.01727033  0.01412284  0.02894312]]
[[ 0.01787744 -0.00276435  0.01808116]]
[[-0.0016503   0.00176553  0.02248163]]
[[-0.00687023  0.00019007 -0.00950784]]
[[ 0.00832869 -0.00156119 -0.01478863]]
[[-0.02525185  0.00092546 -0.01549374]]
[[ 0.02671245 -0.00123149 -0.01341007]]
[[-0.05741103 -0.00101761 -0.03398145]]
[[ 0.10424566  0.00802149 -0.01741624]]
[[ 2.81379969  0.00680089  0.34974012]]
[[ 0.14421776  0.23431661 -0.03200084]]
[[ 0.07864146  0.02057993  0.04262906]]
[[ 0.02836365  0.03709179  0.02785893]]
[[ 0.02073479  0.00491234  0.01549579]]
[[ 0.00597467  0.00457072  0.0145997 ]]
[[ 0.00723991  0.00073805  0.00992814]]
[[ 0.00344611  0.00167882  0.01549093]]
[[-0.02049244  0.00542364 -0.01521618]]
[[ 0.01410917  0.0003064  -0.01939803]]
[[-0.11124576  0.02097654 -0.03228021]]
[[ 0.06844268  0.00661252 -0.0130997 ]]
[[-1.24462291  0.14802915 -0.12893818]]
[[ 0.49890844  0.03236115  0.04002793]]
[[-0.04857682  0.04232868  0.01409583]]
[[ 0.04109379  0.0232665   0.0151955 ]]
[[ 0.00120754  0.00987465  0.01450262]]
[[ 0.00803661  0.00559708  0.02104371]]
[[-0.05715307  0.02871522 -0.01786921]]
[[ 0.03031937  0.00447943 -0.01524566]]
[[-0.51276922  0.06207255 -0.06256353]]
[[ 0.16035788 -0.00654312  0.0090205 ]]
[[-0.03993228  0.04066054  0.00987703]]
[[ 0.02631916  0.00931328  0.01518833]]
[[-0.09085631  0.03547232 -0.00943128]]
[[ 0.03735292  0.00384144  0.00094055]]
[[ 0.3497416  -0.13300427  0.04176251]]
[[-0.14164637 -0.14851765 -0.06105753]]
[[ 0.02968866 -0.01803497 -0.0273872 ]]
[[ 0.04157241 -0.00085832 -0.03934188]]
[[ 1.57249519 -0.09646279  0.19504259]]
[[-0.25800251  0.05838621 -0.08365443]]
[[ 0.07594397 -0.01140365  0.04248148]]
[[ 0.00665517  0.007132    0.04514456]]
[[-0.01339488  0.00159609 -0.01563295]]
[[ 0.01924532 -0.00251719 -0.02277459]]
[[-0.04146144  0.00688495 -0.02858308]]
[[ 0.07637118  0.00297426 -0.02182472]]
[[ 2.18123066  0.05313825  0.26815087]]
[[ 0.08453185  0.27763884 -0.01703203]]
[[ 0.0662124   0.0218691   0.03737859]]
[[ 0.03397934  0.02030894  0.0251717 ]]
[[ 0.01535851  0.00305311  0.01738097]]
[[ 0.01054001  0.00360249  0.02452169]]
[[-0.06287181  0.02110792 -0.02592959]]
[[ 0.04016415  0.00193449 -0.02397475]]
[[-0.87861819  0.16197813 -0.08664738]]
[[ 0.29564506  0.01673056  0.01331178]]
[[-0.02551426  0.03827266  0.02032937]]
[[ 0.03084967  0.01148391  0.02465821]]
[[-0.28861419  0.06846797 -0.02950168]]
[[ 0.0685776  -0.00873738  0.00117978]]
[[ 0.8500737  -0.08449959  0.10166557]]
[[-0.01410834 -0.03008111 -0.05004758]]
[[-0.02059571  0.00866783 -0.02778559]]
[[ 0.05389275 -0.00274048 -0.03608728]]
[[ 1.49255584  0.08776814  0.18399103]]
[[ 0.08044972  0.19670457 -0.01486928]]
[[ 0.04525329  0.01567963  0.03778258]]
[[ 0.03940897  0.01071243  0.03975762]]
[[-0.46933585  0.16496262 -0.03146805]]
[[ 0.13583733 -0.01777189 -0.00058794]]
[[ 0.78061735  0.06128869  0.09580713]]
[[ 0.15975157  0.06688164 -0.00401662]]
