[[-0.9146466   0.00837795 -0.09832717]]
[[ 0.24288991  0.06985898  0.08099401]]
[[ 0.19748089 -0.09802875  0.01914614]]
[[-0.09635524 -0.34507502  0.04536708]]
[[-0.07689328  0.00053479 -0.06697475]]
[[ 0.04223863 -0.00195108 -0.03888661]]
[[-1.67278264  0.05371275 -0.18562751]]
[[ 0.42056592  0.0313714   0.12045976]]
[[-0.02331189 -0.00773697  0.04625349]]
[[-0.01791045  0.00820881  0.04164221]]
[[-0.67658159  0.09349071 -0.07583134]]
[[ 0.25149553  0.18783937  0.06666575]]
[[ 0.04676131 -0.06925562 -0.00347301]]
[[-0.33818337 -0.09007764 -0.0470801 ]]
[[-0.02540674 -0.01664771 -0.0464564 ]]
[[ 0.01909331 -0.03458958 -0.03901047]]
[[ 0.52158087 -0.19788922  0.04550816]]
[[-0.26702247 -0.27560423  0.04036189]]
[[ 0.00395726 -0.01986986  0.03747079]]
[[-0.03987056 -0.0095658   0.0379965 ]]
[[-0.02324475  0.00187768 -0.03082107]]
[[ 0.01486135  0.00032238 -0.01782815]]
[[-0.10312474  0.00169479 -0.05146248]]
[[ 0.07896609 -0.00832619 -0.03120001]]
[[-2.41109232 -0.06115182 -0.31123859]]
[[ 0.45624019  0.10428785  0.17245671]]
[[-0.0191249  -0.00039947  0.03032706]]
[[-0.02043196  0.01668456  0.03693885]]
[[-0.00321711 -0.00211858  0.02538633]]
[[-0.00784614  0.00417694  0.01940959]]
[[-0.06227497  0.01304888 -0.05443133]]
[[ 0.05111571  0.02711443 -0.02827947]]
[[-1.24467705  0.18017459 -0.15582947]]
[[ 0.44585843  0.17412062  0.07842456]]
[[-0.02396513  0.01609132  0.0400538 ]]
[[ 0.01472195  0.03708848  0.03748285]]
[[-0.26957896  0.12468349 -0.02607228]]
[[ 0.13034161  0.1522198   0.02827901]]
[[-0.00689315 -0.04086014 -0.00579886]]
[[-0.12521374 -0.06777511 -0.01929664]]
[[-0.01431682 -0.02051731 -0.03173369]]
[[-0.00824044 -0.0477224  -0.03128944]]
[[ 0.21437719 -0.10710851  0.02485256]]
[[-0.57083998 -0.02696049 -0.03823107]]
[[ 0.00351443 -0.0227082   0.02630677]]
[[-0.03927378 -0.02950572  0.02481274]]
[[-0.01083022 -0.00284902 -0.0275603 ]]
[[ 0.01046641 -0.00654275 -0.01773061]]
[[-0.01394658 -0.02382949 -0.0307462 ]]
[[ 0.03542778 -0.04034885 -0.03644792]]
[[ 0.94320332 -0.21439261  0.09914162]]
[[-0.53216563 -0.11425785  0.14911117]]
[[ 0.03298128 -0.01899957  0.030621  ]]
[[-0.05946122 -0.00383545  0.03613172]]
[[ 0.00349101 -0.00552169  0.02423199]]
[[-0.00981249 -0.00039239  0.01852715]]
[[-0.00922887  0.00107121 -0.01737244]]
[[ 0.00592019  0.00037452 -0.01036362]]
[[-0.0297421   0.00211771 -0.02067068]]
[[ 0.02548224 -0.00143261 -0.0133408 ]]
[[-0.1139387  -0.01365446 -0.05535825]]
[[ 0.10518198 -0.01089602 -0.03434044]]
[[-3.13493385  0.01032615 -0.37765684]]
[[ 0.36883398  0.17460797  0.17265093]]
[[-0.00080388  0.00329592  0.03112172]]
[[-0.01783742  0.02340416  0.04290616]]
[[ 0.00105545  0.00047085  0.01640597]]
[[-0.00898168  0.00659709  0.01564071]]
[[ 0.00050861 -0.00088752  0.01563039]]
[[-0.00359492  0.00215765  0.01112371]]
[[-0.01572982  0.00413843 -0.0242826 ]]
[[ 0.01418259  0.0077882  -0.01598684]]
[[-0.10301896  0.02348925 -0.04353426]]
[[ 0.08505499  0.02423211 -0.01865806]]
[[-1.68686769  0.23321639 -0.20751923]]
[[ 0.57385538  0.17353757  0.08743565]]
[[-0.03795613  0.03126636  0.02269796]]
[[ 0.0303933   0.0406712   0.02971027]]
[[-0.00092475  0.00510524  0.02190418]]
[[-0.00018104  0.01271311  0.01897441]]
[[-0.03953801  0.02893227 -0.03417866]]
[[ 0.03605534  0.04159606 -0.0153473 ]]
[[-0.4535831   0.18355865 -0.05104471]]
[[ 0.21786923  0.12183968  0.02604338]]
[[-0.02304506  0.03317989  0.02915968]]
[[ 0.02146046  0.04950231  0.02499587]]
[[-0.08432979  0.09516077 -0.00296881]]
[[ 0.05616184  0.09310148  0.00986438]]
[[-0.01624419 -0.0299524  -0.00470221]]
[[-0.03786423 -0.08613647 -0.01242716]]
[[-0.0146802  -0.02076774 -0.02372831]]
[[-0.01025912 -0.05153177 -0.02375698]]
[[ 0.05205733 -0.06597986  0.00661946]]
[[-0.18459525 -0.12607824 -0.03399282]]
[[-0.00487507 -0.02191344  0.01711349]]
[[-0.02268728 -0.04295598  0.01407007]]
[[-0.00747692 -0.00662265 -0.0243149 ]]
[[ 0.00327962 -0.01381932 -0.01801635]]
[[ 0.00727782 -0.0340858  -0.0182771 ]]
[[-0.00894579 -0.05012738 -0.0282138 ]]
[[ 0.3796606  -0.1038053   0.04836024]]
[[-0.64955248 -0.33233004 -0.12750845]]
[[ 0.03292668 -0.03068863  0.02242846]]
[[-0.05556923 -0.02838218  0.02179474]]
[[ 0.00207469 -0.00812776  0.02113238]]
[[-0.00803469 -0.00855746  0.0162232 ]]
[[-0.00447667 -0.00099357 -0.01648681]]
[[ 0.00408355 -0.00218751 -0.01056985]]
[[-0.00951391 -0.00394126 -0.01725541]]
[[ 0.01624368 -0.00894468 -0.01422863]]
[[ 0.00806437 -0.04355988 -0.03141147]]
[[ 0.04884198 -0.03924304 -0.04062607]]
[[ 1.32689959 -0.19845981  0.14181244]]
[[-0.575077   -1.54688994 -0.29560011]]
[[ 0.06963189 -0.02492122  0.03535682]]
[[-0.06411879  0.00062664  0.04165596]]
[[ 0.01123113 -0.00430143  0.01659506]]
[[-0.01302867  0.0004992   0.01484763]]
[[ 0.00211717 -0.00232642  0.01522503]]
[[-0.00311958  0.00017059  0.01094925]]
[[-0.00369142  0.00048529 -0.01107756]]
[[ 0.00232615  0.00040125 -0.00685117]]
[[-0.01098299  0.00112983 -0.01097608]]
[[ 0.00915854  0.00015542 -0.00790433]]
[[-0.03240223 -0.00159099 -0.01945634]]
[[ 0.03090498 -0.00189997 -0.01350783]]
[[-0.11413518 -0.01527762 -0.06008801]]
[[ 0.12284876 -0.01102818 -0.03418186]]
[[-3.69086386  0.12064375 -0.56474204]]
[[ 0.37632718  1.56730363  0.25067989]]
[[ 0.02094219  0.0071983   0.03994675]]
[[-0.00882861  0.02824264  0.04545792]]
[[ 0.00809604  0.00242761  0.01528236]]
[[-0.00808707  0.00796612  0.01624063]]
[[ 0.00272253  0.00025305  0.00980905]]
[[-0.00382468  0.00328744  0.00890572]]
[[ 0.0011665  -0.00043555  0.01052862]]
[[-0.001353    0.00144159  0.00729684]]
[[-0.00535494  0.00187414 -0.01366019]]
[[ 0.00389969  0.00446544 -0.00981065]]
[[-0.02409089  0.00694968 -0.01596733]]
[[ 0.02081944  0.00891869 -0.01092025]]
[[-0.12644933  0.0226854  -0.05012518]]
[[ 0.10115867  0.02080256 -0.01794009]]
[[-1.91387761  0.31315246 -0.25716954]]
[[ 0.68720304  0.36456599  0.08502752]]
[[-0.04452183  0.03663974  0.02546105]]
[[ 0.04006289  0.04284479  0.03046683]]
[[ -4.56545691e-05   9.37253947e-03   1.30748528e-02]]
[[ 0.00132997  0.01501743  0.01454641]]
[[ 0.00096129  0.0022606   0.01328537]]
[[-0.00111343  0.00694617  0.01153617]]
[[-0.0106902   0.00946883 -0.01939139]]
[[ 0.00816332  0.01781809 -0.01202248]]
[[-0.06396405  0.04326592 -0.02456831]]
[[ 0.052393    0.03897843 -0.00895627]]
[[-0.56159773  0.18303466 -0.07007985]]
[[ 0.26579161  0.1284397   0.02683104]]
[[-0.0383767   0.05029377  0.01472955]]
[[ 0.03337572  0.04887696  0.01817749]]
[[-0.00262205  0.01151782  0.01935674]]
[[ 0.00183008  0.02255945  0.01669448]]
[[-0.02180424  0.03402261 -0.01807023]]
[[ 0.01641257  0.04726084 -0.00737689]]
[[-0.12229824  0.11570163 -0.01009648]]
[[ 0.08389051  0.07921521  0.00779419]]
[[-0.01546755  0.03784514  0.01911101]]
[[ 0.01196023  0.05316009  0.0164677 ]]
[[-0.03143389  0.06147913  0.00138501]]
[[ 0.02003669  0.06789226  0.00556692]]
[[-0.00706157 -0.03165647 -0.00385026]]
[[-0.00199877 -0.07010018 -0.00968963]]
[[-0.00723998 -0.02590122 -0.02038198]]
[[-0.00046617 -0.04978096 -0.02527284]]
[[ 0.01084258 -0.059265    0.0014756 ]]
[[-0.0435807  -0.09280544 -0.01053767]]
[[-0.00310909 -0.02608668  0.01322783]]
[[-0.00364864 -0.04560304  0.01256526]]
[[-0.00415032 -0.01195052 -0.02373612]]
[[ 0.00133439 -0.01896345 -0.02396162]]
[[ 0.00082315 -0.03665157 -0.01239814]]
[[-0.01160591 -0.05483364 -0.01879598]]
[[ 0.11604767 -0.11414024  0.01225933]]
[[-0.17848441 -0.10903363 -0.03173988]]
[[ 0.01206728 -0.03507036  0.013348  ]]
[[-0.0269943  -0.04650917  0.01068208]]
[[ 0.00087736 -0.01254843  0.01979967]]
[[-0.00228582 -0.01497261  0.0195164 ]]
[[-0.00229294 -0.00391597 -0.01791068]]
[[ 0.00147189 -0.0055626  -0.01621565]]
[[-0.00288578 -0.01024879 -0.01379529]]
[[ 0.0045878  -0.01520724 -0.01329543]]
[[ 0.0303519  -0.05302757 -0.0175009 ]]
[[-0.00624646 -0.04764809 -0.03069455]]
[[ 0.53567977 -0.23631081  0.06714524]]
[[-0.541274   -0.13740256 -0.09669786]]
[[ 0.05970908 -0.04356424  0.02413478]]
[[-0.05652387 -0.02737696  0.02405442]]
[[ 0.00814026 -0.00990358  0.01376568]]
[[-0.00890338 -0.00933359  0.01189852]]
[[ 0.0016018  -0.00467647  0.01628004]]
[[-0.00106088 -0.00322454  0.01515239]]
[[-0.00148565 -0.0008858  -0.01222244]]
[[ 0.00108592 -0.00132573 -0.01060516]]
[[-0.0035813  -0.00143418 -0.00959152]]
[[ 0.00527042 -0.00296365 -0.00764843]]
[[-0.0060773  -0.01028558 -0.01588665]]
[[ 0.01811143 -0.00823961 -0.01504487]]
[[ 0.02219475 -0.0441066  -0.03182035]]
[[ 0.05822922 -0.03364761 -0.03791402]]
[[ 1.93912832 -0.85845668  0.21776984]]
[[-0.37872366 -0.14961428 -0.15667669]]
[[ 0.09346669 -0.02433872  0.04182396]]
[[-0.05546009  0.0032689   0.04071205]]
[[ 0.01822381 -0.00597098  0.01559235]]
[[-0.01251521  0.00131417  0.01588073]]
[[ 0.00412495 -0.00178031  0.00935623]]
[[ -3.08325227e-03  -8.53324446e-05   7.86881874e-03]]
[[ 0.00129632 -0.00150334  0.01169589]]
[[ -5.28665108e-04   9.27711809e-05   1.06279603e-02]]
[[-0.00119779  0.00017919 -0.00856372]]
[[ 0.00077011 -0.00030776 -0.00902223]]
[[-0.00362581  0.00054228 -0.00644047]]
[[ 0.00304163 -0.00043965 -0.00617906]]
[[-0.01098144 -0.00015985 -0.00988027]]
[[ 0.00981451 -0.00017886 -0.00821292]]
[[-0.03225454 -0.00218664 -0.01943944]]
[[ 0.03192284 -0.00112575 -0.01310914]]
[[-0.10107328 -0.01396342 -0.05892198]]
[[ 0.12866069 -0.00850747 -0.03031909]]
[[-0.17572768  0.00109757 -0.07077642]]
[[ 0.5322472   0.00271779 -0.13224517]]
[[ 0.04537975  0.01061074  0.04792117]]
[[ 0.00334742  0.03065519  0.04233947]]
[[ 0.01375791  0.00297195  0.01628654]]
[[-0.00569365  0.0085733   0.01596448]]
[[ 0.00514073  0.00123166  0.00888359]]
[[-0.00272622  0.00288447  0.00912354]]
[[ 0.00189377  0.00021081  0.00621117]]
[[-0.00065122  0.00073876  0.00633763]]
[[ 0.0009317  -0.00022572  0.00846072]]
[[-0.00014638  0.00082299  0.00920407]]
[[-0.00145688  0.00126234 -0.00954894]]
[[ 0.00119753  0.00081825 -0.01213015]]
[[-0.00680335  0.0034725  -0.00799542]]
[[ 0.00496831  0.00178606 -0.00859459]]
[[-0.02800783  0.00718985 -0.01754083]]
[[ 0.02058242  0.00845558 -0.01112002]]
[[-0.1289779   0.02183241 -0.04842477]]
[[ 0.10081583  0.0198981  -0.01566971]]
[[-1.69135358  0.87587733 -0.11137522]]
[[ 0.72065576 -0.00431936  0.04115179]]
[[-0.04204774  0.04014141  0.02570357]]
[[ 0.0434471   0.04341655  0.02733054]]
[[ 0.00046799  0.01091613  0.01429742]]
[[ 0.00169566  0.01513552  0.01497276]]
[[ 0.0014781   0.00448164  0.00764086]]
[[  8.81697398e-05   3.55099016e-03   9.15282395e-03]]
[[ 0.00082321  0.00157379  0.00982421]]
[[  5.60963634e-05   2.45636984e-03   1.28814738e-02]]
[[-0.00261971  0.00559276 -0.01286598]]
[[ 0.00229444  0.0036233  -0.01596483]]
[[-0.01500001  0.0159743  -0.01148345]]
[[ 0.01075894  0.00889975 -0.01086857]]
[[-0.07589023  0.04105062 -0.02686105]]
[[ 0.05070514  0.03574503 -0.00823559]]
[[-0.54047121  0.25202344 -0.04573284]]
[[ 0.26605146  0.03751431  0.01840973]]
[[-0.04703163  0.05108226  0.01366182]]
[[ 0.03306728  0.04671881  0.01778783]]
[[-0.00438768  0.0189463   0.0108269 ]]
[[ 0.00487266  0.01224655  0.01191059]]
[[ 0.00043665  0.00664938  0.01430644]]
[[ 0.00086771  0.00607853  0.01781384]]
[[-0.00486586  0.01727826 -0.01476726]]
[[ 0.00465271  0.00985356 -0.01763981]]
[[-0.03017362  0.04800064 -0.01088273]]
[[ 0.02269928  0.02461901 -0.00823512]]
[[-0.13123785  0.11181383 -0.00938459]]
[[ 0.08196255  0.0535114   0.00709925]]
[[-0.02211852  0.05344901  0.00953383]]
[[ 0.0192092   0.02868689  0.00903042]]
[[-0.00141039  0.01980967  0.01877406]]
[[ 0.00327163  0.01318563  0.02088027]]
[[-0.00839558  0.03899982 -0.00851632]]
[[ 0.00802022  0.01876683 -0.01101022]]
[[-0.03744658  0.07623514  0.00010692]]
[[ 0.02854046  0.03293863  0.00020623]]
[[-0.00613439  0.0423221   0.01638461]]
[[ 0.00741863  0.02143792  0.01488241]]
[[-0.01004305  0.0507191   0.00472636]]
[[ 0.00853104  0.02184302  0.00176666]]
[[ 0.02713152 -0.09115565 -0.00110672]]
[[-0.01777222 -0.0856973  -0.01330229]]
[[ 0.01200181 -0.0583696  -0.01762786]]
[[-0.00154545 -0.041241   -0.03145252]]
[[ 0.12423864 -0.10917563  0.01385676]]
[[-0.140801   -0.12242944 -0.02940868]]
[[ 0.02123417 -0.0543236   0.01441089]]
[[-0.01313567 -0.03578975  0.02236629]]
[[ 0.00111332 -0.01847596 -0.01673273]]
[[ 0.00541784 -0.00938905 -0.02350363]]
[[ 0.03333689 -0.05291135 -0.01744072]]
[[ -9.76550795e-05  -4.12032226e-02  -2.75004126e-02]]
[[ 0.55807876 -0.1527153   0.07457276]]
[[-0.44042473 -0.13456862 -0.09426884]]
[[ 0.06177647 -0.0444945   0.02464047]]
[[-0.04292362 -0.02662097  0.02209201]]
[[ 0.01041011 -0.0154065   0.01516558]]
[[-0.00423785 -0.00528927  0.0224267 ]]
[[-0.00200006 -0.00412493 -0.01083394]]
[[ 0.00448606 -0.00171717 -0.01427388]]
[[-0.00444106 -0.01024023 -0.01527916]]
[[ 0.01699351 -0.00539206 -0.01334067]]
[[ 0.03020886 -0.04026878 -0.02998977]]
[[ 0.06040309 -0.02486018 -0.03410442]]
[[ 2.03829534 -0.24676279  0.27324   ]]
[[-0.38995227 -0.08742683 -0.18128012]]
[[ 0.10279104 -0.02283518  0.04421813]]
[[-0.03867506  0.00504288  0.03798824]]
[[ 0.01888653 -0.00601923  0.01538938]]
[[-0.00843361  0.00181719  0.01432505]]
[[ 0.00460108 -0.00271392  0.01032004]]
[[-0.00116848  0.00033482  0.01450481]]
[[-0.00249234 -0.00044496 -0.00675939]]
[[ 0.00283681 -0.00071349 -0.01113032]]
[[-0.0092867  -0.00043669 -0.00940376]]
[[ 0.00891552 -0.00097633 -0.00961816]]
[[-0.02894679 -0.00140707 -0.01868557]]
[[  2.92373730e-02   2.57330177e-05  -1.29795756e-02]]
[[-0.08162996 -0.01025182 -0.05050562]]
[[ 0.12074451 -0.00255606 -0.02558524]]
[[ 3.49130125 -0.15476004  0.53930142]]
[[ 0.33746069  0.13688867 -0.04872158]]
[[ 0.06501306  0.0128565   0.04955548]]
[[ 0.01395801  0.0320949   0.03671353]]
[[ 0.01693552  0.00349745  0.01676779]]
[[-0.0017162   0.0077433   0.01552289]]
[[ 0.00627696  0.00087075  0.00880688]]
[[  6.59802236e-05   1.41893286e-03   1.00159510e-02]]
[[ 0.00218841  0.00024146  0.00666657]]
[[ 0.00053541  0.00104586  0.01142328]]
[[-0.00532841  0.00247219 -0.0100734 ]]
[[ 0.00461857  0.00059518 -0.01526487]]
[[-0.02554416  0.00710144 -0.01606583]]
[[ 0.01712141  0.00292339 -0.01345867]]
[[-0.11559874  0.02173674 -0.0428887 ]]
[[ 0.08520914  0.02128757 -0.01386578]]
[[-1.22736361  0.11631335 -0.13654255]]
[[ 0.5943019   0.02695386  0.04289023]]
[[-0.03438925  0.04131871  0.02467792]]
[[ 0.03944552  0.04315607  0.02415572]]
[[ 0.00104823  0.0111533   0.0135227 ]]
[[ 0.00419572  0.00813353  0.01483552]]
[[ 0.00190232  0.00344695  0.01014396]]
[[ 0.00173732  0.00320491  0.0163247 ]]
[[-0.01212617  0.01339619 -0.01381618]]
[[ 0.00989547  0.00423947 -0.01911118]]
[[-0.06969807  0.03855993 -0.02338941]]
[[ 0.04180862  0.01750219 -0.01180374]]
[[-0.44301022  0.07782869 -0.05702758]]
[[ 0.21100156  0.04073391  0.01721684]]
[[-0.04392528  0.04967442  0.01149305]]
[[ 0.03093222  0.02597488  0.01355787]]
[[-0.00289032  0.01652245  0.01449203]]
[[ 0.00679388  0.00802094  0.02109943]]
[[-0.02427955  0.04100214 -0.01141228]]
[[ 0.02056378  0.01102351 -0.01415107]]
[[-0.11009107  0.06653097 -0.01242432]]
[[ 0.06532643  0.02733734  0.0020469 ]]
[[-0.01736075  0.04669111  0.01300458]]
[[ 0.01936519  0.01419179  0.01574781]]
[[-0.02798476  0.05718901  0.00102582]]
[[ 0.02534425  0.01427842  0.00079072]]
[[ 0.08784217 -0.11894731  0.00712097]]
[[-0.05348263 -0.13002787 -0.02897648]]
[[ 0.02302922 -0.04743815 -0.02461242]]
[[ 0.01067983 -0.02824347 -0.04252375]]
[[ 0.46590907 -0.15078807  0.05937193]]
[[-0.28903598 -0.14760284 -0.07176345]]
[[ 0.04406754 -0.04202947  0.02823665]]
[[-0.01521122 -0.02149183  0.03821255]]
[[-0.0028558  -0.0071735  -0.01824972]]
[[ 0.01305089 -0.00270955 -0.02362829]]
[[ 0.02901669 -0.03312716 -0.02684918]]
[[ 0.05507489 -0.01374781 -0.02812375]]
[[ 1.77448676 -0.19722348  0.22195856]]
[[-0.3137401  -0.03734607 -0.13431067]]
[[ 0.09272236 -0.02059295  0.04097268]]
[[-0.01743706  0.00619406  0.03247462]]
[[ 0.01398844 -0.0044165   0.01877969]]
[[-0.00164208  0.00089198  0.02468346]]
[[-0.00564119 -0.00020695 -0.01038039]]
[[ 0.00722929 -0.0014326  -0.01646913]]
[[-0.02220898  0.00012573 -0.01680684]]
[[ 0.02425515 -0.00158401 -0.01554919]]
[[-0.06260221 -0.00415994 -0.04129228]]
[[ 0.1017485   0.00456326 -0.02271092]]
[[ 2.99075359 -0.0541195   0.351378  ]]
[[ 0.2033214   0.19897997 -0.04747763]]
[[ 0.07224438  0.01477854  0.04651361]]
[[ 0.02211143  0.03147608  0.03220014]]
[[ 0.01714922  0.00345041  0.0162722 ]]
[[ 0.00473118  0.00370083  0.01662765]]
[[ 0.00558756  0.0005757   0.01055664]]
[[ 0.00267564  0.00166576  0.01709007]]
[[-0.01610063  0.00571087 -0.01673309]]
[[ 0.01276193  0.00101305 -0.022633  ]]
[[-0.09038443  0.02273727 -0.03453929]]
[[ 0.06240246  0.0085324  -0.0177986 ]]
[[-0.97114008  0.15808702 -0.09154353]]
[[ 0.43915335  0.05020626  0.02957394]]
[[-0.0249353   0.04086955  0.02195002]]
[[ 0.03532705  0.02416709  0.01968633]]
[[ 0.00243506  0.00904724  0.0165348 ]]
[[ 0.00696162  0.00609708  0.02457956]]
[[-0.04395309  0.03375943 -0.01985808]]
[[ 0.02928386  0.00757782 -0.02031716]]
[[-0.34815296  0.0861411  -0.03970313]]
[[ 0.14411989  0.01653575  0.00571084]]
[[-0.02652066  0.04443251  0.01646546]]
[[ 0.02568619  0.01297276  0.02130438]]
[[-0.06938047  0.06046027 -0.00389338]]
[[ 0.04268039  0.01085448  0.00078638]]
[[ 0.28360654 -0.15936227  0.03299576]]
[[-0.09115593 -0.16597202 -0.0559511 ]]
[[ 0.01858337 -0.02341218 -0.03295228]]
[[ 0.04251898 -0.00493629 -0.04494648]]
[[ 1.32475179 -0.15227451  0.16537011]]
[[-0.15979897 -0.0154079  -0.08804555]]
[[ 0.06151326 -0.01704529  0.04306466]]
[[ 0.00502279  0.00256322  0.04972343]]
[[-0.01204789  0.00068511 -0.01748548]]
[[ 0.018513   -0.00259945 -0.02600987]]
[[-0.04366032  0.00290405 -0.03361552]]
[[  7.86492241e-02  -1.50969596e-05  -2.66079062e-02]]
[[ 2.33304899  0.00528789  0.2878825 ]]
[[ 0.13235271  0.24956573 -0.02572766]]
[[ 0.06548926  0.01569078  0.04095901]]
[[ 0.03306989  0.0165176   0.02982427]]
[[ 0.01377772  0.00205851  0.01876632]]
[[ 0.00967995  0.00341412  0.02766815]]
[[-0.05193097  0.02077457 -0.02947714]]
[[ 0.04028014  0.0034782  -0.02999221]]
[[-0.69127704  0.1617172  -0.06351089]]
[[ 0.28103202  0.02730232  0.00897515]]
[[-0.01108557  0.03550901  0.02681725]]
[[ 0.03088296  0.01355283  0.03160395]]
[[-0.20155494  0.08349911 -0.01745087]]
[[ 0.07555448  0.00247868  0.00100799]]
[[ 0.73382601 -0.12634508  0.08822524]]
[[ 0.02688276 -0.06786879 -0.0542487 ]]
[[-0.02117654  0.00561458 -0.03232335]]
[[ 0.05710772 -0.00374409 -0.04242145]]
[[ 1.60251066  0.05195716  0.1955029 ]]
[[ 0.12887448  0.18289277 -0.018681  ]]
[[ 0.04677443  0.01114742  0.04185242]]
[[ 0.04046987  0.01029131  0.04644345]]
[[-0.37168403  0.16445601 -0.01914834]]
[[ 0.14510746 -0.00746903 -0.00045475]]
[[ 0.84062541  0.04429229  0.1033423 ]]
[[ 0.19669398  0.0673504  -0.00388643]]
