[[ 0.10163046  0.09986575  0.6684427 ]]
[[-0.01733433  0.06297338 -0.27367809]]
[[-0.10050332 -0.56055419  2.33395035]]
[[-0.09332873 -0.25956853 -0.68258592]]
[[ 0.31224414  0.43443487 -1.03137352]]
[[ 0.15746368  0.16335866  0.19676231]]
[[-1.15485802 -0.44315894 -0.59662468]]
[[-0.22402107 -0.35586118 -0.61651628]]
[[ 0.07395411  0.11831154  1.25821733]]
[[ 0.10015754  0.0430627  -0.51390476]]
[[ 0.87937459 -0.67153783 -0.6274926 ]]
[[-0.26578391  0.6784616  -0.2226361 ]]
[[-0.3080451   0.4165959  -3.03387058]]
[[-0.26645683 -0.24190382  1.56995157]]
[[ 0.30375368 -0.29546539  0.68599411]]
[[ 0.09394192  0.10605828 -0.54101683]]
[[-0.82085006  0.17559656  2.50307464]]
[[ 0.03690995 -0.08832713 -1.26957208]]
[[-0.24050368 -0.16294289  0.08993904]]
[[-0.21042079  0.03824835  0.34187876]]
[[-0.07815773 -0.01825248 -0.00146826]]
[[-0.04766925 -0.02804796  0.03061957]]
[[ 0.25564186 -0.58165283 -0.03216958]]
[[-0.02150163 -0.15404377  0.53083609]]
[[-0.13264613 -0.18910171 -3.66033553]]
[[-0.81443908  0.44854973 -1.00167936]]
[[ 0.23206457  0.33294795  0.05254366]]
[[ 0.14287003  0.29124591 -0.92466857]]
[[-0.04034446 -0.01860631  0.066743  ]]
[[-0.03461675 -0.01286467  0.01357449]]
[[ 0.15420035 -0.03527761 -0.25308193]]
[[ 0.47732159 -0.00675308  0.40540226]]
[[-3.79974284  5.20500292  1.24377577]]
[[ 0.16820537 -0.96161736  3.0645097 ]]
[[ 0.20695379  0.0506553  -0.32654894]]
[[ 0.1183952   0.17627747 -0.48173461]]
[[ 2.56562658  0.8426269  -0.09658782]]
[[-1.95339257  3.0534796  -1.88017286]]
[[-0.25611067  0.24520942 -1.70151223]]
[[ 0.26570868 -0.29143356 -0.02954695]]
[[ 0.42629997 -0.19397672 -0.05964086]]
[[-0.02371141  0.04702181  0.1238452 ]]
[[-1.63706971 -1.20621607 -1.05317457]]
[[-1.56150479 -0.25491674  3.83068704]]
[[ 0.11937643 -0.14837424  0.0548581 ]]
[[-0.00539073 -0.02040818  0.08117301]]
[[-0.10469729 -0.09978338  0.01507729]]
[[-0.0555887  -0.03676172 -0.00609174]]
[[ 0.40459389  0.2397989   0.52182575]]
[[ 0.65990348 -0.40358759 -0.37378605]]
[[-0.30305159 -0.95067787 -0.35126111]]
[[-0.5623538   0.86995955 -0.67520884]]
[[-0.08880086 -0.4180005  -0.44684134]]
[[-0.06394573 -0.09938062  0.1398173 ]]
[[-0.03667297 -0.05108684 -0.06301961]]
[[-0.03933595 -0.02256689  0.10171167]]
[[-0.00936298  0.01128534 -0.06807356]]
[[-0.00280732 -0.00024688 -0.00854918]]
[[-0.12341246 -0.06459097 -0.02303536]]
[[-0.08535435  0.0398655  -0.04232442]]
[[-0.25522024 -0.04044033  0.8844399 ]]
[[ 0.38891401 -0.54595601 -0.60354542]]
[[-4.35378125 -0.31477285 -1.18611566]]
[[-0.97961963  0.33561664  1.35281568]]
[[ 0.12889113 -0.26964745 -0.47800342]]
[[-0.1602235  -0.26329912  0.63920492]]
[[-0.09602195 -0.03332554  0.07179227]]
[[-0.04227545  0.00168494 -0.01903275]]
[[-0.01873    -0.02188532  0.17099825]]
[[-0.01178396 -0.00560695 -0.02879561]]
[[ 0.01863813 -0.00885351 -0.16173672]]
[[-0.06174018  0.04435406  0.0529025 ]]
[[-0.15675323  0.37706116  0.1382268 ]]
[[-0.0929552  -0.12871648  0.0301669 ]]
[[ 0.92448867 -2.59804278 -0.003642  ]]
[[-6.33356769  4.53998014  1.40710364]]
[[ 0.07938093 -0.05927848 -0.29631778]]
[[ 0.38540164 -0.13079283  0.28953802]]
[[ 0.00552134  0.01595079 -0.06096543]]
[[-0.03840485  0.02834774 -0.02091049]]
[[ 0.28320533 -0.38638277  0.15120132]]
[[-0.11832654  0.17881977 -0.10178139]]
[[ 1.41196421  1.31926738  0.01684273]]
[[ 4.02815399 -0.45777376 -2.56599372]]
[[-0.16752261  0.1243789  -0.56904534]]
[[-0.01696007 -0.03192788  0.61466477]]
[[ 1.27682826 -2.73175463 -4.28747643]]
[[ 0.06188634  1.08822652  1.96856644]]
[[-1.68682659 -1.45027358  1.95566421]]
[[-0.75383506 -0.10950695 -0.26051054]]
[[-0.12509273 -0.46450724  0.20929643]]
[[-0.17833391 -0.23840403  0.17545193]]
[[ 0.14651586  1.50717184 -0.15399492]]
[[ 0.04290016  1.5482852  -1.1637724 ]]
[[ 0.03230136 -0.09370538 -0.17802988]]
[[-0.04112753 -0.06673579  0.18586764]]
[[-0.00762993 -0.02590019 -0.11015654]]
[[-0.00386609 -0.01923599 -0.01511506]]
[[-0.00718309 -0.02658298  0.04667284]]
[[ 0.33457782 -0.29964924 -0.05052484]]
[[ 0.61941006  0.67025195 -0.64131831]]
[[-0.48853083  1.31978315  1.27992367]]
[[ 0.21379393  0.08930659  0.04865708]]
[[ 0.23851606 -0.12523523  0.02195207]]
[[-0.00221086 -0.01888551 -0.05332482]]
[[-0.01049212 -0.01658106  0.07132979]]
[[ 0.02835593  0.0557279  -0.03640598]]
[[ 0.02965836  0.01800863 -0.06433349]]
[[-0.09490063 -0.04011659 -0.10062812]]
[[-0.0256499  -0.00610712  0.03015316]]
[[ 0.21460421 -0.36426993 -0.32719738]]
[[ 0.02119522  0.00576375  0.12861351]]
[[ 0.07394676 -1.61240588  2.03896963]]
[[-0.55912859 -0.59571353  0.4409387 ]]
[[-0.02562393  0.11831412  0.36629254]]
[[ 0.20711186 -0.19492453  0.05750522]]
[[-0.07882661 -0.00223145 -0.01560378]]
[[-0.01707878 -0.00777083  0.10674981]]
[[-0.09744101 -0.12741607  0.00795799]]
[[-0.07440856 -0.02883317  0.10613016]]
[[ 0.00390585  0.00825957 -0.02680203]]
[[ 0.00589693  0.00438672 -0.02811353]]
[[-0.03110545  0.00281077  0.00664344]]
[[-0.03003357 -0.0002787   0.05148748]]
[[-0.03165162 -0.07055903  0.0227895 ]]
[[-0.12051775 -0.0177037   0.00723477]]
[[-0.10283681 -0.53729876 -0.46452741]]
[[ 0.20879122  0.16083349 -0.65738498]]
[[-1.19242023  1.7716026  -0.40368662]]
[[-2.19279346 -0.06812878  0.31762377]]
[[-0.3113191   0.06901078  0.49203862]]
[[-0.17137986 -0.29136764  0.47774629]]
[[-0.0132521  -0.00969202 -0.02224609]]
[[-0.08205833  0.03863137  0.0233764 ]]
[[ 0.03416515  0.03857875 -0.08458169]]
[[ 0.02891098  0.05487807 -0.11422936]]
[[-0.00560872 -0.00563273  0.02557578]]
[[-0.00955274 -0.00336009  0.02384766]]
[[ 0.00397011  0.01075991 -0.04643962]]
[[-0.00954408  0.01903167  0.00765865]]
[[-0.07450494 -0.05969016  0.11455984]]
[[-0.05575122 -0.10707766  0.09794224]]
[[ 0.15841979 -0.83619293  0.35344876]]
[[-0.43465556 -0.07573342 -0.10302431]]
[[ 1.16174352  4.69764807 -1.98014839]]
[[-0.93678371 -0.65355873  2.66369851]]
[[-0.1047938   0.49058943  0.24177255]]
[[ 0.04579825  0.09729235 -0.18342609]]
[[-0.02466039 -0.04277785 -0.00192043]]
[[-0.05580835 -0.04182487  0.08239807]]
[[-0.00128407  0.00885764  0.07010575]]
[[-0.01099102 -0.00051103 -0.03133695]]
[[-0.0049962  -0.02018298 -0.08350653]]
[[-0.00705812 -0.00547964  0.01911655]]
[[ 0.18375742  0.17206481 -0.08145954]]
[[ 0.87228087 -0.38599722 -0.58186765]]
[[ 4.5427613   1.71590988  2.52024349]]
[[ 0.47848131 -0.28847207 -0.56004691]]
[[-0.01346127 -0.07549506  0.07809221]]
[[-0.35295472  0.23631497  0.28380913]]
[[ 0.00517835 -0.01066567  0.0220679 ]]
[[ 0.0127046  -0.00360677  0.04677013]]
[[-0.13246634 -0.07637626 -0.22117978]]
[[-0.19656527 -0.17890706  0.18866671]]
[[-1.35688701  1.86202224  0.12644027]]
[[ 4.06654017 -2.74837345  0.99623825]]
[[ 0.00782732 -0.03613042 -0.06936962]]
[[ 0.01841673  0.02245972  0.22232071]]
[[-0.87496881 -0.57279159 -1.71070673]]
[[-2.88164151 -0.29767209  4.451112  ]]
[[-0.70260633 -1.6596703   2.39849059]]
[[-1.8684274  -1.45151375 -0.22837568]]
[[ 0.06194041 -0.26404761  0.47054376]]
[[-0.16814447 -0.30263364 -0.14335907]]
[[ 2.51428289 -2.3714068   1.00389509]]
[[ 1.12509023 -0.42024729 -1.1245319 ]]
[[ 0.00209224 -0.0573203   0.19934876]]
[[ 0.01336721 -0.07387236  0.13385162]]
[[ 0.00406176 -0.00105478 -0.11517936]]
[[-0.04002648  0.02346141  0.07647046]]
[[ 0.0667151  -0.08927601 -0.28183841]]
[[ 0.36075448 -0.44246539  0.05468679]]
[[-3.32879865  0.79509798  1.17903728]]
[[ 2.09426187 -1.94063296 -0.7677394 ]]
[[-0.13339567 -0.40383217  0.44694224]]
[[-0.00432677  0.10126039 -0.52175637]]
[[-0.00777142 -0.01194884  0.05671492]]
[[-0.04985296  0.02971335  0.06547481]]
[[ 0.01578262  0.02259125 -0.03646883]]
[[ 0.01583231  0.04852381 -0.04840247]]
[[-0.08583104 -0.01390315  0.1514472 ]]
[[-0.04639321 -0.05526222  0.03373841]]
[[ 0.01201414  0.71154773 -0.90441567]]
[[ 0.21106627 -0.36925272  1.13382285]]
[[ 2.31422327 -2.91808635  0.61308405]]
[[-1.81975541  1.30497367 -2.03802592]]
[[-0.43232128 -0.64602035  0.10138514]]
[[-0.25850569  0.17270586 -0.7059015 ]]
[[-0.02753407 -0.01719468  0.08433086]]
[[-0.03212014 -0.02558733  0.03599099]]
[[-0.05168848 -0.07035125 -0.01983675]]
[[-0.1011935  -0.09697098  0.20019896]]
[[-0.02075919 -0.0149654  -0.00889212]]
[[-0.04912147  0.02531061 -0.24744911]]
[[-0.09151483 -0.02845175  0.51902004]]
[[-0.01503121 -0.5893765   0.494468  ]]
[[ 0.95045214 -1.82050261  1.54579438]]
[[ 0.68670263  1.39447515  0.36132998]]
[[-0.21797459 -0.07397259  0.15137767]]
[[-0.34634072  0.1927879  -0.36278937]]
[[-0.00244865 -0.00217132  0.00899492]]
[[-0.00618416  0.00585272 -0.00359629]]
[[-0.1648303  -0.17341484 -0.02855161]]
[[-0.18540405 -0.35431813 -0.26679094]]
[[ 3.06448838  1.27325283 -0.89389567]]
[[ 4.49731679  1.54293152 -2.49391594]]
[[ 0.15770145  0.11947622 -0.01386045]]
[[ 0.24224297  0.21063523 -0.56665655]]
[[ 1.18084832  1.79289016  1.46331009]]
[[ 1.5537594   3.41179364 -4.08044228]]
[[-0.31705205  2.55226724 -0.02890895]]
[[ 2.43454639 -1.56531831 -1.87690031]]
[[-0.38251427  0.0821983   0.62960252]]
[[  4.33338205e-02  -2.79516332e-04  -6.85505684e-01]]
[[ 3.92783111 -3.10010575 -2.65580152]]
[[-2.63879711  1.55137872 -0.01134198]]
[[ 0.08688767  0.02238183 -0.74147756]]
[[ 0.18665597 -0.06617042 -0.16842577]]
[[-0.00626507  0.00144545 -0.07412876]]
[[-0.03203677  0.0529075  -0.12427817]]
[[ 0.19195116 -0.46166569  0.70255521]]
[[-0.67069142  0.44553622  0.20489489]]
[[-1.97848632  1.73648865  3.55788733]]
[[ 4.08277157 -5.71540665  1.56363176]]
[[-0.66770516  0.24935731 -0.83739288]]
[[-0.17611702 -0.28306368  0.59560901]]
[[-0.00330212  0.00398567  0.0914345 ]]
[[-0.007199    0.01299051 -0.08309016]]
[[ 0.17505818  0.1911544  -0.21005631]]
[[ 0.55142688  0.31352339 -0.69947789]]
[[ 3.14237735 -1.30941622 -0.67525254]]
[[ 0.41780068 -1.5454092  -2.66344131]]
[[-0.25868225 -0.36586243  0.22369907]]
[[-0.84454218 -0.10801401  0.34990438]]
[[-0.63144457 -0.61686782 -0.76205833]]
[[ 1.76660178 -3.61505179  3.01493252]]
[[-0.02693361  3.86725628 -1.34402662]]
[[ 4.30913453 -1.09825948  1.64046609]]
[[-0.0122277   0.13127944  0.05797541]]
[[ 0.33272373 -0.34904167 -1.08645767]]
[[ 2.8544574  -1.55103769  1.19759955]]
[[-2.90674993  2.80254819 -1.03730424]]
[[-0.1707607  -0.32616926 -0.12342156]]
[[-0.66329182  0.37553346  1.08347557]]
[[ 0.2745535   1.22592904  0.35372416]]
[[ 4.17743262 -2.48474936 -1.94713531]]
[[ 1.08126966  1.94151211 -0.89229911]]
[[ 3.63473674 -0.88210589 -0.09625032]]
