[[ 0.77726793  0.84248935 -0.31797306]]
[[ 1.17939783 -0.26361808  1.07517564]]
[[-2.22206719 -0.93508825  0.0674405 ]]
[[-0.9821787  -1.35076319  1.32318633]]
[[-0.23809532 -0.00989565 -0.69872985]]
[[ 0.07690977 -0.66285419  1.49391023]]
[[ 1.82490136  0.046363   -1.07539621]]
[[ 0.9735608   0.42864129 -1.32916338]]
[[-0.06949901  0.23177022 -0.63990548]]
[[ 0.41763973 -0.60980236  1.8440866 ]]
[[-0.11089656  0.46812709  0.07954386]]
[[-0.43258077  2.32174254 -0.57828824]]
[[-0.14983486 -1.06009895 -0.64063464]]
[[-0.35678515  0.10231621  1.06899888]]
[[-1.00502753 -0.48373895  0.4369809 ]]
[[-0.18377433 -0.65729603  0.53895182]]
[[-1.87560928 -1.74783459 -2.18319871]]
[[-2.92857083 -0.53361471 -0.28500027]]
[[-1.12671342 -0.39951437  0.64314613]]
[[-0.07168205 -0.6765104   0.94085231]]
[[ 0.51465473  0.75795883  0.18415025]]
[[ 1.00448153  0.3694538  -0.32556751]]
[[ 0.47997622 -0.71639951 -0.93904892]]
[[-0.53092869 -0.36835254 -1.12514083]]
[[ 0.45173175  0.46850342  0.87060492]]
[[ 0.67251233  0.28779325  0.09556112]]
[[ 0.71692101 -0.81161742 -1.34276696]]
[[-0.57360205 -0.0544172  -1.53760145]]
[[ 0.55131903  0.858515    0.32018935]]
[[ 1.15666598  0.33352137 -0.31561474]]
[[-0.43548207 -0.04518358 -0.59410267]]
[[ 0.24915737 -0.26296526 -0.22610794]]
[[-1.93524032  1.01145558  1.71605412]]
[[-0.67580777  0.45694593  0.55447406]]
[[-0.50568709  0.31669802 -0.42289657]]
[[ 0.31740276 -0.07848698 -0.35718344]]
[[ 0.805374    0.82917316 -0.05256141]]
[[-0.47813172 -0.06860482 -0.20240562]]
[[ 0.61841682 -2.25659212 -1.6531094 ]]
[[-3.15453576 -0.0932701   2.65012852]]
[[-0.38551079 -1.08209689 -2.01190749]]
[[-1.29872216 -0.08183396  2.290281  ]]
[[-0.68953724  1.60018719  0.14222675]]
[[ 0.69029584 -0.64220099 -2.61417041]]
[[-0.66276308 -1.6515238  -2.64535076]]
[[-1.99618106 -0.47468448  3.35577138]]
[[-0.01920436  0.80173939  0.1077103 ]]
[[ 0.96900313  0.67528042 -0.29873753]]
[[-0.88665292 -0.17440662 -2.02738551]]
[[-0.2627999  -0.73636488  0.65659342]]
[[-1.622626    0.05648028  2.38089791]]
[[-2.00466573 -0.20824581 -0.71080961]]
[[-0.98877228 -0.11782285 -2.88785542]]
[[-0.05782893 -0.94474235  0.58546384]]
[[-0.10267202  0.83979774  0.21059644]]
[[ 1.07565531  0.73097484 -0.25126677]]
[[-0.08189199 -0.03509641  0.01668646]]
[[-0.04598661 -0.05483265 -0.00224298]]
[[ 0.36136025 -0.2687566   0.06606792]]
[[ 0.17431332  0.54129172  0.05376611]]
[[ 0.16326425 -0.25218233  1.27996238]]
[[-0.13432942 -0.28431565 -1.43557582]]
[[ 0.10336805 -0.48671878 -1.1269359 ]]
[[ 0.053674    1.48285452  2.40217075]]
[[ 0.13810861 -0.27669023  1.91185937]]
[[-0.35070387 -0.22190128 -2.04110483]]
[[ 0.45529882 -0.39677948 -0.06003991]]
[[ 0.11453788  0.57465719  0.11247271]]
[[-0.09524544 -0.04435206  0.03612606]]
[[-0.06370106 -0.05917282  0.06530069]]
[[ 0.21168265  0.63555984  0.29111564]]
[[-0.01147091  0.22337346  0.07578362]]
[[-0.34276411 -0.54332157  1.77173493]]
[[ 0.35802507 -0.3149751   0.42628699]]
[[-2.03511264  0.56087306 -2.10482745]]
[[-1.30282536  1.78716691 -1.0894683 ]]
[[-0.32379042 -0.33437895  2.36171523]]
[[ 0.41143195 -0.25939167  0.8782846 ]]
[[ 0.18964898  0.74336458  0.31191776]]
[[ 0.05748543  0.20154706  0.06720314]]
[[ 0.43379466 -0.48652567 -1.06874116]]
[[ 0.03719722 -0.18663093  1.69643454]]
[[ 0.50642065  1.02306038  0.33024396]]
[[-1.52649682  1.75828203 -0.81547437]]
[[ 0.38383036 -0.43537245 -1.47462989]]
[[-0.16838149 -0.02161073  2.39586375]]
[[-2.32870985  1.28553498  0.16261259]]
[[-0.40334114  0.24543216  1.74294376]]
[[ 2.33304582  1.80003742  0.60894993]]
[[ 1.6391647   0.58369099 -0.80504735]]
[[ 0.00724698  0.27837458  1.42585014]]
[[ 0.1322814   0.08150174 -2.93267353]]
[[ 0.9538641   1.87994448 -1.20777096]]
[[-0.54796847  2.21112838  0.03780019]]
[[-0.19972791  0.08193247  1.90779112]]
[[-0.09269373 -0.25731799 -3.46757348]]
[[ 0.46636028  0.73218646  0.15014937]]
[[ 0.86955861  0.87097561 -0.24620927]]
[[-0.43932523  0.25234602  1.91226938]]
[[-1.08586634  0.10689182 -0.86482238]]
[[-0.63702886 -0.42833926 -1.05829111]]
[[ 0.96341723  0.98606929  1.31299229]]
[[-0.32123504  0.34357585  2.10723562]]
[[-1.60526449  0.22299363 -1.46040484]]
[[ 0.62954759  0.80626727  0.12093479]]
[[ 0.91855195  1.08150892 -0.12679642]]
[[-0.08609062 -0.01904144 -0.12055616]]
[[ 0.02189284 -0.00976019  0.20950709]]
[[-0.83664507 -0.47847528  0.33839848]]
[[ 0.30998791 -0.16940109 -0.29134908]]
[[-0.53880581 -0.14673288 -0.92368921]]
[[ 0.02677765  0.2790126   0.55255923]]
[[-2.21813269 -0.87393507  0.9835451 ]]
[[-2.70436297 -0.88808085  0.11807182]]
[[-0.80792042 -0.19090459 -1.04147696]]
[[ 0.34430922  0.72741185  0.72174112]]
[[-1.05874746 -0.48805359  0.31226549]]
[[ 0.41159724 -0.23683591 -0.31768198]]
[[-0.09408549 -0.03326444 -0.12294506]]
[[ 0.01093342 -0.02644344  0.27245918]]
[[-0.00879569 -0.01584644 -0.04371035]]
[[-0.01966074  0.00419349  0.04057281]]
[[-0.06192837 -0.08577625 -0.10849939]]
[[-0.03363246 -0.12132264 -0.05341371]]
[[ 0.65018521  0.09977222  0.26576687]]
[[-0.62728265 -0.50124123  0.20737456]]
[[-0.38283466 -0.43873954 -0.17710167]]
[[-0.37988171  0.11965314 -0.67639818]]
[[-0.85535588  0.15635092 -1.11810467]]
[[-1.18304593  0.57748767 -0.22196638]]
[[-0.64817358 -0.49708396 -0.09333353]]
[[-0.85246685  0.32607581 -0.5510899 ]]
[[ 0.78300771  0.06369882  0.37364762]]
[[-0.74706137 -0.59740218  0.06488231]]
[[-0.07682176 -0.09411176 -0.15241668]]
[[-0.03561537 -0.13981651 -0.0550007 ]]
[[-0.01340749 -0.01956321 -0.02056721]]
[[-0.02778371  0.0092149   0.0475607 ]]
[[ 0.01972102 -0.09398799  0.04520783]]
[[-0.01229725 -0.0401989  -0.13683969]]
[[ 0.44571015  0.81782126 -0.42978575]]
[[ 0.49078393  0.44371401  0.33297009]]
[[-0.1586311  -0.0929755  -0.08077688]]
[[ 0.22821162 -0.08503339  0.67486466]]
[[-2.31291492  1.94534503  1.3957263 ]]
[[-0.42745271 -0.24152496 -0.84613027]]
[[-0.16762295  0.15077428 -0.31382925]]
[[ 0.39744447  0.11631263  0.64360178]]
[[ 0.49322072  0.84392862 -0.37750638]]
[[ 0.63620599  0.47390464  0.38503269]]
[[ 0.01830472 -0.1203215   0.07138419]]
[[-0.03012016 -0.04583657 -0.12508529]]
[[-0.45230484  0.01546564 -0.09338445]]
[[-0.54744893  0.4013794  -0.49782234]]
[[ 0.67671582  0.16614014 -1.65674159]]
[[ 0.10754757  0.37187668  0.38229525]]
[[-0.01116127  0.92077698  2.7364563 ]]
[[-0.79730421  0.13779518 -0.36877133]]
[[ 0.38381478  0.17208003 -2.10986009]]
[[-0.23891036  0.46142427  0.18610267]]
[[-0.45903586 -0.04486433 -0.13696432]]
[[-0.62973143  0.46619914 -0.43610929]]
[[-0.0995452   0.37797204 -0.32303666]]
[[ 0.64009726 -0.03133698 -2.18214908]]
[[-1.86692043 -0.62355079 -1.08462186]]
[[-1.09610878 -0.6072837   0.22059532]]
[[-0.31603494  0.4000589  -0.17224841]]
[[ 0.49378914 -0.34763587 -2.63285391]]
[[-0.66493527 -0.80407585 -1.83251922]]
[[-1.25686061 -1.22956928  0.36737206]]
[[-1.36410393 -0.50745096  0.37304943]]
[[-0.346064   -1.57614907  0.65981402]]
[[-1.06840474 -0.4135488   0.92958508]]
[[-0.2798881  -0.16709076 -1.52590867]]
[[ 2.91578154  0.28563177  0.28657882]]
[[ 2.33276976 -0.37675222 -1.16867377]]
[[-1.6395597  -0.93214419  0.76324198]]
[[-0.84800862 -0.42436412 -1.17089896]]
[[ 0.61978144  1.27962029 -0.38543053]]
[[ 1.33342014  0.9997514   0.43471247]]
[[-0.18486275 -0.55187699  1.04889011]]
[[-0.8519895  -0.73112116  1.89058621]]
[[-0.64453329  0.05561276  2.37906858]]
[[-0.26846331 -0.7768146  -0.79920108]]
[[-0.15528422 -0.60564288  0.71181743]]
[[-1.16078551 -1.11956435  2.29377113]]
[[ 0.85036587  1.68357928 -0.14367865]]
[[ 1.74226417  1.23828022  0.1834744 ]]
[[ 0.0061526  -0.03446215  0.04893739]]
[[ 0.03990591  0.0502396  -0.18927726]]
[[-0.28160726 -0.10878082 -0.11722227]]
[[ 0.36967408  0.51474972 -0.06059175]]
[[-0.5055089   0.34456745 -0.68924161]]
[[-0.70588417 -0.23770715  3.06018151]]
[[ 0.31389586 -0.5022257   0.05263925]]
[[-0.17125175 -2.43975023  0.60672679]]
[[-0.83860746  0.38183522 -0.45161356]]
[[-0.91704966 -0.19370415  3.63786897]]
[[-0.27326321 -0.04509106  0.00217891]]
[[ 0.43360105  0.72893606 -0.07272131]]
[[-0.00670868 -0.06031521  0.06115095]]
[[ 0.02223819  0.03457434 -0.17728737]]
[[ 0.01294643  0.00624843  0.00663368]]
[[ 0.00504517  0.01050378 -0.02204117]]
[[-0.13226343 -0.15290439 -0.02738485]]
[[-0.15356931 -0.04261146 -0.00103805]]
[[ 0.17444362  0.22180739  0.33464168]]
[[-0.36604106 -0.46048353 -0.06172546]]
[[-0.90485416 -0.08642008 -1.04606755]]
[[ 0.1120735  -0.07329328 -0.51276418]]
[[-0.12230541  0.3560531  -0.60962819]]
[[-1.19697518 -1.39658342 -1.36091548]]
[[-1.47387294 -0.27847162 -1.09031667]]
[[ 0.05280046 -0.24745691 -0.42650197]]
[[ 0.18120642  0.24091357  0.26260477]]
[[-0.39791703 -0.53484096  0.01337257]]
[[-0.12617215 -0.16503151 -0.03687739]]
[[-0.18151456 -0.04064397 -0.01316379]]
[[ 0.02044457  0.01325238  0.03187761]]
[[ 0.00880906  0.01647849 -0.0158765 ]]
[[ 0.00445477  0.00087833 -0.00848975]]
[[ 0.00280461  0.00024666  0.00076477]]
[[-0.01666283  0.00601845  0.0086158 ]]
[[-0.0224315   0.00931843 -0.03123573]]
[[ 0.03828789  0.00372114 -0.09146321]]
[[-0.02249854 -0.09291742  0.04507939]]
[[ 1.07496165  0.79646308 -0.46087887]]
[[ 0.35197637  0.82632689  0.5968824 ]]
[[-0.22721197 -0.11464454  1.53945616]]
[[-0.71802779 -0.46756707 -1.7218766 ]]
[[-1.08202095 -0.43511233  1.04573094]]
[[-1.05818005  2.43579501 -0.06895089]]
[[-0.17613513  0.14965697  1.50672622]]
[[-1.22430973 -0.56217782 -2.2816039 ]]
[[ 1.24383582  0.91384938 -0.46389696]]
[[ 0.36096302  0.92941275  0.68172824]]
[[ 0.022477    0.00727397 -0.05140354]]
[[-0.01836618 -0.09473852  0.06638645]]
[[-0.02958127  0.0087793   0.00833664]]
[[-0.03034892  0.01235555 -0.02188393]]
[[ 0.00651796  0.00250969  0.00504029]]
[[ 0.00469235 -0.00068397  0.00245867]]
[[-0.00818247  0.00836767 -0.03016497]]
[[ 0.00490056 -0.00671073  0.00955217]]
[[-0.01733441  0.00838364  0.10833324]]
[[ 0.1274278   0.01360563 -0.07928041]]
[[-0.71748504 -0.21031286 -0.25423874]]
[[ 0.37585713  0.50291856 -0.67238232]]
[[ 0.20158658  0.25206626  1.15714881]]
[[ 0.85262326 -0.31908968  0.56661493]]
[[-1.34581694  0.42341452 -1.82868651]]
[[-0.89758181  1.99288406  3.19506015]]
[[ 0.17625712  0.54710027  1.66865262]]
[[ 1.23152967 -0.13159852  0.44220934]]
[[-0.80633732 -0.21870584 -0.25968609]]
[[ 0.50242912  0.57806789 -0.66584592]]
[[-0.02885072  0.00795239  0.15356336]]
[[ 0.12569512  0.00639142 -0.05046893]]
[[-0.00983656  0.00966977 -0.0288225 ]]
[[ 0.00170484 -0.00959708  0.02186912]]
[[ 0.06768596 -0.07120423  0.01044737]]
[[-0.00793615  0.05519353  0.06741126]]
[[-0.80623739 -0.287386    0.69293987]]
[[-1.06735811 -1.0025756  -0.11554822]]
[[ 0.41963229 -0.29555138 -0.88125454]]
[[ 0.2827079   0.00293382  0.44996437]]
[[-0.85323059  0.92486163 -2.23536255]]
[[-0.45263337  1.37485862 -0.11766148]]
[[ 0.1395384  -0.29445354 -0.69749405]]
[[-0.1645765  -0.02567433  0.98581337]]
[[-0.84867547 -0.27380366  0.66649232]]
[[-1.19936034 -1.09062519 -0.12899357]]
[[ 0.07202981 -0.08160294  0.06348889]]
[[-0.00386101  0.04838624  0.10489005]]
[[ 0.0783789  -0.14670885  0.41187101]]
[[-0.19447668 -0.49303524  0.48962209]]
[[ 0.31081864 -0.35298539  1.5856639 ]]
[[ 0.35463553 -0.61799276 -0.89918738]]
[[-1.90207814  0.0277656   1.48097851]]
[[-1.41157014  0.19167279 -1.83080331]]
[[ 0.32349032 -0.35842262  1.69412446]]
[[ 0.34226919 -0.72623861 -0.76217951]]
[[ 0.10293513 -0.10998465  0.46969978]]
[[-0.14012971 -0.57484236  0.4511641 ]]
[[ 0.59524517 -0.0142599   2.39851073]]
[[ 0.12931943 -0.05699626 -0.01591708]]
[[-0.48236463 -0.15228661  0.82762797]]
[[-0.96531472 -0.17905016  1.81127689]]
[[ 0.310141   -0.22804578  2.90184542]]
[[ 0.01312786 -0.06222714 -0.13829395]]
[[-1.40958455 -0.62857019 -0.79333327]]
[[ 0.08554629 -0.39213563 -0.2842654 ]]
[[ 0.2625922   0.33731022 -1.59089355]]
[[ 0.73165263  0.39849699  2.80696647]]
[[ 0.81129527  0.50152445 -1.49656557]]
[[ 0.62496258  1.16142334  2.23962911]]
[[-0.23552332 -0.71678266 -2.33760769]]
[[-0.08961374  0.30266747 -0.00355341]]
[[ 1.16334985  0.71369307 -1.77234554]]
[[ 0.95449478  1.56473261  2.76671296]]
[[-0.08490474  0.31817556  0.9368127 ]]
[[ 0.57247313 -0.03165546 -1.49298419]]
[[-1.75199625 -0.7153485  -0.29873381]]
[[-0.86523803 -0.70784154 -0.01814393]]
[[ 2.21635621 -0.60634965  0.06266902]]
[[ 1.9554211   0.92533342 -1.24383531]]
[[-2.46695598 -1.02090823 -0.4016653 ]]
[[-1.50664764 -0.98692887 -0.48489119]]
[[-0.15704194  0.34453771  1.05501114]]
[[ 0.66091182 -0.10020979 -1.58604371]]
[[ 0.06825357  0.02345768  0.01136187]]
[[-0.08355659  0.13383526 -0.07005402]]
[[-0.06548979 -0.61335592  0.5628479 ]]
[[ 0.48644917 -0.09712649 -0.20426773]]
[[ 0.41419976 -0.28181627  0.30078013]]
[[-0.45744362 -0.42853896 -1.9669037 ]]
[[-0.11027486 -0.07408646 -0.23550059]]
[[-0.30362013  0.37867182  2.47205073]]
[[ 0.52136599 -0.55839013  0.49228129]]
[[-0.53801456 -0.58870482 -2.56219602]]
[[ 0.03001361 -0.75982315  0.61476454]]
[[ 0.70277666 -0.15284786 -0.07030989]]
[[ 0.07664503  0.01758622 -0.00034364]]
[[-0.10800192  0.1483247  -0.02744959]]
[[-0.00166898 -0.00610472 -0.01958837]]
[[-0.00547841 -0.00199445  0.01132309]]
[[-0.06138792  0.14776948  0.19013056]]
[[ 0.07510115  0.01949049 -0.01725562]]
[[ 0.29435669  0.14311546 -0.25016198]]
[[-0.44223418 -0.68281286  0.67131818]]
[[-0.86226194 -0.67824593 -1.86852338]]
[[-0.55394652  0.66405506 -0.8317927 ]]
[[ 1.77528341 -0.31610125 -2.33110632]]
[[ 1.10988019 -0.21646852  1.44538779]]
[[-1.52737313 -1.15530098 -2.30639867]]
[[-1.03021498  0.82968445 -0.86053226]]
[[ 0.35597293  0.19417508 -0.20331303]]
[[-0.53801046 -0.85800229  0.75045547]]
[[-0.06817807  0.17429445  0.18522334]]
[[ 0.08026235  0.01544393 -0.01241209]]
[[-0.0065606  -0.00973595  0.00080657]]
[[-0.00706854 -0.00985639  0.02078445]]
[[ 0.00069135  0.00069407 -0.00477787]]
[[-0.00032054  0.00112655 -0.00411037]]
[[ 0.00539137  0.00294176 -0.01770681]]
[[ 0.00841269 -0.00828315  0.01679156]]
[[-0.0584531   0.07587363  0.07650449]]
[[-0.04720274 -0.02704741  0.1595902 ]]
[[ 1.02378503  0.73933297  0.12402929]]
[[ 0.63620517 -0.07166222 -0.6692672 ]]
[[-1.15991961 -0.63031157 -0.52567482]]
[[-0.52242614 -0.06485088 -0.358357  ]]
[[-1.12142793 -1.55106488 -0.12476509]]
[[ 1.52250228 -1.24561729 -1.06672647]]
[[-1.41921505 -0.68746847 -0.98331721]]
[[-0.79218079  0.00685873 -0.54078112]]
[[ 1.2702268   0.88346309  0.07779461]]
[[ 0.77785664 -0.17211348 -0.73113433]]
[[-0.07254106  0.07832673  0.11867245]]
[[-0.04695685 -0.02450607  0.19522484]]
[[ 0.01005967 -0.00062607 -0.02687109]]
[[ 0.00943573 -0.01185128  0.03190754]]
[[-0.00063636  0.00051364  0.00998713]]
[[-0.00119056 -0.00053358 -0.00393621]]
[[  3.10339856e-04  -4.56375874e-05  -3.53516146e-03]]
[[ 0.0004362  -0.00017605 -0.0030466 ]]
[[ 0.00637404  0.0042101   0.00012753]]
[[ 0.00619788  0.00322449 -0.00258847]]
[[-0.01581242  0.001319    0.01913951]]
[[-0.0167142  -0.00422606  0.00037204]]
[[ 0.09029553 -0.02856301 -0.166568  ]]
[[ 0.05286442  0.07941556  0.00394006]]
[[-0.28546221 -0.33822965  0.25937676]]
[[ 0.36038344  0.31071374 -0.72470581]]
[[ 0.22303319  0.13747936  0.65322341]]
[[-0.56893822  0.30682904  0.92540301]]
[[ 0.07208204 -0.26952716  1.60337818]]
[[ 0.66757192  0.6075153   0.13908682]]
[[ 0.26343621  0.42395161  0.8137696 ]]
[[-0.6591575   0.79347054  1.21044507]]
[[-0.30649735 -0.40404776  0.26702849]]
[[ 0.43541908  0.33506144 -0.89866557]]
[[ 0.07811881 -0.05295203 -0.16193437]]
[[ 0.04524327  0.07114419  0.04420583]]
[[-0.02638118  0.000188    0.02357782]]
[[-0.02691352 -0.0079668  -0.00260827]]
[[ 0.01071582  0.00504927  0.00287278]]
[[ 0.0097503   0.00347907  0.00193372]]
[[ 0.00121961  0.00126035  0.00312512]]
[[ 0.0011365   0.0015099   0.00353885]]
[[ -2.43874822e-05   9.35382702e-04  -2.35600549e-03]]
[[ 0.00080474  0.001228   -0.00508946]]
[[ 0.00306868 -0.00403336  0.02185764]]
[[ 0.01760334 -0.01080547 -0.00058259]]
[[-0.09779488 -0.07949449  0.00970175]]
[[ 0.05086412 -0.02273839 -0.16198079]]
[[-0.53831927 -0.48313053  0.18563743]]
[[-1.15834632 -0.66736681  0.97637706]]
[[ 0.11710443  0.03519262 -0.97607064]]
[[ 1.04418754  0.70822266  1.07578974]]
[[-0.57433218  1.90444541  0.26463759]]
[[ 0.08350873  0.91347119 -1.83187302]]
[[-0.25003281 -0.07696203 -1.13602939]]
[[ 1.26138331  0.93458551  1.4788624 ]]
[[-0.60915166 -0.62502751  0.25409164]]
[[-1.25258439 -0.81500116  0.97115795]]
[[-0.09958214 -0.0889235  -0.0046293 ]]
[[ 0.04817422 -0.03235874 -0.13805092]]
[[ 0.00376099 -0.00299905  0.03207638]]
[[ 0.02747878 -0.018092   -0.01036866]]
[[  7.87291397e-05  -2.21420813e-04  -2.15387887e-03]]
[[-0.00018846  0.00262372  0.00875726]]
[[ 0.00104106 -0.02163312 -0.02186382]]
[[-0.0118386  -0.00753388  0.00059762]]
[[ 0.08755188  0.03988461  0.05707975]]
[[-0.00500229 -0.05839551  0.06465423]]
[[ 0.52719256  0.83706209  0.00913494]]
[[-0.34776746  0.0940299   0.30306651]]
[[ 0.14932611 -0.05328023 -0.97127065]]
[[ 0.0207404   0.26799389 -0.29404676]]
[[-0.52250352  0.94730569  0.85050906]]
[[-0.55748918  0.00317125 -2.42045272]]
[[-0.00374759 -0.05225954 -1.46260078]]
[[-0.4722612   0.09338733 -0.6301037 ]]
[[ 0.65527166  0.90564929  0.01174903]]
[[-0.38868827  0.07393105  0.4267337 ]]
[[ 0.09737491  0.0353402   0.04092575]]
[[-0.0004825  -0.05496152  0.06206865]]
[[ 0.00124124 -0.03799089 -0.01781466]]
[[-0.02138705 -0.01278684  0.01836826]]
[[ 0.09952368  0.04334295 -0.22785009]]
[[ 0.03092943  0.09336887  0.13435603]]
[[-0.63757013 -0.02719332 -1.31389309]]
[[ 0.40430835  1.00627619 -0.09968705]]
[[ 0.86263636  0.17950555 -0.43964806]]
[[ 0.35393217  0.07703657  0.14325485]]
[[-1.25829819  0.48757273  1.68805349]]
[[-1.02002967 -1.11930538  1.93495977]]
[[ 0.83597859  0.10571899 -0.75474803]]
[[ 0.43191316 -0.00212619  0.08402421]]
[[-0.64855972 -0.07189631 -1.38668236]]
[[ 0.48719638  1.10346812 -0.08589284]]
[[ 0.1004603   0.0464361  -0.19534684]]
[[ 0.03668915  0.0974995   0.15193715]]
[[-0.935257   -0.40270053 -0.1056765 ]]
[[-0.14412946 -0.61022489 -0.00677808]]
[[ 0.27112584  0.18965217 -1.6583899 ]]
[[ 0.24852508  0.62118062  1.50252829]]
[[-0.3430505  -0.28113759 -2.15443259]]
[[-0.30856131 -0.10443141  1.7035993 ]]
[[-0.10185196 -0.00577558 -1.87290971]]
[[-0.02858617  0.51818106  1.80745823]]
[[-1.03350545 -0.44449815 -0.01630431]]
[[-0.16042776 -0.67542269 -0.02792235]]
[[-0.27256834  0.21400658 -1.47662017]]
[[ 0.13389656  0.14454095  0.85952564]]
[[-1.18592167 -0.9746014  -1.4254485 ]]
[[-1.52010398  0.47538367 -2.12242466]]
[[-0.18122287  0.29211845 -1.57023682]]
[[ 0.22961837  0.18030195  0.93333979]]
[[-0.21914205  1.3387363   3.1921654 ]]
[[ 0.95079232  0.09357929 -1.71139442]]
[[-0.38855702  0.53358973 -0.2197375 ]]
[[-0.28646502 -0.36455373 -1.45727745]]
[[-0.32912837 -0.02439732 -1.22916549]]
[[-1.55700156 -0.79518909 -0.41271164]]
[[ 1.74368062  0.70133616  2.96857336]]
[[ 1.64541952 -0.55674722 -1.49709895]]
[[-0.58585903  0.01687148 -1.35302349]]
[[-2.39015184 -1.2225337  -0.11042855]]
[[ 0.27134485  0.44486913  0.74632206]]
[[ 0.30365953  0.33932855  0.49184228]]
[[ 0.13887935  0.62083356  1.73713407]]
[[ 0.40850968  0.13194222 -0.0785347 ]]
[[ 0.3548082   0.85951989  0.54288982]]
[[ 1.0685255  -0.89649926  0.26405258]]
[[ 0.12323117  0.8004014   2.18705561]]
[[ 0.59502783  0.10351386  0.36169493]]
[[ 0.42350683  0.49402388  0.69616521]]
[[ 0.4543696   0.47905996  0.46720086]]
[[ 0.03989526 -0.04761668 -0.06637207]]
[[ 0.02677956  0.01224815  0.0421566 ]]
[[ 0.83296896  0.63084803 -1.16527411]]
[[ 0.54805669  0.83380817  0.92527279]]
[[-1.66557953 -0.10217502  1.89383687]]
[[-1.20363024  0.17765256  2.16010277]]
[[ 2.04350659 -0.9697446  -1.21597585]]
[[ 0.57651707 -0.61127359 -1.96523689]]
[[-2.47258701 -0.08851917  2.23032669]]
[[-1.81454985  0.25241838  2.38293457]]
[[ 1.00134695  0.76226111 -1.36358599]]
[[ 0.65235168  1.04222278  0.84578112]]
[[ 0.04324735 -0.06840555 -0.04715444]]
[[ 0.02355727  0.0065497   0.05860028]]
[[ 0.01269447 -0.0060576  -0.00019433]]
[[ 0.00530264  0.00542702 -0.03969196]]
[[-0.02938027 -0.02123663 -0.16069463]]
[[-0.0183905  -0.0765168  -0.08475169]]
[[ 0.07704198 -0.52628624 -0.34913068]]
[[ 0.31906218  0.45079707 -0.92167516]]
[[-0.29244336  0.88534609 -0.009008  ]]
[[-0.19035066 -0.04393519  0.30589899]]
[[ 0.04626035 -0.6397743   2.04669388]]
[[ 1.01256216 -1.6457747  -1.6399932 ]]
[[-0.32910411  1.2764866   0.30172291]]
[[-0.17441255  0.1088748   0.0943991 ]]
[[ 0.15985286 -0.654035   -0.38804029]]
[[ 0.41887696  0.54398151 -1.01660366]]
[[-0.04889058 -0.0342184  -0.15233382]]
[[-0.03281967 -0.08609231 -0.08750731]]
[[ 0.01489978 -0.00921522  0.00658048]]
[[ 0.00677999  0.00687005 -0.03293756]]
[[ 0.00429638  0.0006317   0.00168156]]
[[ 0.00497816  0.0014728  -0.00656067]]
[[-0.01801405  0.00121744 -0.02230913]]
[[-0.01697778  0.01940992  0.00893382]]
[[-0.01149173 -0.05231777 -0.01921673]]
[[ 0.03703614 -0.05526385 -0.08593621]]
[[-0.70926153 -0.35543249  1.39539294]]
[[-0.77729986 -0.58623403  0.22280391]]
[[-0.06423615  0.75995732  0.52985446]]
[[ 0.48256538  0.846157   -2.33854834]]
[[ 3.34195075  0.65229693 -1.15172324]]
[[ 1.74174663  0.92173671  3.32953503]]
[[-0.36991686  0.99057795  0.6927802 ]]
[[ 0.54955849  1.18903559 -2.62647803]]
[[-0.87001979 -0.4879897   1.48283472]]
[[-0.95569289 -0.6612458   0.45569088]]
[[-0.00919028 -0.04908356 -0.00762832]]
[[ 0.02681889 -0.06098434 -0.063485  ]]
[[-0.0276588  -0.0003517  -0.02144817]]
[[-0.0308451   0.03124966  0.01318596]]
[[ 0.0072129  -0.00029113  0.00297171]]
[[ 0.00665435  0.00423402  0.00500721]]
[[ 0.00372583  0.00516712 -0.02862883]]
[[ 0.01695055  0.01136432  0.01133807]]
[[ 0.03308974 -0.0264724   0.17231776]]
[[-0.0310391  -0.05810563  0.04964249]]
[[ 0.40648147  0.62771134 -0.97458232]]
[[-0.34817814 -0.07096215  1.48544946]]
[[-0.29960544 -0.25094072  0.28839995]]
[[ 0.2212398  -0.01178966 -0.1539714 ]]
[[-0.64844736  0.26329181 -1.94542671]]
[[ 0.35092607  0.91051571  1.3473454 ]]
[[-0.44678698 -0.19561764  0.08406442]]
[[ 0.04506283 -0.10943082 -0.46153934]]
[[ 0.50803547  0.73643896 -0.99924841]]
[[-0.39709817 -0.06628148  1.58396582]]
[[ 0.03648499 -0.01622928  0.20442927]]
[[-0.01338198 -0.05308504  0.03531794]]
[[ 0.00456368  0.00972548 -0.01700324]]
[[ 0.02658725  0.01882231  0.02822036]]
[[ 0.17445066  0.08629363 -0.04684932]]
[[ 0.07271071  0.14619708  0.01643962]]
[[-0.52926297 -0.2283314  -1.34361788]]
[[ 0.45549346  0.29901741 -1.41834599]]
[[ 0.54412734  0.52451703  0.13341981]]
[[ 0.22535338 -0.70593242  0.33623099]]
[[ 0.16900474  0.1529964   2.07812836]]
[[-0.60229452  0.19268044 -0.57659707]]
[[ 0.72641701  0.90655004  0.5744519 ]]
[[ 0.12239861 -0.75364459  0.28334099]]
[[-0.55344448 -0.15518087 -1.44333209]]
[[ 0.63162646  0.41424261 -1.55362144]]
[[ 0.173631    0.08017335  0.01328466]]
[[ 0.07432493  0.14527684  0.00777269]]
[[-1.77232942 -1.01441693  2.82425684]]
[[-0.52942168 -1.84406319 -1.98829764]]
[[ 0.8933705   0.07055194  1.44536641]]
[[ 0.90481612 -0.55657628 -2.01243125]]
[[-0.39582252 -0.27214453 -0.71417467]]
[[-0.95071984  0.31760335  1.31961878]]
[[ 0.71187054 -0.05582765  2.05131249]]
[[ 1.01752771 -0.51913904 -1.9595046 ]]
[[-1.95155573 -1.16450816  2.93950547]]
[[-0.58090318 -2.00916119 -2.01072785]]
[[-0.11130304 -0.60051952  1.64540447]]
[[-0.34299468 -0.5440283  -1.43849239]]
[[-1.49755255 -0.46890707 -2.04815789]]
[[-0.1390475  -0.49498423 -1.09022125]]
[[-0.4277171  -0.72560487  1.62461255]]
[[-0.57956837 -0.79372183 -1.57913022]]
[[-1.63892029 -0.47153764  2.70370115]]
[[-1.18502158 -1.71191196 -1.2894455 ]]
[[ 1.80832111 -0.62840937 -0.39288302]]
[[ 0.80987197  1.22868313  1.90737734]]
[[-0.79177599 -1.52079838 -0.17626594]]
[[ 0.29004116 -0.69287908 -0.10683404]]
[[ 0.21793064  0.00547158 -1.29316198]]
[[ 1.29507415 -0.19077132  1.10718673]]
[[-1.18891038 -2.38078066 -0.78963791]]
[[ 0.30740127 -0.99671734 -0.03990916]]
[[ 0.08343984  0.21312007 -0.18275361]]
[[ 0.50619305 -0.34881169 -0.58476738]]
[[-1.20806153 -1.12116679 -2.54196015]]
[[-1.90979693 -0.45097769 -0.16706494]]
[[ 1.30855209 -0.77526018 -0.05926279]]
[[ 0.48493607 -0.75452836  0.80745775]]
[[-1.86600515 -1.61349456 -3.12568237]]
[[-2.87058502 -0.65721187 -0.50426671]]
[[ 0.1114331   0.33773782 -0.01335692]]
[[ 0.59250408 -0.45342383 -0.81337981]]
[[ 0.04845024 -0.00136025  0.11581894]]
[[-0.03756063  0.00859928 -0.13390573]]
[[ 0.16232443 -0.20212074  0.72185045]]
[[-0.55889583 -1.05260847 -0.27620555]]
[[ 0.20427753  0.07358147 -2.15565588]]
[[ 0.10836856  0.63865269 -0.16107088]]
[[ 1.0697698  -1.01148959  1.28765234]]
[[ 0.97666431 -1.03127487  0.67407185]]
[[ 0.28126015  0.21324036 -2.40879228]]
[[ 0.22343527  0.96219433  0.17714573]]
[[ 0.27388729 -0.20233414  0.9511198 ]]
[[-0.61520525 -1.33112419 -0.23192828]]
[[ 0.03716244 -0.00091289  0.17904722]]
[[-0.04224215  0.00309466 -0.11353609]]
[[-0.02839636  0.01155787  0.05879173]]
[[-0.003442   -0.02325506 -0.05503596]]
[[-0.01467252  0.01938396  0.09648539]]
[[ 0.05127147  0.05680076  0.15378802]]
[[ 0.3609695   0.42601622  0.24267902]]
[[-0.18542989 -0.22359767  0.5019261 ]]
[[-0.92477952  0.0459313   1.36769637]]
[[ 0.26011925  0.27545861  0.82821827]]
[[ 1.90303363 -0.44421714 -0.18457529]]
[[ 1.68296222  0.65654991 -1.70800359]]
[[-1.34899547  0.21116665  1.32881311]]
[[ 0.2852178   0.52086245  1.20557667]]
[[ 0.37434672  0.50418045  0.06090373]]
[[-0.23682912 -0.2954999   0.57025614]]
[[-0.01116635  0.01508492  0.10531445]]
[[ 0.05251544  0.06677466  0.1929402 ]]
[[-0.04638575  0.01754866  0.07083853]]
[[-0.00891477 -0.03376943 -0.04514554]]
[[ 0.03753318  0.02455541 -0.26168307]]
[[ 0.02216478  0.06471124  0.13044122]]
[[-0.22048652 -0.14484634 -1.19332156]]
[[ 0.42962866  0.50869627 -0.49788899]]
[[ 0.58469563  0.26980885  1.0025272 ]]
[[-0.19010604  0.07877034  0.69614223]]
[[-0.40898968 -0.09034717 -0.69816072]]
[[-1.25804447 -0.18876843 -2.27950646]]
[[ 0.82696226  0.4807962   1.26882668]]
[[-0.25592408  0.11436838  0.60287141]]
[[-0.22080151 -0.17033237 -1.4316299 ]]
[[ 0.50545438  0.63027229 -0.6901524 ]]
[[ 0.02949143  0.01249283 -0.27933829]]
[[ 0.02663829  0.06306053  0.16613286]]
[[-1.16069257 -0.90941564  1.0824318 ]]
[[-0.38294253 -1.05432966 -0.41031331]]
[[ 1.06505351  0.56910123 -1.811174  ]]
[[ 1.18669358  0.89650676  0.77266341]]
[[ 0.69308961  1.56629792  0.43774281]]
[[ 0.92515346 -0.7735069   0.03754927]]
[[ 1.10444492  0.58243505 -2.06693332]]
[[ 1.44004311  0.94414181  1.1841719 ]]
[[-1.34610536 -1.04364967  1.43897611]]
[[-0.37332933 -1.23576117 -0.5103909 ]]
[[ 0.34361664 -0.67116696 -0.66384142]]
[[ 0.12471399  0.54370125  1.1363089 ]]
[[-0.69357243 -0.41811995 -0.01150098]]
[[-0.2212976  -0.48775064  0.20483942]]
[[ 0.0257984  -1.13544978 -1.38386409]]
[[-0.15417102  0.2729084   1.49578775]]
[[-0.5338801  -1.12050059  0.14348762]]
[[-0.88526731 -0.6697546   0.07341174]]
[[ 0.86701434  0.18316617 -0.13334829]]
[[ 0.82979159 -0.73398433 -2.26003172]]
[[-0.70504621  1.04914228  2.39352215]]
[[-0.79724905  0.58487859 -2.04111464]]
[[ 1.34175123 -0.09398572  0.50073291]]
[[ 0.61443116 -0.53327752 -1.36545612]]
[[-1.07575288  1.52685522  3.32929404]]
[[-1.21326076  0.93650955 -2.60578373]]
[[ 0.51680831 -0.25333605 -0.06455677]]
[[-0.33121779 -0.21192623  0.67212533]]
[[-0.3978487   0.6715352   2.26662956]]
[[ 0.60876074  1.67028098  0.60437957]]
[[ 1.14398739 -0.75622734 -1.79375336]]
[[ 0.31630988 -0.4555809   1.47953383]]
[[-0.57805459  0.99897453  2.75386677]]
[[ 1.04262121  2.50300946  0.70063175]]
[[ 0.68722829 -0.41512879 -0.31440125]]
[[-0.39922072 -0.28330856  0.89862138]]
[[-0.05632217 -0.04550322 -0.02300039]]
[[ 0.00354506 -0.06489559 -0.06524266]]
[[-0.56632683 -0.6061015  -0.76963578]]
[[-0.12661218  0.31173225  0.11853567]]
[[-0.48567566  0.49523372 -1.46243832]]
[[-0.18432036  0.66744315  0.55229438]]
[[ 0.7465719   0.16857056 -0.5012282 ]]
[[ 1.82920424 -0.4590572   0.89583902]]
[[-0.79234703  0.67498125 -2.06220731]]
[[-0.28800944  0.89837119  0.58097241]]
[[-0.77899698 -0.80124    -0.9246125 ]]
[[-0.25845856  0.36275901  0.05180089]]
[[-0.06326117 -0.04306067 -0.01446043]]
[[ 0.00667878 -0.06504925 -0.05181463]]
[[-1.0828459  -0.53209608  0.78168314]]
[[-0.14726548 -0.97388136 -0.5873466 ]]
[[ 0.66128318  0.97033157 -1.38160719]]
[[ 0.34239574  0.8127798  -1.90165603]]
[[ 0.67235413  0.23695503  2.60287399]]
[[-0.92857148  0.26484198  0.16342608]]
[[ 1.0246151   1.26097727 -1.46523351]]
[[ 0.51140947  0.91127867 -2.49875322]]
[[-1.30401508 -0.58933796  1.14320798]]
[[-0.13688904 -1.18568232 -0.71933352]]
[[-0.16788182  0.25152899  1.91394676]]
[[ 0.79842613 -0.03516238 -1.237836  ]]
[[ 1.15720071 -0.03233398  0.52675957]]
[[ 1.57507319  0.73592159  1.18617603]]
[[-0.20936711  0.14044851  2.47105661]]
[[ 0.8035623  -0.03288307 -1.59292453]]
[[-1.1449865  -1.08034886 -1.54900515]]
[[-1.0196353  -0.5286009   0.63205888]]
[[ 0.26157277 -0.38955366  2.52125618]]
[[ 1.18549177 -1.43093263 -0.31783624]]
[[-0.78601934  0.43611199 -1.24315919]]
[[ 0.50658455  0.59931409  2.36765047]]
[[ 0.88370471 -1.67590256  0.65089829]]
[[-0.72559071 -0.68627046  0.76454292]]
[[-1.08787996  0.68979113 -1.34775206]]
[[ 0.79353151  0.98470069  2.96978457]]
[[-1.09408848 -0.58966521 -0.1267598 ]]
[[-0.54365027 -0.92066284 -0.17941982]]
[[ 0.58157679  0.82315606 -0.71168865]]
[[-0.2374601  -0.06207553 -1.26020231]]
[[ 1.02132345 -0.62911342 -1.22325859]]
[[ 0.75837592 -0.19747923 -1.27940449]]
[[ 0.91723587  1.3797822  -0.62934995]]
[[-0.28772537  0.01477764 -1.4946379 ]]
[[-1.42548612 -0.73454175 -0.24711285]]
[[-0.73640519 -1.18185209 -0.13347805]]
[[ 0.36561342  0.76421171  3.22104282]]
[[ 0.67553957  0.16232566 -1.32550549]]
[[-0.05894242  0.67484105 -1.27902248]]
[[ 0.02573656  0.18562331 -0.74134931]]
[[ 0.78559544  1.16989588  3.86346097]]
[[ 1.01892944  0.60177289 -1.36842906]]
[[ 0.46983882 -0.30262988 -0.78480345]]
[[ 0.66924725  0.28599091  0.34798653]]
[[-0.16730245 -0.06596781 -2.63900191]]
[[-0.36382873 -0.6029905   3.321769  ]]
[[ 1.21274057  1.01607367 -1.78701063]]
[[ 0.67142909  1.13002323  1.63935852]]
[[ 0.55592835 -0.51989685 -0.05753931]]
[[ 0.20959086  0.31861304 -1.21136429]]
[[ 1.83972819  1.59616624 -2.44055147]]
[[ 1.07084106  1.70338997  2.3113257 ]]
[[-0.46171381  0.33918529  4.60416462]]
[[ 0.23168622 -0.47418131 -2.61270532]]
[[-0.48295539 -0.75701412 -2.83251812]]
[[-0.30329207 -0.43503566  1.96762679]]
