[[-0.31740783 -0.25064914  0.17940603]]
[[-0.9394234  -0.12346127  0.25948314]]
[[-0.2135971  -0.71231497  0.26526062]]
[[ 0.4808211  -2.05532743  0.516807  ]]
[[ 0.02820788  0.02256266 -0.69471091]]
[[ 0.16455174  0.2335677  -0.49219548]]
[[-1.5497291  -2.20058715  1.13563122]]
[[  8.14970329e-09   3.22183987e-08  -2.64567054e-08]]
[[-0.0765989  -0.10069213  0.36736796]]
[[-0.16455173 -0.23356767  0.49219545]]
[[-1.5310902   0.79627451  0.33227488]]
[[-0.48082108  2.05532749 -0.51680706]]
[[ 1.70102227 -1.07300437 -0.31907845]]
[[ 0.93942342  0.12346134 -0.2594832 ]]
