[[-1.87852244 -2.60854585  1.63676422]]
[[-4.4425035   2.06450433 -6.43836591]]
[[ 4.11438353 -0.47151299 -2.49646893]]
[[-1.24963734  1.7009353  -8.70712415]]
[[-3.96789795 -6.01066532 -1.74317227]]
[[-8.23190869 -2.56497108  2.3105142 ]]
[[-5.79259093  2.21769269  7.63887659]]
[[  0.88142939  -3.41409307  10.56146591]]
[[-3.50387296 -5.46792317 -1.84351316]]
[[-7.50709745 -2.09414802  1.89883876]]
[[ 2.41387899 -4.3358735  -2.33689045]]
[[-1.67986716 -2.42631453  3.5758508 ]]
[[  4.99995378  10.52689738  17.08025199]]
[[ 12.35843308   6.49320651 -24.08274194]]
[[ 0.09379991 -6.56996144 -0.85013648]]
[[-8.29690652 -5.98932954  1.90788708]]
[[  3.70473159   0.4695548   20.31825308]]
[[-2.43084647  4.72775301 -0.18677555]]
[[ 0.42638359 -5.68455797 -1.0592452 ]]
[[-7.35878909 -5.19255453  1.51564634]]
[[ 0.70377282  0.25972133 -0.22907358]]
[[ 0.36480847  0.41423819 -0.12790789]]
[[-2.98105463  2.73909598  0.23444478]]
[[-0.72571992 -4.40401752 -0.43238812]]
[[ -1.22771426   1.77274277 -12.76341476]]
[[  2.61107705   1.47710362  14.40402653]]
[[-2.84241917  2.74178422  0.57329939]]
[[-0.45165525 -3.8342537  -0.52210506]]
[[ 0.5574715   0.28407533 -0.16807239]]
[[ 0.36832725  0.37885068 -0.27690708]]
[[-1.51041119 -5.50091535 -2.31341193]]
[[-0.6040457  -1.34216669 -0.36875043]]
[[  1.07654797  -0.80939095 -13.48783488]]
[[-1.97675466  1.95342954 -9.69798625]]
[[-1.22326002 -5.00882238 -2.06902057]]
[[-0.67808322 -1.11063684 -0.34239861]]
[[ -2.19466476   1.26341648  12.24243682]]
[[  2.04212061  -0.67699881 -15.93932358]]
[[  4.98050993   3.31382754 -12.30212454]]
[[  4.27123066   5.82753794  18.18905802]]
[[-5.07148151 -6.44709864 -0.74159503]]
[[-7.30506971 -8.20199244  1.57245908]]
[[-1.62259526 -1.60633878 -9.04218941]]
[[ 10.15225445  -1.39144323  12.31928882]]
[[-4.68033892 -5.63196462 -0.6032409 ]]
[[-6.29907129 -7.53697285  0.98817005]]
[[ 0.72776351  0.05807621  0.93647192]]
[[-0.315681    0.01592384 -1.90517419]]
[[ 7.54414929  3.41956953 -2.77498448]]
[[-3.51853347  1.48400942  2.64848765]]
[[ 5.90984353  0.49145178  4.28672906]]
[[-5.42476066 -7.65236105 -5.24912434]]
[[ 7.12332032  3.0116567  -2.20658703]]
[[-3.19705185  1.51692847  2.34721357]]
[[ 0.56331086  0.23683472  0.84785667]]
[[-0.02621777  0.1400938  -1.59512487]]
[[ 0.06522305  0.1220779   0.15833178]]
[[ 0.15468561 -0.02118265 -0.16375336]]
[[ 0.61908113  0.79882117  1.00993094]]
[[ 0.23046583  1.09742745  0.45543089]]
[[-5.73088763 -0.51786908 -2.79239749]]
[[ 5.80449984  4.61779084 -1.00001551]]
[[ 2.25036139  2.08556429 -2.57011   ]]
[[ 6.65726135 -2.99807618  1.00011775]]
[[-5.26814093 -0.3526756  -2.67784867]]
[[ 5.27649926  4.18270841 -0.43175963]]
[[ 0.42248692  0.54746779  0.86026499]]
[[ 0.23758163  0.80256285  0.3319507 ]]
[[ 0.07907241  0.15130266  0.08365896]]
[[ 0.19759986 -0.01233287 -0.11458679]]
[[-0.25353843  0.91654404 -0.38459436]]
[[ 0.21392497  0.35884637  1.20775558]]
[[-4.08110252 -6.39542619  2.99125214]]
[[-5.09624311 -3.57614696 -2.90466784]]
[[ 0.33036714 -2.66861624  3.24845855]]
[[-4.05878054 -3.39901195 -0.10772266]]
[[-3.56804492 -5.55011826  2.38258016]]
[[-4.72514554 -3.17415011 -2.681763  ]]
[[-0.10144531  0.65235159 -0.46601329]]
[[ 0.09252624  0.26200252  0.74706021]]
[[ 3.32840941  0.30451609  1.18864936]]
[[ 4.52493326 -3.75832004  3.62004543]]
[[  0.76537723   0.41167206  12.53942656]]
[[ 4.62592839 -3.16722502  2.20896134]]
[[ 2.89319726  0.41902268  1.06068559]]
[[ 4.12814625 -3.38818717  2.85324256]]
[[ 3.91331466 -1.90593496 -0.43682068]]
[[ -0.84261087   4.74140707  15.42942031]]
[[ 11.21456135   9.02028572   1.10448856]]
[[ 9.53421989  3.76870134 -2.08630766]]
[[ -6.43264799 -13.24173319   1.77278671]]
[[-13.66442675  -9.49808036  -1.79959999]]
[[ 1.85596967  2.55347681  2.82652721]]
[[  8.2037096    8.11339102 -12.82541901]]
[[ -6.09553743 -12.30157033   0.80086975]]
[[-12.67479372  -8.71332103  -0.85435807]]
[[-0.03598597  0.19618107 -0.65364017]]
[[-0.50220563 -0.50872447  1.76167969]]
[[ 1.6123529   0.26705974 -0.06815034]]
[[-3.73744903 -5.7427702   0.55247388]]
[[ 5.32793785 -1.22301001 -2.26125897]]
[[  4.86636125  -0.86124802 -18.07147846]]
[[ 1.4378491   0.07015774 -0.25946775]]
[[-3.29353909 -5.42718802  0.57110759]]
[[ 0.02456785  0.36091433 -0.25346027]]
[[-0.08758872 -0.21574017  1.08684145]]
[[-0.09633564 -0.03111146 -0.04464752]]
[[-0.00518443 -0.07031668  0.0755359 ]]
[[ 1.20157557  1.46710012  0.2335983 ]]
[[ 1.43779808  0.32299149 -0.0671814 ]]
[[-1.63700223 -1.87196354 -2.35239354]]
[[ 2.77812365  3.97394508 -0.27954099]]
[[ 12.1095138    2.72852928   4.5823137 ]]
[[-0.47884806  1.83500903 -0.94271657]]
[[-1.37144704 -1.63529282 -1.73492082]]
[[ 2.48549591  3.59787612 -0.25910246]]
[[ 0.77467268  0.90791136  0.16363973]]
[[ 1.03219125  0.24351398  0.11529371]]
[[-0.11008212 -0.03619407 -0.05208571]]
[[ 0.01320459 -0.07011229  0.03921331]]
[[-0.02868001 -0.0048445   0.01051373]]
[[-0.01633515 -0.0036396  -0.00484032]]
[[ 0.12333541 -0.06748468 -0.05340222]]
[[ 0.11357518 -0.03916293  0.11727769]]
[[-0.34774822 -0.09893262  0.79086293]]
[[ 0.23455767  0.88770494 -0.45740685]]
[[-9.55939952 -7.07464278  3.96123599]]
[[-2.69742439 -6.98430024 -5.30541626]]
[[-2.64015582 -3.28578185 -2.15440328]]
[[  8.47195353   3.95494239  12.54639684]]
[[-8.57965113 -6.32465241  3.37435143]]
[[-2.33112551 -6.26721645 -4.77316041]]
[[-0.15641099 -0.03893512  0.34636918]]
[[ 0.09578658  0.52397641 -0.40442595]]
[[ 0.13794505 -0.102341   -0.05118929]]
[[ 0.09458493 -0.02484158  0.05583999]]
[[-0.03442935 -0.00987959  0.00834109]]
[[-0.02263437 -0.00209587 -0.00921268]]
[[ 0.03899922 -0.01816973  0.1130831 ]]
[[-0.02074417  0.02702828 -0.05994649]]
[[ 0.09875789 -0.22042169 -1.06423023]]
[[-1.14779054 -0.18681359  0.69780719]]
[[ 5.83066928  1.65201703  2.22479879]]
[[-4.22026686 -4.44310114  5.5250928 ]]
[[  0.5492007   -4.60300919 -12.82228836]]
[[-8.94673531  0.4585745  -0.23998195]]
[[ 5.2698881   1.4376604   1.96076035]]
[[-3.89592587 -3.98645526  4.67266294]]
[[ 0.15428453 -0.01462934 -0.83767849]]
[[-0.79901535 -0.05042531  0.34069267]]
[[ 0.0397388   0.01529816  0.08651716]]
[[-0.01239648  0.02206491 -0.05275707]]
[[-0.54937613  0.61747934 -0.2163447 ]]
[[ 0.03140144 -0.52077558 -0.62256256]]
[[ 6.38039605  2.11452033 -5.50492671]]
[[ 8.89623351  8.3548032   1.1522783 ]]
[[ 0.85807556  1.12033986 -0.13108821]]
[[  5.69429576   1.71370794 -10.60868618]]
[[ 5.57908166  1.74261821 -4.61788194]]
[[ 7.97011047  7.38000682  1.05268438]]
[[-0.47727194  0.47424843 -0.34105862]]
[[ 0.02572368 -0.32381099 -0.61425198]]
[[-1.1959094   0.74474853 -3.44776284]]
[[ 0.95580419  4.29856894 -3.68402488]]
[[-1.92794799  0.95887898 -6.57833786]]
[[-2.22225079  3.5789507   0.81931671]]
[[-1.06050605  0.55201537 -3.20521406]]
[[ 0.70025643  3.87608133 -3.05667526]]
[[  1.32213891   2.8809499  -15.54881759]]
[[ 0.58233158 -0.24158571  3.54187898]]
[[-7.51558515 -4.42094054  8.93553957]]
[[ -6.65811427  -9.12122696 -14.01893864]]
[[ 1.28719448 -2.7378927  -7.94169435]]
[[ -5.33578861   0.89575326  12.34133645]]
[[ 15.77056314   6.71873757   1.58969648]]
[[ 12.71000053   6.49473065   8.78568383]]
[[ 1.29121162 -2.38509864 -7.0783001 ]]
[[ -4.75306113   0.94750815  10.84665993]]
[[-0.61468818 -0.23034565 -0.21153122]]
[[ 0.7669205  -1.23712804  0.54477076]]
[[-0.1266629   6.28025924 -4.76805618]]
[[-5.36906375  1.35154083  0.76958512]]
[[-1.44056427  4.78131454 -3.66445002]]
[[  3.03002182   4.29089527  15.48965309]]
[[-0.38979669  5.68752398 -4.1174998 ]]
[[-5.16019947  1.28566791  0.35497072]]
[[-0.39402218 -0.06573138  0.05380073]]
[[ 0.63731224 -0.78638653  0.26637548]]
[[ 0.02213946  0.03852777  0.03654279]]
[[ 0.01521932  0.03914815 -0.04366938]]
[[ 0.64833741 -1.27859649 -1.68555549]]
[[-0.72869189 -0.09397849  0.06034436]]
[[-3.09627067 -1.36603409  1.52890221]]
[[ 3.97917079  6.78711834 -5.98544062]]
[[ 12.0968844    9.41309575  12.88288325]]
[[ 9.45155014 -5.36675756  2.78311186]]
[[-2.74332626 -1.29658671  1.33656805]]
[[ 3.65465497  6.22320961 -5.03866332]]
[[ 0.37564476 -0.99115279 -1.14856604]]
[[-0.40097037 -0.10146666  0.08492642]]
[[ 0.04207423  0.04363809 -0.00746229]]
[[-0.00486102  0.08054801 -0.00730516]]
[[-0.0078195 -0.008598  -0.0120748]]
[[ 0.00223969 -0.01196153  0.01750583]]
[[-0.05421278 -0.00316762  0.08235882]]
[[-0.0154363   0.02914117 -0.09107024]]
[[ 0.52545307 -0.69948724 -0.74163902]]
[[ 0.50302151  0.32445584 -1.44507072]]
[[-10.05290771  -6.87940088  -0.69012796]]
[[-6.13811701  1.32764043  5.75492571]]
[[ 8.13356739  1.56849652  6.60365161]]
[[ 6.44709    -1.9444802   5.83284219]]
[[-9.17671432 -6.21748671 -0.46589549]]
[[-5.59154531  1.42992068  5.1134926 ]]
[[ 0.43769336 -0.47619101 -0.65222812]]
[[ 0.24313963  0.09707235 -1.21175351]]
[[-0.07787643  0.02785469  0.05114499]]
[[ 0.01780268  0.02941739 -0.08102896]]
[[-0.00464914 -0.00822971 -0.01361555]]
[[ 0.00275298 -0.00776026  0.02322884]]
[[-0.00257306 -0.00026248 -0.00200926]]
[[-0.00244123 -0.00018871 -0.00189298]]
[[-0.03640995 -0.0300425  -0.00911074]]
[[-0.03560075 -0.02652716  0.00231266]]
[[ 0.10441604 -0.00645808 -0.06832357]]
[[ 0.08305065  0.0167129  -0.00230953]]
[[-0.9133023   0.23258971  1.50871589]]
[[-0.54277408 -0.72157814 -0.04326012]]
[[ 2.12444326  2.94235384 -2.29392494]]
[[-3.46344044 -2.63301887  6.88777569]]
[[-1.55636609 -4.27289145 -6.1082027 ]]
[[ 4.26780651 -6.90381426 -7.11660857]]
[[ 1.88936446  2.69034013 -1.84221437]]
[[-3.16292513 -2.31272542  6.39981178]]
[[-0.45169232  0.27814789  0.98297768]]
[[-0.26359792 -0.46917962 -0.20086817]]
[[ 0.1124611   0.00771313 -0.0337505 ]]
[[ 0.06558332  0.02381827 -0.00518606]]
[[-0.04701648 -0.03050935 -0.00658524]]
[[-0.04504473 -0.02586611  0.0007197 ]]
[[-0.00318858 -0.00111827  0.00296756]]
[[-0.00317788 -0.00086521  0.00154327]]
[[ 0.00082832 -0.01081298  0.00706879]]
[[-0.00807027 -0.01042759 -0.00702717]]
[[-0.00161503  0.02591069 -0.09339305]]
[[-0.06046023  0.0440054   0.0183615 ]]
[[ 0.95631604  0.79924943 -0.03885553]]
[[-0.45167496  0.16264791  1.38216695]]
[[ 4.4650882   4.87364947 -2.02844164]]
[[ 9.33428556  6.09359251 -7.80211659]]
[[ 4.63810609  3.14446095  6.72394847]]
[[ -6.28667743  -4.55884738 -10.46760211]]
[[ 3.99270381  4.5078027  -1.89357093]]
[[ 8.24977635  5.55951155 -6.56293556]]
[[ 0.54534766  0.46903767 -0.06097084]]
[[-0.32353703  0.18462454  0.88411878]]
[[ 0.01518369  0.04363603 -0.06185844]]
[[-0.01630758  0.04588988  0.03872741]]
[[ 0.00069454 -0.00720153  0.0108737 ]]
[[-0.00550353 -0.01013784 -0.00748249]]
[[-0.01121658  0.07986285  0.07689828]]
[[ 0.03805384  0.02743433 -0.03419706]]
[[-0.74477656 -0.26847609 -0.49565394]]
[[ 0.21999426  0.53511465 -0.58928648]]
[[-5.23449306 -7.01524955 -0.10837027]]
[[ 2.79630572 -0.59377265 -3.11343705]]
[[  0.35193862   0.56012829  11.69362721]]
[[ 6.0612682   0.8616115   7.54184529]]
[[-4.79336191 -6.20041686 -0.18907802]]
[[ 2.49283375 -0.48416563 -3.02228661]]
[[-0.61347878 -0.28614689 -0.28559598]]
[[-0.07942926  0.31813223 -0.41506262]]
[[-0.02140745  0.04483252  0.03285384]]
[[ 0.01436585  0.01274569 -0.02289945]]
[[-0.91981031 -0.52516359  1.97297033]]
[[-0.35226581 -0.88015747 -1.28823655]]
[[  4.59539389   0.32044175  10.86696989]]
[[-4.00975688 -8.59829359  0.8485515 ]]
[[-2.03811815  1.67968108  7.45935434]]
[[-2.68387567  0.28841845  0.74041704]]
[[ 4.0129826   0.39619182  9.51460033]]
[[-3.60644727 -7.61119533  0.58098557]]
[[-0.62048579 -0.24974317  1.23875003]]
[[-0.20989345 -0.57829192 -0.86702566]]
[[ 7.91362763  3.37727457  0.36407269]]
[[ 1.22684311  5.13885941  0.20213889]]
[[ 3.73412702  2.24133885  8.42830236]]
[[  4.11318148  -0.7770652  -10.40800991]]
[[ 7.03088264  2.98674586  0.12199289]]
[[ 1.08529777  4.57651869  0.32099734]]
[[-0.81539647 -3.46641205  6.27313868]]
[[-2.63827766 -1.81243644 -3.62628798]]
[[ 4.66813436 -0.27693173  6.43247076]]
[[ 17.98505161   8.36315743  -4.70987497]]
[[-3.21555419 -3.89476617 -5.84480332]]
[[-3.31394961 -3.69141479 -4.11725894]]
[[  0.86568287  -4.65816199 -12.55516229]]
[[-3.8709393   0.27835224 -6.99457983]]
[[-3.16206926 -3.44384873 -4.57960727]]
[[-3.28275847 -3.52106145 -3.05640482]]
[[-0.37692675  0.47961747  0.59434663]]
[[-0.20333588 -0.11513878 -0.40072958]]
[[ -8.07346841  -6.1207172   10.48523011]]
[[-5.42819896 -8.34166717 -7.07280336]]
[[ 17.70631377  -0.02861126 -10.72021967]]
[[ 12.85787464  -1.94556231  -9.85328035]]
[[-7.27180644 -5.5212829   9.45486042]]
[[-4.86515518 -7.60214752 -5.68304274]]
[[-0.21753628  0.37750673  0.29550055]]
[[-0.11802901 -0.0864103  -0.36536488]]
[[-0.06029297  0.01592394 -0.00314589]]
[[-0.01124777 -0.04405097  0.13664691]]
[[ 0.25539068  0.13376376  1.47034163]]
[[ 0.15793319  0.57197843  0.75728192]]
[[-1.26808645  5.05564353  2.73349422]]
[[-3.32037097 -4.38032645  7.60152489]]
[[ 2.136823   -8.5186435  -4.71074152]]
[[ 2.07426797 -3.01879025  0.07683763]]
[[-1.35564012  4.63959128  2.74043614]]
[[-3.10017442 -3.97703878  6.95223903]]
[[ 0.31824467  0.19455441  0.95434675]]
[[ 0.15967995  0.48077645  0.5512497 ]]
[[-0.05087107  0.0048366  -0.01209135]]
[[ 0.01414132 -0.0532614   0.061596  ]]
[[-0.02080559 -0.00414676 -0.01293061]]
[[-0.0277104  -0.00557945  0.00419503]]
[[ 0.11280268 -0.01166455  0.08735388]]
[[ 0.08717258 -0.09286933 -0.03044643]]
[[ 0.11452132  0.49905838  0.11282531]]
[[-0.32164862  0.42914611  0.7383317 ]]
[[  6.61813892   3.76066492 -11.68504037]]
[[ 7.27274931  5.17360952 -3.39192546]]
[[ 6.3992789  -6.36467825 -4.52831396]]
[[-1.31129773 -7.39912499  9.94158144]]
[[  6.07490004   3.53069493 -10.059082  ]]
[[ 6.61555569  4.57592766 -3.43994792]]
[[ 0.05677946  0.25950033  0.03174743]]
[[-0.18707995  0.35678546  0.42839842]]
[[ 0.11937248 -0.01402784  0.06998393]]
[[ 0.06397752 -0.07730443 -0.03080567]]
[[-0.02830157 -0.00274458 -0.01627158]]
[[-0.03309876 -0.0101215   0.01168954]]
[[-0.00131732 -0.03454267  0.07779413]]
[[-0.07526069 -0.03959245 -0.05958688]]
[[-0.18657479  0.19818464 -1.66773784]]
[[ 0.34980035  0.59139676 -0.40737736]]
[[-4.0002045  -5.60458696  7.93644753]]
[[  2.91256871   0.57379244 -12.40900483]]
[[ 2.90558512 -0.39728271  2.53046375]]
[[ 1.2247559   0.99180499  5.29230092]]
[[-3.68006744 -5.08798125  6.85456744]]
[[  2.60965638   0.47070158 -10.78730353]]
[[-0.29781522  0.10033179 -1.1902117 ]]
[[ 0.05476075  0.27406447 -0.29169539]]
[[ 0.01305089 -0.02947399  0.0242458 ]]
[[-0.04592002 -0.0221194  -0.03830488]]
[[-1.59170958 -0.87605778  0.38756305]]
[[-0.61724541 -1.33031751 -0.23597583]]
[[  3.92889394   1.08909448  11.47101943]]
[[ -5.07255816  -3.18815117  12.23275945]]
[[-4.15040524 -7.12169606 -8.97168186]]
[[ 0.25097184  3.20014161  0.98308912]]
[[  3.42148425   0.75355144  10.03567266]]
[[ -4.77685168  -2.99570431  10.76796185]]
[[-1.0530678  -0.47660895  0.02372736]]
[[-0.49405424 -0.88130932 -0.01577613]]
[[ 14.72267652   8.88655112 -23.17033453]]
[[  4.25820778  15.33422909  16.01119613]]
[[ -0.36673911   1.13855086 -16.72131252]]
[[-4.45573561  2.58220887  5.47779376]]
[[ 13.07910852   7.98539672 -20.01847781]]
[[  3.79944956  13.56631995  13.80434795]]
[[ 3.3096412   2.73406531 -2.77106419]]
[[ 4.34067431  4.34029408  5.78222126]]
[[  8.59336091  18.22896146  12.63728853]]
[[-0.27093448  6.62557983 -0.30574124]]
[[-0.85105    -2.47734405 -0.20979609]]
[[-4.83569073  3.52508328  5.72653577]]
[[ 14.1209113   10.39433241  15.80425397]]
[[ 20.1042051    4.53277641   7.41032465]]
[[-0.82387475 -2.48619129 -0.13102598]]
[[-4.38429508  3.27893148  5.97466756]]
[[-0.33935684 -0.00925908 -1.18486035]]
[[ 0.27351499 -0.0236565   1.22509769]]
[[-2.18572656  1.63769365 -7.32035334]]
[[  5.03053991  10.4726977    1.94461422]]
[[ -0.92304662  -3.0337222   10.01120375]]
[[-1.39306657 -7.08907142 -4.13390038]]
[[-2.19087858  1.40059934 -6.79370996]]
[[ 4.36222827  9.64248526  1.68369425]]
[[-0.24559878 -0.0301732  -1.0303557 ]]
[[ 0.26108589 -0.10525303  0.68326493]]
[[ 0.14557589 -0.04539044 -0.23898212]]
[[ 0.02691733  0.11636266  0.19223343]]
[[ 0.09615361 -0.12335323 -0.9053387 ]]
[[-0.39569294 -0.40701283 -1.42390556]]
[[-3.17008006 -4.09970171 -1.09562587]]
[[ 1.71856073  2.23752646 -4.58457512]]
[[ 10.096917    -2.30203309  -2.24139465]]
[[-0.99853246 -4.05502294 -8.14505243]]
[[-2.73529704 -3.65790458 -0.24786979]]
[[ 1.58667953  2.09485413 -3.89197605]]
[[ 0.04022458 -0.19846244 -0.65773177]]
[[-0.3790403  -0.45967884 -1.13547279]]
[[ 0.13218248 -0.0162836  -0.15495112]]
[[ 0.03205723  0.10712643  0.12545964]]
[[-0.39116869 -0.20354961  2.44025713]]
[[-0.136738   -0.60636998 -1.35236861]]
[[  1.67128689   1.18513168  11.13375792]]
[[-4.0609747  -5.16786831  5.16222677]]
[[-4.82524941 -2.71315095 -7.39975296]]
[[ 1.16239472 -0.22115776  0.46660393]]
[[  1.37443027   1.05264525  10.12649356]]
[[-3.68472974 -4.6945101   4.91626987]]
[[-0.19916259 -0.13573802  1.65660386]]
[[-0.22126621 -0.40538323 -0.88866734]]
[[ 10.23460499   7.89781854 -11.05856097]]
[[ 2.59959234  9.41932392  4.27846086]]
[[-4.65064838 -1.13184408  9.96440043]]
[[ -7.08115597  -3.00647788 -10.46171193]]
[[  9.17437494   7.0947227  -10.32333268]]
[[ 2.206799    8.47456476  3.91044566]]
[[  2.05734366   8.92888195  16.13770462]]
[[  3.59547782   1.02163599 -10.70364337]]
[[  7.70812067 -10.04061824 -21.81982731]]
[[  8.68818737  -7.49118181  15.88299571]]
[[-5.47929767  2.99675885  1.48037206]]
[[ 3.19951863  2.09188839 -7.42198657]]
[[  4.59158643  -7.36664283 -15.33231844]]
[[ -7.8637375  -18.46040107  -4.895731  ]]
[[-5.15072789  2.96949395  2.43824272]]
[[ 2.84426147  1.96960264 -6.51156518]]
[[ 0.41095296  0.34684894  0.19824092]]
[[-0.03273325  0.46797128  0.44088403]]
[[ 6.07067673  6.19843455  7.33415229]]
[[ 1.8227703  -3.02799785 -0.80749622]]
[[  6.30950743  -4.57075595  13.87788804]]
[[ 2.81764624 -6.29061604 -3.06036849]]
[[ 5.69287059  5.76529412  6.6730191 ]]
[[ 1.89169438 -2.71839062 -0.48790984]]
[[ 0.3357881   0.23157069  0.11093444]]
[[-0.10233704  0.38230397  0.37753298]]
[[ 10.43029268   4.65257553  -8.67953274]]
[[ 1.02256385  9.53660053  5.94808917]]
[[-7.05103828 -8.32667045  4.47671199]]
[[ -4.05405215  -4.71121024  15.84337343]]
[[ 9.37503372  4.0677562  -8.2098803 ]]
[[ 0.7920584   8.59190601  5.42200709]]
[[  0.45692835  -0.25701877 -15.5094184 ]]
[[ -3.19806504  -0.84337978  10.8165309 ]]
[[ 7.56108017 -5.92369778  6.30440921]]
[[ -6.38364497  -7.54062787 -15.1719618 ]]
[[ 11.26537638   5.85566877   1.57618556]]
[[ 5.73446756  9.43529948  1.22887348]]
[[ -6.69457928 -10.68502415   2.8571225 ]]
[[ 1.94554598 -0.64507995  7.68572535]]
[[ 10.43279853   5.33877405   1.95722512]]
[[ 5.35728981  8.72454595  1.16214927]]
[[ -7.00533832  -8.01555664 -19.42219126]]
[[-7.24576495 -6.31291112  5.37844478]]
[[-13.32605356 -12.39423187  13.50967733]]
[[ -8.19795271 -12.19991677 -12.88296213]]
