a\c	mol	0	1	2	3	4	5	6	7	8	9	10
0	0	[]	[]	[]	[]	[]	[]	[]	[]	[]	[]	[]
0	1	[]	[]	[]	[]	[]	[]	[]	[]	[]	[]	[]
1	0	[]	[]	[]	[]	[]	[]	[]	[]	[]	[]	[]
1	1	[]	[]	[]	[]	[]	[]	[]	[]	[]	[]	[]
2	0	[]	[]	[]	[]	[]	[]	[]	[]	[]	[]	[]
2	1	[]	[]	[]	[]	[]	[]	[]	[]	[]	[]	[]
3	0	[]	[]	[]	[]	[]	[]	[]	[]	[]	[]	[]
3	1	[]	[]	[]	[]	[]	[]	[]	[]	[]	[]	[]
4	0	[]	[]	[]	[]	[]	0.676985448411	[]	[]	[]	[]	[]
4	1	[]	[]	[]	[]	[]	0.619281966635	[]	[]	[]	[]	[]
5	0	[]	[]	[]	[]	0.779879506822	0.642772975199	0.779391885738	[]	[]	[]	[]
5	1	[]	[]	[]	[]	0.69780463419	0.611552397782	0.697093315854	[]	[]	[]	[]
6	0	[]	[]	[]	[]	[]	0.621298252478	[]	[]	[]	[]	[]
6	1	[]	[]	[]	[]	[]	0.636087425089	[]	[]	[]	[]	[]
7	0	[]	[]	[]	[]	[]	[]	[]	[]	[]	[]	[]
7	1	[]	[]	[]	[]	[]	[]	[]	[]	[]	[]	[]
8	0	[]	[]	[]	[]	[]	[]	[]	[]	[]	[]	[]
8	1	[]	[]	[]	[]	[]	[]	[]	[]	[]	[]	[]
9	0	[]	[]	[]	[]	[]	[]	[]	[]	[]	[]	[]
9	1	[]	[]	[]	[]	[]	[]	[]	[]	[]	[]	[]
10	0	[]	[]	[]	[]	[]	[]	[]	[]	[]	[]	[]
10	1	[]	[]	[]	[]	[]	[]	[]	[]	[]	[]	[]