# polarizability(au^3) cutoff(au) total dipole  
4.0 3.0 -631.38232662
4.0 3.5 -1213.72077623
4.0 4.0 -1774.00079314
4.0 4.5 -2939.96475058
4.0 5.0 -2843.11604936
4.0 5.5 -4856.86819847
4.0 6.0 -8866.35353647
4.0 6.5 -21563.7520227
4.0 7.0 195073.947064
4.0 7.5 21607.2817302
4.0 8.0 12604.6803987
4.0 8.5 9371.01330787
4.0 9.0 7724.62724667
4.0 9.5 6735.85010917
4.5 3.0 -733.373021239
4.5 3.5 -992.712223971
4.5 4.0 -914.692210329
4.5 4.5 -7224.28388093
4.5 5.0 -2289.35610998
4.5 5.5 -3978.27280496
4.5 6.0 -6619.61861503
4.5 6.5 -12192.039666
4.5 7.0 -34218.4582871
4.5 7.5 79067.9108357
4.5 8.0 21675.3281486
4.5 8.5 13552.3850967
4.5 9.0 10339.7855226
4.5 9.5 8632.43149489
5.0 3.0 -767.902872427
5.0 3.5 -680.60874427
5.0 4.0 -2104.74615275
5.0 4.5 -3046.70817552
5.0 5.0 -1719.13655651
5.0 5.5 -3401.82817997
5.0 6.0 -5445.94073996
5.0 6.5 -8973.86007779
5.0 7.0 -17483.8583727
5.0 7.5 -68694.9374538
5.0 8.0 51590.4165344
5.0 8.5 21132.9493569
5.0 9.0 14198.3698082
5.0 9.5 11150.0958874
5.5 3.0 -449.273963715
5.5 3.5 -1740.27629901
5.5 4.0 -1662.65951205
5.5 4.5 -2587.10555179
5.5 5.0 -842.283387005
5.5 5.5 -2962.5708758
5.5 6.0 -4707.80199339
5.5 6.5 -7330.63103173
5.5 7.0 -12413.2185392
5.5 7.5 -26956.1775118
5.5 8.0 -372705.037767
5.5 8.5 39146.6787508
5.5 9.0 20473.1385746
5.5 9.5 14657.0077815
6.0 3.0 1749.12632869
6.0 3.5 -1060.06780694
6.0 4.0 -1478.7192298
6.0 4.5 -2112.83696562
6.0 5.0 2565.12674144
6.0 5.5 -2580.66371445
6.0 6.0 -4186.17007472
6.0 6.5 -6322.07189759
6.0 7.0 -9950.29987367
6.0 7.5 -17809.2841912
6.0 8.0 -47081.4919882
6.0 8.5 137189.258173
6.0 9.0 32487.950328
6.0 9.5 19883.9516171
6.5 3.0 -447.213292717
6.5 3.5 -895.01480108
6.5 4.0 -1336.45721042
6.5 4.5 -1638.37151244
6.5 5.0 -8352.14770786
6.5 5.5 -2193.85123938
6.5 6.0 -3784.59674817
6.5 6.5 -5631.03862036
6.5 7.0 -8486.04288324
6.5 7.5 -13786.8127238
6.5 8.0 -26953.5901976
6.5 8.5 -121045.294504
6.5 9.0 64826.813404
6.5 9.5 28516.6336826
7.0 3.0 328.18615066
7.0 3.5 -685.601210548
7.0 4.0 -1186.16521863
7.0 4.5 -9913.94750792
7.0 5.0 -3142.2548567
7.0 5.5 -1756.89232717
7.0 6.0 -3452.84356986
7.0 6.5 -5120.48929498
7.0 7.0 -7508.85911171
7.0 7.5 -11516.8657449
7.0 8.0 -19666.4088429
7.0 8.5 -46108.3956061
7.0 9.0 454819.730695
7.0 9.5 45512.2067907
7.5 3.0 14736.1605224
7.5 3.5 1456.16260183
7.5 4.0 -811.818004546
7.5 4.5 -2361.37786402
7.5 5.0 -3925.59547974
7.5 5.5 -1078.97304679
7.5 6.0 -3160.44054776
7.5 6.5 -4721.32402855
7.5 7.0 -6805.20456961
7.5 7.5 -10053.4521136
7.5 8.0 -15896.0304179
7.5 8.5 -29924.7613104
7.5 9.0 -107219.855401
7.5 9.5 94514.4927942
8.0 3.0 1861.37272125
8.0 3.5 -836.105687784
8.0 4.0 -537.49337815
8.0 4.5 -2041.28764948
8.0 5.0 -3118.53637273
8.0 5.5 -328.305764794
8.0 6.0 -2877.41845735
8.0 6.5 -4394.68999156
8.0 7.0 -6270.07437393
8.0 7.5 -9027.3999041
8.0 8.0 -13586.3223083
8.0 8.5 -22847.4163199
8.0 9.0 -51361.4475937
8.0 9.5 1746812.68596
8.5 3.0 -2268.58217909
8.5 3.5 -452.906942167
8.5 4.0 -2781.29471561
8.5 4.5 -1876.4392953
8.5 5.0 -2747.14165975
8.5 5.5 2838.4200532
8.5 6.0 -2623.10564656
8.5 6.5 -4116.75810733
8.5 7.0 -5845.7667899
8.5 7.5 -8264.84729369
8.5 8.0 -12022.4683523
8.5 8.5 -18872.4769538
8.5 9.0 -35117.9135301
8.5 9.5 -120539.745904
