# polarizability(au^3) cutoff(au) total dipole  
4.0 3.0 -5035.17895328
4.0 3.5 -3664.49874603
4.0 4.0 159183.545384
4.0 4.5 5529.47894637
4.0 5.0 3615.77895124
4.0 5.5 3022.89430747
4.0 6.0 2758.57252247
4.0 6.5 2620.735373
4.5 3.0 -3778.47089066
4.5 3.5 -2834.49686213
4.5 4.0 -15290.396719
4.5 4.5 8519.14664198
4.5 5.0 4571.04963591
4.5 5.5 3612.62140938
4.5 6.0 3215.2954201
4.5 6.5 3014.46778347
5.0 3.0 -3140.25596538
5.0 3.5 -2385.6225106
5.0 4.0 -7991.68689788
5.0 4.5 15456.5201079
5.0 5.0 5845.40310076
5.0 5.5 4300.46559132
5.0 6.0 3716.90511604
5.0 6.5 3432.86304733
5.5 3.0 -2753.81497734
5.5 3.5 -2103.83510155
5.5 4.0 -5687.12457701
5.5 4.5 49814.3783627
5.5 5.0 7641.17232449
5.5 5.5 5117.20600981
5.5 6.0 4272.68765463
5.5 6.5 3879.82611129
6.0 3.0 -2494.54057215
6.0 3.5 -1910.19935434
6.0 4.0 -4555.15657967
6.0 4.5 -54552.5595494
6.0 5.0 10374.1682864
6.0 5.5 6107.03001158
6.0 6.0 4894.19740933
6.0 6.5 4359.84270948
6.5 3.0 -2308.59014312
6.5 3.5 -1768.78949654
6.5 4.0 -3881.20635347
6.5 4.5 -19296.3876442
6.5 5.0 15057.5723089
6.5 5.5 7335.96933936
6.5 6.0 5596.08405514
6.5 6.5 4878.13154534
7.0 3.0 -2168.37864046
7.0 3.5 -1660.8956143
7.0 4.0 -3433.45581297
7.0 4.5 -12292.5480044
7.0 5.0 24978.5579005
7.0 5.5 8907.54480771
7.0 6.0 6397.28606963
7.0 6.5 5440.8370789
7.5 3.0 -2059.03625217
7.5 3.5 -1575.80796667
7.5 4.0 -3114.03784445
7.5 4.5 -9291.83380958
7.5 5.0 60244.4464469
7.5 5.5 10994.0270738
7.5 6.0 7322.80175985
7.5 6.5 6055.27815999
8.0 3.0 -1971.30391387
8.0 3.5 -1506.95015209
8.0 4.0 -2874.48011853
8.0 4.5 -7623.08822883
8.0 5.0 -227503.495575
8.0 5.5 13905.1568711
8.0 6.0 8406.39802983
8.0 6.5 6730.27408191
8.5 3.0 -1899.3277894
8.5 3.5 -1450.055795
8.5 4.0 -2688.02392287
8.5 4.5 -6559.47245278
8.5 5.0 -42838.6294951
8.5 5.5 18259.7941551
8.5 6.0 9694.89724878
8.5 6.5 7476.57924286
