# polarizability(au^3) cutoff(au) total dipole  
4.0 3.0   7.13446717e-05  -1.71919072e-01  -5.03517895e+02
4.0 3.5  -7.60080350e-05  -1.63760414e-01  -3.66449875e+02
4.0 4.0  -1.35550474e-01  -3.34563719e+02   1.59183545e+04
4.0 4.5  -1.35270067e-04  -3.13543752e-01   5.52947895e+02
4.0 5.0  -4.53206544e-05  -1.02583355e-01   3.61577895e+02
4.0 5.5  -2.48899818e-05  -5.52327933e-02   3.02289431e+02
4.0 6.0  -1.64196952e-05  -3.58398268e-02   2.75857252e+02
4.0 6.5  -1.18646823e-05  -2.55443709e-02   2.62073537e+02
4.5 3.0   5.01988622e-05  -8.26076681e-02  -3.77847089e+02
4.5 3.5  -4.16412795e-05  -8.89916182e-02  -2.83449686e+02
4.5 4.0  -1.21433361e-03  -3.02545966e+00  -1.52903967e+03
4.5 4.5  -3.10253571e-04  -7.25866066e-01   8.51914664e+02
4.5 5.0  -7.07290544e-05  -1.61484631e-01   4.57104964e+02
4.5 5.5  -3.49690590e-05  -7.82189854e-02   3.61262141e+02
4.5 6.0  -2.20548529e-05  -4.84903148e-02   3.21529542e+02
4.5 6.5  -1.55744094e-05  -3.37517419e-02   3.01446778e+02
5.0 3.0   4.05388016e-05  -4.84641952e-02  -3.14025597e+02
5.0 3.5  -2.70488552e-05  -5.71795032e-02  -2.38562251e+02
5.0 4.0  -3.24017723e-04  -7.92268223e-01  -7.99168690e+02
5.0 4.5  -9.86159557e-04  -2.32745675e+00   1.54565201e+03
5.0 5.0  -1.12884681e-04  -2.59787647e-01   5.84540310e+02
5.0 5.5  -4.87149396e-05  -1.09771569e-01   4.30046559e+02
5.0 6.0  -2.91231363e-05  -6.44654557e-02   3.71690512e+02
5.0 6.5  -2.00293013e-05  -4.36741430e-02   3.43286305e+02
5.5 3.0   3.40573783e-05  -3.13029456e-02  -2.75381498e+02
5.5 3.5  -1.93269097e-05  -4.02735307e-02  -2.10383510e+02
5.5 4.0  -1.56783405e-04  -3.85759548e-01  -5.68712458e+02
5.5 4.5  -9.83952519e-03  -2.34933870e+01   4.98143784e+03
5.5 5.0  -1.88191299e-04  -4.36291033e-01   7.64117232e+02
5.5 5.5  -6.77760965e-05  -1.53773708e-01   5.11720601e+02
5.5 6.0  -3.80081806e-05  -8.46677220e-02   4.27268765e+02
5.5 6.5  -2.53600201e-05  -5.56197585e-02   3.87982611e+02
6.0 3.0   8.87088331e-06  -1.92143444e-02  -2.49454057e+02
6.0 3.5  -1.46771843e-05  -3.00102740e-02  -1.91019935e+02
6.0 4.0  -9.60781641e-05  -2.38043791e-01  -4.55515658e+02
6.0 4.5  -1.18271065e-02  -2.75505787e+01  -5.45525595e+03
6.0 5.0  -3.38326273e-04  -7.89748753e-01   1.03741683e+03
6.0 5.5  -9.48163053e-05  -2.16507538e-01   6.10703001e+02
6.0 6.0  -4.92332123e-05  -1.10328113e-01   4.89419741e+02
6.0 6.5  -3.17301922e-05  -6.99738608e-02   4.35984271e+02
6.5 3.0  -6.96437650e-05  -1.51980831e-02  -2.30859014e+02
6.5 3.5  -1.16434542e-05  -2.32006000e-02  -1.76878950e+02
6.5 4.0  -6.66721057e-05  -1.66289657e-01  -3.88120635e+02
6.5 4.5  -1.36623365e-03  -3.36209586e+00  -1.92963876e+03
6.5 5.0  -6.94971913e-04  -1.63278576e+00   1.50575723e+03
6.5 5.5  -1.34344378e-04  -3.08619879e-01   7.33596934e+02
6.5 6.0  -6.35234161e-05  -1.43153698e-01   5.59608406e+02
6.5 6.5  -3.93458452e-05  -8.72211800e-02   4.87813155e+02
7.0 3.0   2.83307128e-05  -1.16446383e-02  -2.16837864e+02
7.0 3.5  -9.58198287e-06  -1.83830372e-02  -1.66089561e+02
7.0 4.0  -4.99183411e-05  -1.25272267e-01  -3.43345581e+02
7.0 4.5  -5.42371233e-04  -1.32528559e+00  -1.22925480e+03
7.0 5.0  -1.86364543e-03  -4.40650191e+00   2.49785579e+03
7.0 5.5  -1.94446808e-04  -4.49230477e-01   8.90754481e+02
7.0 6.0  -8.19033291e-05  -1.85558079e-01   6.39728607e+02
7.0 6.5  -4.84682537e-05  -1.07976313e-01   5.44083708e+02
7.5 3.0   2.88103239e-05  -8.44403489e-03  -2.05903625e+02
7.5 3.5  -8.23021169e-06  -1.47975320e-02  -1.57580797e+02
7.5 4.0  -3.93258341e-05  -9.92415228e-02  -3.11403784e+02
7.5 4.5  -3.00283639e-04  -7.36516703e-01  -9.29183381e+02
7.5 5.0  -1.05269175e-02  -2.51018076e+01   6.02444464e+03
7.5 5.5  -2.90736535e-04  -6.75303261e-01   1.09940271e+03
7.5 6.0  -1.05853377e-04  -2.41031964e-01   7.32280176e+02
7.5 6.5  -5.94316333e-05  -1.33025584e-01   6.05527816e+02
8.0 3.0   2.85504316e-05  -6.06488286e-03  -1.97130391e+02
8.0 3.5  -7.76890215e-06  -1.19844199e-02  -1.50695015e+02
8.0 4.0  -3.21271145e-05  -8.14741670e-02  -2.87448012e+02
8.0 4.5  -1.95695986e-04  -4.82297708e-01  -7.62308823e+02
8.0 5.0  -1.54668369e-01  -3.54854608e+02  -2.27503496e+04
8.0 5.5  -4.56429201e-04  -1.06558290e+00   1.39051569e+03
8.0 6.0  -1.37569994e-04  -3.14759311e-01   8.40639803e+02
8.0 6.5  -7.26678424e-05  -1.63385481e-01   6.73027408e+02
8.5 3.0   2.83429904e-05  -4.23261441e-03  -1.89932779e+02
8.5 3.5  -1.38199365e-05  -9.17463263e-03  -1.45005580e+02
8.5 4.0  -2.69701650e-05  -6.86796227e-02  -2.68802392e+02
8.5 4.5  -1.40311297e-04  -3.47492068e-01  -6.55947245e+02
8.5 5.0  -5.49584824e-03  -1.21659884e+01  -4.28386295e+03
8.5 5.5  -7.72293162e-04  -1.81182221e+00   1.82597942e+03
8.5 6.0  -1.80415006e-04  -4.14682422e-01   9.69489725e+02
8.5 6.5  -8.87414031e-05  -2.00385519e-01   7.47657924e+02
