[[-1.47925461 -1.4002756  -3.7370237 ]]
[[-2.6763715   1.75415461  4.95565878]]
[[ 0.02469563  0.62259042  2.47724708]]
[[ 0.18165234  0.5996632  -1.6153092 ]]
[[ 0.04984427  0.00222727 -0.14591108]]
[[ 0.02759032 -0.01933936 -0.00057287]]
[[-3.66421377  0.51804796  1.52462881]]
[[-2.43100264 -0.16189715 -4.14997784]]
[[ 0.05470418  0.01331519  0.0707348 ]]
[[ 0.0328471  -0.0280214   0.07223739]]
[[ 0.12299132 -0.16200474 -2.79601951]]
[[-0.88552261 -0.4079882   1.50181004]]
[[ 0.09399064  0.38380258 -1.50998633]]
[[ 2.3164773  -0.15550467  2.84717772]]
[[-0.01125531 -0.01959123 -0.08385617]]
[[-0.0166018  -0.01037628 -0.06460298]]
[[-1.1503335  -3.11490235 -4.35317632]]
[[-0.64214273 -1.77167366  3.02566124]]
[[-0.02791514 -0.02265494  0.1576973 ]]
[[-0.02498125 -0.03226349 -0.06218443]]
[[ 0.00147841  0.00098239 -0.031033  ]]
[[ 0.00286127  0.00101148 -0.02383865]]
[[ 0.11070778  0.049447    0.0175925 ]]
[[ 0.10369811  0.00755168 -0.05544386]]
[[ 0.95290823  0.99662635  2.13515902]]
[[ 0.01864839  0.25675341 -0.12160099]]
[[ 0.13326048  0.04659057  0.0391399 ]]
[[ 0.11985744  0.00405856  0.02692734]]
[[ 0.00642613  0.00922622  0.02650876]]
[[ 0.00617984  0.01213987  0.0287991 ]]
[[ 0.00568914 -0.02197952 -0.04337499]]
[[-0.01312163  0.02585488 -0.0617511 ]]
[[-0.36940823  1.37793198  3.29389792]]
[[ 2.29641893  1.04049538  0.65240204]]
[[ 0.0059198  -0.03873336 -0.05817638]]
[[-0.02548688  0.03880043  0.14222943]]
[[-1.11406256 -2.10360221 -2.84451102]]
[[-1.17653635 -0.99100028  1.43271339]]
[[ 0.20877399  1.21907112  1.08441467]]
[[ 0.22789117 -0.63426317 -4.98166229]]
[[ 0.10436327  0.00111183 -0.00742242]]
[[ 0.08090901  0.0683449  -0.07108973]]
[[ 2.72664435  0.72065374 -1.58543306]]
[[ 2.42866283  2.12401831  0.39664205]]
[[ 0.11684025 -0.00780392  0.05915796]]
[[ 0.08415794  0.09058556  0.08344253]]
[[-2.09665835 -1.96810985 -2.20754501]]
[[-0.18970952 -1.38740361  0.89667468]]
[[ 0.01174194  0.0267938   6.55164826]]
[[ 1.37236203 -0.6869214  -4.2031425 ]]
