[[-0.00434664  0.00468965  0.00882761]]
[[ -7.46558444e-03   1.51386545e-05   4.51338662e-03]]
[[-0.00865071 -0.00200736  0.00084214]]
[[-0.00679408 -0.00213434 -0.00213151]]
[[-0.00583286 -0.00207491 -0.00031729]]
[[-0.00539117 -0.00178905  0.0013779 ]]
[[-0.00606105 -0.00132202  0.00368792]]
[[-0.00331762  0.00110731  0.00713756]]
[[-0.00536463 -0.00211365 -0.00349787]]
[[-0.00613661 -0.00142754 -0.00658035]]
[[ -2.37043858e-03  -9.81309653e-05  -5.75070054e-03]]
[[-0.00200162 -0.00077727 -0.00571445]]
[[-0.00107882 -0.00064326 -0.00531342]]
[[-0.00087186 -0.00076228 -0.0053746 ]]
[[ -7.28801716e-04  -8.82587258e-05  -5.37176703e-03]]
[[-0.00012985  0.0003323  -0.00438688]]
[[-0.00651832 -0.00372262  0.00262946]]
[[-0.00477558 -0.00169885 -0.00155665]]
[[-0.00483643 -0.00176178  0.00164489]]
[[-0.00471202 -0.00311672 -0.00457497]]
[[-0.00552971 -0.00164179 -0.003735  ]]
[[-0.00887039 -0.00060417 -0.008957  ]]
[[-0.00419068 -0.00236646 -0.00479372]]
[[-0.00097959  0.00051941 -0.00499696]]
[[-0.00307672 -0.00069585 -0.00499752]]
[[-0.00202081 -0.00094359 -0.00752453]]
[[-0.00094948 -0.00141966 -0.00509566]]
[[-0.00112555 -0.00090215 -0.00483646]]
[[-0.00169186 -0.00042938 -0.00512262]]
[[  5.73256909e-05  -1.04358958e-03  -4.39066982e-03]]
[[-0.00151409 -0.0017408  -0.00588872]]
[[-0.00030012 -0.00029624 -0.00561379]]
[[-0.00112585  0.00029216 -0.005907  ]]
[[ 0.00025541  0.00019291 -0.00305097]]
[[ 0.00011645 -0.00070938 -0.00463988]]
[[-0.00022983  0.00188859 -0.00396163]]
[[-0.00248219 -0.00020659  0.00356042]]
[[-0.00180205  0.00045106  0.00386923]]
[[-0.00160083  0.00021339  0.00292953]]
[[-0.00194716  0.00056735  0.00253817]]
[[-0.00310382  0.00069841  0.00152176]]
[[-0.00315611  0.00083938  0.00327618]]
[[-0.00173144  0.00144689  0.00522008]]
[[-0.00360333 -0.00014676  0.00507276]]
[[-0.00198701  0.00020203  0.0019318 ]]
[[-0.00109405  0.00065952  0.00219565]]
[[-0.00081408  0.000143    0.00250933]]
[[-0.0001138   0.00060661  0.00272926]]
[[ 0.00144903  0.00094391  0.00285628]]
[[ 0.00149726  0.00184794  0.00152819]]
[[ 0.00183308  0.00120601  0.00064865]]
[[ 0.00151572  0.00122638 -0.00015291]]
[[ -1.57979557e-03  -6.45122772e-05   2.36932777e-03]]
[[-0.00449748 -0.00016968  0.00126177]]
[[-0.00667008 -0.00237379  0.00349251]]
[[-0.00136559 -0.00018101  0.00224228]]
[[-0.00255739 -0.00016373  0.00144619]]
[[-0.00066926  0.00049945  0.0020321 ]]
[[-0.0006776   0.00106668  0.00131258]]
[[-0.00056478  0.00018489  0.0025743 ]]
[[-0.00109653 -0.00070599  0.00336615]]
[[ 0.00031135  0.00046755  0.00228716]]
[[-0.000339    0.00086898  0.00305832]]
[[ 0.00088752  0.00113316  0.0020141 ]]
[[ 0.00255727  0.00078636  0.00356306]]
[[ 0.00228664  0.00290819  0.0022798 ]]
[[ 0.00165465  0.0008977   0.00169121]]
[[ 0.00130452  0.00127113  0.00040498]]
[[ 0.00251971  0.00123051  0.00034573]]
[[ 0.0021229   0.00193454 -0.00021725]]
[[ 0.00154924  0.00067121  0.00039825]]
[[ 0.00105164  0.00085245 -0.00080955]]
[[-0.00172175  0.00380272  0.00347442]]
[[ 0.00096291  0.00942952  0.00293133]]
[[-0.00079172  0.00651342  0.00282016]]
[[-0.00066006  0.00600254  0.00317484]]
[[ 0.00046486  0.00725425  0.00163316]]
[[ 0.00260842  0.00980008  0.00231393]]
[[ 0.00336275  0.01078499  0.00278375]]
[[-0.00374467 -0.00015792  0.00567616]]
[[-0.00190432  0.00481762  0.00279549]]
[[-0.00198364  0.00317948  0.00329536]]
[[-0.00258116  0.0016947   0.00338953]]
[[-0.00136376 -0.00011308  0.00375823]]
[[-0.00016368  0.0008764   0.00350116]]
[[ 0.00077943 -0.00091438  0.00260881]]
[[ 0.00082538  0.00061958  0.00115361]]
[[ 0.00093356 -0.00117607 -0.0002441 ]]
[[-0.00176894  0.00435967  0.00250499]]
[[-0.00095329  0.0063863   0.0012725 ]]
[[-0.00078842  0.01216273  0.00256842]]
[[ 0.00052221  0.0062152   0.00295247]]
[[-0.0023339   0.00425065  0.00136278]]
[[-0.00218422  0.00207601  0.00342716]]
[[-0.0032368   0.00384855  0.00513582]]
[[-0.00137899  0.00220207  0.00303935]]
[[-0.00311376  0.00177374  0.00334425]]
[[ -5.47412405e-04  -8.24026673e-05   3.10557591e-03]]
[[-0.00234157 -0.00097081  0.00322786]]
[[ 0.00018672  0.00196802  0.00371008]]
[[ 0.00012308  0.00030442  0.00392018]]
[[ 0.00064344 -0.00218382  0.00300668]]
[[ 0.00125095 -0.00014913  0.00302277]]
[[ 0.00202944  0.00190294  0.00112713]]
[[ 0.00103419  0.000615    0.00052334]]
[[ -1.68302460e-05  -2.35030421e-03  -6.62852679e-04]]
[[ 0.00091615 -0.0012588   0.00061602]]
[[ 0.000714   -0.0005351  -0.00127166]]
[[-0.00227638 -0.00077778  0.00734754]]
[[-0.0078134  -0.00536467  0.00413737]]
[[-0.00779887 -0.00099959  0.00019636]]
[[-0.00609913 -0.00137307 -0.0034514 ]]
[[-0.00687714 -0.0023613  -0.00108366]]
[[-0.00859153 -0.00426916  0.00158351]]
[[-0.00856247 -0.00640188  0.0048273 ]]
[[-0.00063185  0.00427946  0.00504549]]
[[ -3.82210934e-03  -1.71433882e-05  -4.82828861e-03]]
[[-0.00346774  0.00046289 -0.00736589]]
[[ 0.00019191  0.00055127 -0.00649083]]
[[ 0.0006545   0.00167351 -0.00575266]]
[[ 0.00073728 -0.00010631 -0.00515339]]
[[ 0.00012622  0.00059121 -0.00523939]]
[[-0.00011178 -0.00082093 -0.00477948]]
[[ 0.00010209  0.00049097 -0.00308627]]
[[-0.00507588  0.0042295   0.00173486]]
[[-0.00522031 -0.00013058 -0.00227105]]
[[-0.00727023 -0.00113074  0.00230548]]
[[ -5.95015562e-03   9.86666921e-05  -6.13770366e-03]]
[[-0.00389552 -0.00018676 -0.00434764]]
[[-0.00484786  0.00139248 -0.00954693]]
[[-0.00050096  0.00052363 -0.00788415]]
[[  9.63165239e-05  -7.45628331e-05  -6.28381428e-03]]
[[-0.00049342  0.00096969 -0.00512326]]
[[ 0.00098933  0.00216872 -0.00656927]]
[[ 0.00182267  0.0027683  -0.0040605 ]]
[[-0.00026127 -0.00088086 -0.00624785]]
[[ 0.00079673 -0.00010528 -0.00499374]]
[[ 0.00172212  0.00106036 -0.00401669]]
[[-0.00072536  0.0016263  -0.00548873]]
[[-0.0013667  -0.00171972 -0.00502506]]
[[-0.00011942 -0.00139408 -0.00523696]]
[[ 0.00189566  0.00117803 -0.00178769]]
[[ 0.00041419  0.00190014 -0.00377242]]
[[-0.00030689 -0.00100688 -0.00212211]]
[[ 0.00416551 -0.00202211  0.00083816]]
[[ 0.00163968 -0.00444492  0.00150852]]
[[ 0.00037188 -0.00544896  0.00055035]]
[[-0.00016623 -0.00427895 -0.00111205]]
[[-0.00071836 -0.00327624 -0.00055486]]
[[-0.00063734 -0.00303117  0.00026718]]
[[ -7.75176048e-06  -3.27835173e-03   9.03062188e-04]]
[[ 0.00034299 -0.00138042  0.00100658]]
[[  1.94781891e-05  -4.82247479e-03  -2.12845081e-03]]
[[ 0.00107391 -0.00278949 -0.00233995]]
[[ 0.00099248 -0.00149962 -0.00226279]]
[[ 0.00109022 -0.00120955 -0.00169297]]
[[ 0.00062106 -0.00101603 -0.0018165 ]]
[[ 0.00088669 -0.00067958 -0.00168125]]
[[ 0.00086758 -0.00016905 -0.00164456]]
[[ 0.00115484  0.00020469 -0.00133296]]
[[ 0.00301309 -0.00917514  0.00315169]]
[[-0.00069079 -0.002869   -0.00108531]]
[[-0.00086422 -0.00271756  0.00040273]]
[[-0.00028149 -0.00666783 -0.00389291]]
[[-0.00060148 -0.00309831 -0.00241804]]
[[ 0.00133466 -0.00321011 -0.0021847 ]]
[[ 0.00068216 -0.0028318  -0.00147006]]
[[ 0.00198818 -0.00136277 -0.00265212]]
[[ 0.00060865 -0.00134197 -0.00223173]]
[[ 0.00112765 -0.00118785 -0.00132266]]
[[ 0.00084309 -0.00137648 -0.00142886]]
[[ 0.00034295 -0.00126025 -0.00209602]]
[[ 0.0004352  -0.00057936 -0.0018818 ]]
[[ 0.00078428 -0.00067698 -0.00130483]]
[[ 0.00103422 -0.00102747 -0.00151843]]
[[  8.86211405e-04  -8.45371362e-05  -2.12502535e-03]]
[[  6.39286220e-04   1.10961455e-05  -1.41974657e-03]]
[[ 0.00085236  0.0002405  -0.00092115]]
[[ 0.00141198  0.00016088 -0.00112076]]
[[ 0.00105629  0.0006856  -0.00144801]]
[[-0.00048517 -0.00171877  0.00106317]]
[[-0.00079312 -0.00109158  0.00103563]]
[[-0.00120434 -0.00109153  0.00085193]]
[[-0.00173362 -0.00115526  0.00097914]]
[[ -3.22659648e-03  -1.29994658e-03   7.43735437e-05]]
[[-0.00462337 -0.00113979  0.00063212]]
[[-0.00134673 -0.00068912  0.00034502]]
[[  6.83631567e-05  -2.23582043e-03   1.34024774e-03]]
[[-0.00125564 -0.00115346  0.00082136]]
[[-0.0011207  -0.00107727  0.00087135]]
[[-0.00145121 -0.00088739  0.00110608]]
[[-0.00122151 -0.00030618  0.00154519]]
[[-0.00101438  0.00036082  0.00162361]]
[[-0.00040389  0.00168081  0.00133522]]
[[-0.00034289  0.00109029  0.00062195]]
[[ -2.45939601e-05   1.40364924e-03   2.38929405e-04]]
[[-0.00110971 -0.00118991  0.00087963]]
[[-0.00419698 -0.00295033  0.00057948]]
[[ -8.97087018e-03  -2.88959554e-03   7.62191666e-05]]
[[-0.0008752  -0.00146767  0.00084494]]
[[-0.00149673 -0.0012034   0.00089346]]
[[-0.00111278 -0.00079066  0.00081738]]
[[-0.00083676 -0.00137631  0.00046477]]
[[-0.00094569 -0.00097754  0.00103751]]
[[-0.0015575  -0.00143978  0.00108869]]
[[-0.00106384 -0.00028231  0.00133188]]
[[-0.00155418 -0.00035803  0.00234404]]
[[-0.00073817  0.00018002  0.0011013 ]]
[[-0.00114081  0.00042511  0.00160978]]
[[ 0.00046351  0.00272868  0.0023511 ]]
[[-0.00018068  0.00067721  0.00132586]]
[[-0.00034715  0.0008522   0.00052505]]
[[-0.00045892  0.00116764  0.00035895]]
[[ 0.00062382  0.00228518  0.0002305 ]]
[[  1.55819166e-05   8.14871065e-04   4.35636221e-04]]
[[-0.00012402  0.00091364 -0.00023519]]
[[-0.00074784 -0.00271634 -0.00124856]]
[[ 0.0028956   0.00259482 -0.00227261]]
[[ 0.00301936 -0.00139048 -0.00045463]]
[[  2.58727699e-03   2.81813410e-06   2.47744168e-03]]
[[ 0.0041932   0.00159115  0.00089821]]
[[ 0.00621869  0.00352446 -0.0011758 ]]
[[ 0.00558763  0.00542864 -0.00316295]]
[[ 0.00065891 -0.00480788 -0.00102148]]
[[ 0.00112346 -0.00154039  0.0036906 ]]
[[-0.00022331 -0.00131561  0.00445   ]]
[[-0.00135746 -0.0012951   0.00414293]]
[[-0.00122646 -0.00198936  0.00367572]]
[[ -1.27795939e-03   6.88609397e-05   3.27051352e-03]]
[[-0.00095348 -0.00037757  0.00318032]]
[[-0.00109395  0.00120605  0.00237978]]
[[-0.00119013 -0.00025824  0.00108251]]
[[ 0.00057244 -0.00794151 -0.00247263]]
[[ 0.00308692 -0.00058926  0.00171267]]
[[ 0.00535719  0.00060423 -0.00182855]]
[[ 0.00384162 -0.00203279  0.00544363]]
[[ 0.00142934 -0.00065754  0.00331589]]
[[-0.00064012 -0.00328037  0.00485053]]
[[-0.00183357 -0.000898    0.00547291]]
[[-0.00103344 -0.00085636  0.00474632]]
[[-0.00099644 -0.00128538  0.00333635]]
[[-0.00080887 -0.00243413  0.00346965]]
[[-0.00206551 -0.002978    0.0018966 ]]
[[ -9.71514581e-05   9.67340870e-04   4.89145105e-03]]
[[-0.00155849  0.00019612  0.0030242 ]]
[[-0.00195195 -0.00077394  0.00226384]]
[[-0.00081635 -0.00095538  0.00345884]]
[[ 0.00055092  0.00253041  0.00298549]]
[[-0.00105276  0.00157524  0.00184379]]
[[-0.00246108 -0.0008741   0.00036616]]
[[-0.00154345 -0.00089897  0.00137877]]
[[-0.00088528  0.00049332  0.0005846 ]]
[[ 0.00154975 -0.00418382 -0.00224737]]
[[ 0.00016664 -0.00970251 -0.00182888]]
[[ 0.00193969 -0.00674465 -0.00225761]]
[[ 0.00230515 -0.0063468  -0.00331524]]
[[ 0.00212548 -0.00717617 -0.00226972]]
[[ 0.00217347 -0.00940086 -0.00193604]]
[[ -7.49099662e-04  -1.09142565e-02  -1.42735816e-05]]
[[ 0.00280551 -0.00068544 -0.00336149]]
[[ 0.00246931 -0.0048464  -0.00303423]]
[[ 0.00256797 -0.00308573 -0.00307753]]
[[ 0.00319814 -0.00153959 -0.00297602]]
[[ 0.00226244  0.0003611  -0.00326905]]
[[ 0.00207958 -0.00065859 -0.00285557]]
[[ 0.00062232  0.00141455 -0.00279097]]
[[ 0.00077784 -0.00016779 -0.00146188]]
[[  9.81887182e-05   1.75471734e-03  -4.65048244e-04]]
[[ 0.00257646 -0.00459175 -0.00219546]]
[[ 0.00333957 -0.00596037 -0.00242597]]
[[ 0.00707914 -0.00844616 -0.00184549]]
[[  5.20894247e-05  -6.33021254e-03  -2.94448938e-03]]
[[ 0.002917   -0.00397963 -0.00244711]]
[[ 0.00291689 -0.00202693 -0.00313579]]
[[ 0.00370998 -0.00381064 -0.00506692]]
[[ 0.00193101 -0.00211582 -0.00255647]]
[[ 0.00344738 -0.00139717 -0.00241144]]
[[ 0.0015549   0.00022517 -0.00278052]]
[[ 0.00317398  0.00124817 -0.0029542 ]]
[[ 0.00109221 -0.00196797 -0.00338027]]
[[  2.78648731e-03   5.08925382e-05  -2.68266604e-03]]
[[ 0.00061488  0.00281647 -0.0033086 ]]
[[ -5.31422176e-06   4.76779779e-04  -3.06510962e-03]]
[[-0.00079974 -0.00157962 -0.00155252]]
[[ 0.00119683 -0.00014812 -0.00093673]]
[[  9.77773914e-04   3.21242727e-03  -4.24324565e-05]]
[[  1.91120062e-07   1.75814674e-03  -1.00559937e-03]]
[[  7.06636667e-05   9.65688921e-04   3.89006093e-04]]
[[ 0.00403369  0.00092799  0.00065642]]
[[ 0.00170702 -0.00173768  0.00177342]]
[[ 0.00049419 -0.00285355  0.00133552]]
[[ -5.10759517e-05  -1.97391320e-03   7.13373677e-05]]
[[-0.00027758 -0.00117925  0.00018281]]
[[ -1.15921390e-05  -8.61274310e-04   5.15638093e-04]]
[[ 0.00041327 -0.0009037   0.0009569 ]]
[[ 0.00069056  0.00092084  0.00054875]]
[[-0.00012999 -0.00243454 -0.00070961]]
[[ 0.00066719 -0.00112346 -0.00080443]]
[[ 0.00054905 -0.00016323 -0.0005994 ]]
[[ 0.00047779 -0.00039147 -0.00013501]]
[[  9.71684654e-05  -6.89458314e-04  -3.28646101e-04]]
[[ 0.00027144 -0.00056537 -0.00045818]]
[[ 0.00036129 -0.00051903 -0.00062763]]
[[  6.84276415e-04  -7.42991673e-05  -5.63373112e-04]]
[[ 0.0028092  -0.00615656  0.00420766]]
[[-0.00025064 -0.00087802 -0.00013869]]
[[-0.00013662 -0.00062194  0.00033041]]
[[-0.00065794 -0.00355781 -0.00202984]]
[[-0.00046174 -0.00126692 -0.00086477]]
[[ 0.00099246 -0.00160737 -0.00065241]]
[[ 0.00040208 -0.00102979 -0.00034663]]
[[ 0.00140478  0.00032814 -0.00058656]]
[[ 0.00041962 -0.00036841 -0.00053677]]
[[ 0.0005603  -0.00040837  0.00020319]]
[[ 0.00037837 -0.0004277  -0.00022559]]
[[-0.00034391 -0.00091844 -0.00031429]]
[[  7.61154727e-05  -3.39319024e-04  -4.34831772e-04]]
[[ 0.00031655 -0.00046175 -0.00031966]]
[[ 0.00043083 -0.00096546 -0.00033997]]
[[ 0.00027631 -0.00069218 -0.00103034]]
[[ 0.00023889 -0.00021244 -0.00051687]]
[[  4.65668195e-04   2.19941988e-05  -3.19913271e-04]]
[[ 0.00092514 -0.00016219 -0.00045987]]
[[ 0.00066927  0.00019455 -0.00065359]]
[[ 0.00025736  0.00015498  0.0004751 ]]
[[  4.09918117e-05   7.34871831e-04   2.12057336e-04]]
[[ -9.51443245e-06   5.98346397e-04   1.30391798e-05]]
[[-0.00066217  0.00061572  0.0001406 ]]
[[-0.00232372  0.00066035 -0.00045966]]
[[ -3.94250163e-03   9.27202084e-04   7.64185518e-05]]
[[-0.00074     0.00137144 -0.00018185]]
[[  5.68139630e-04  -5.81684417e-05   9.93501051e-04]]
[[ -1.31467588e-04   4.24471271e-04   8.33516402e-05]]
[[  1.96300297e-04   5.65025116e-04  -4.63898446e-05]]
[[  9.05537894e-05   1.93793768e-04   3.63684699e-05]]
[[ 0.00037724  0.00054045  0.00035238]]
[[ 0.00080286  0.00088343  0.00040708]]
[[  1.38628135e-03   1.75522290e-03   1.79028187e-05]]
[[ 0.00206147  0.00099658 -0.00055008]]
[[ 0.00189438  0.00102507 -0.00191451]]
[[  2.14547137e-04   3.94972465e-04   4.60886369e-05]]
[[-0.00353088 -0.00083257  0.0002956 ]]
[[-0.00859813 -0.00053062 -0.00037118]]
[[  1.94331171e-05   2.89404737e-04   1.54235411e-04]]
[[-0.00030043  0.00030305  0.00035309]]
[[  3.67476889e-04   4.04855937e-04  -1.55643874e-05]]
[[ 0.00061428  0.00084836 -0.00073022]]
[[ 0.00027677  0.00028338  0.00010641]]
[[  6.65492383e-05  -4.12464691e-04   2.87449531e-04]]
[[ 0.00063245  0.00038286  0.00022601]]
[[ 0.00015568  0.00074091  0.00087091]]
[[  7.21396817e-04   8.96522620e-04   1.91907419e-05]]
[[ 0.00079929  0.00088965  0.00073988]]
[[ 0.00232301  0.0027781   0.00075909]]
[[  1.58932083e-03   7.85308123e-04   5.07863621e-05]]
[[ 0.00142079  0.0010847  -0.00051812]]
[[ 0.00180891  0.0009631   0.00018512]]
[[ 0.00269585  0.00155086 -0.00186877]]
[[ 0.00156106  0.00043726 -0.00115461]]
[[ 0.00210743  0.0001719  -0.0035746 ]]
[[-0.00076013  0.00154828 -0.00308275]]
[[  2.26107339e-05   5.57882300e-03  -1.46109426e-03]]
[[-0.00060425  0.00399246  0.00103997]]
[[ 0.00075378  0.00365099  0.00209588]]
[[ 0.00309578  0.00333467  0.00205978]]
[[ 0.00475406  0.00409436 -0.00043113]]
[[ 0.00279441  0.00587625 -0.00388907]]
[[-0.00101857 -0.00066937 -0.0046421 ]]
[[ 0.00051149  0.00187241  0.0020979 ]]
[[-0.00038344  0.00173759  0.00196465]]
[[  8.64681170e-05   3.07642560e-04   1.78557483e-03]]
[[ 0.00019752 -0.00065686  0.00099948]]
[[ 0.00080418 -0.00023365  0.00085327]]
[[ 0.00090754 -0.00049425  0.00070341]]
[[ 0.00161043 -0.00060882  0.00061352]]
[[ 0.00137366 -0.00151665 -0.00111004]]
[[-0.00135561  0.0025321   0.00081243]]
[[ 0.00311145  0.00170221  0.00212947]]
[[ 0.00456273  0.00174993 -0.001174  ]]
[[ 0.0001999   0.00170341  0.00121443]]
[[ 0.00104225  0.00123136  0.00198188]]
[[-0.00083228  0.00118762  0.00196096]]
[[-0.00136066  0.00243089  0.00415739]]
[[ 0.00015032  0.00040378  0.00114267]]
[[ 0.00056492  0.00024006  0.00175211]]
[[ 0.00047555 -0.0005277   0.00079768]]
[[-0.00056437 -0.00130722  0.00011625]]
[[ 0.00065326 -0.0003044   0.0006373 ]]
[[ 0.00106089 -0.00011562  0.00118238]]
[[  2.63748701e-05  -6.48833869e-04   6.11059639e-04]]
[[ 0.00108347 -0.00028389  0.00094694]]
[[ 0.0013662  -0.00086926  0.00024057]]
[[ 0.00172667 -0.00023732  0.00151641]]
[[ 0.00032959 -0.00225544 -0.00078043]]
[[ 0.00112979 -0.00150189 -0.00051785]]
[[ 0.00222499 -0.00076114 -0.00279901]]
[[-0.00089203 -0.00085563 -0.00345448]]
[[-0.00204633 -0.00272605 -0.00116529]]
[[-0.00106169 -0.00146829  0.0005265 ]]
[[  8.14488150e-05  -1.22722441e-03   6.43212746e-04]]
[[ 0.00080974 -0.00186905  0.00115061]]
[[ 0.00047782 -0.00283122 -0.00010187]]
[[-0.0010421  -0.00343783 -0.00227183]]
[[ 0.00017512  0.00144157 -0.00590066]]
[[ 0.00062411 -0.00180249  0.00048276]]
[[  4.55981983e-05  -7.07115903e-04   2.08106893e-04]]
[[ 0.00084967 -0.00073253  0.00027543]]
[[ 0.00036791 -0.00063318 -0.00044567]]
[[ 0.00076601 -0.00162858 -0.00029364]]
[[ -3.42816475e-05  -1.09671901e-03  -5.50347863e-04]]
[[ -9.76875237e-05  -2.03269202e-03  -1.65679294e-04]]
[[ -5.13205964e-04  -9.00482760e-04   4.42460163e-05]]
[[-0.001018   -0.00082741  0.00021558]]
[[ 0.00156596 -0.0006993   0.0010569 ]]
[[ 0.00122538 -0.00180007 -0.00043294]]
[[-0.0013417  -0.00307118 -0.00038249]]
[[ 0.00135382 -0.00129547  0.00088881]]
[[ -5.11167962e-05  -4.82856561e-04   3.93899223e-05]]
[[  2.72653766e-04  -6.68274356e-04   8.45982268e-05]]
[[  3.54541634e-04  -1.05621708e-03  -2.09470517e-05]]
[[  1.40161977e-03  -6.02188081e-05   6.73468734e-04]]
[[ 0.00011238 -0.00044646 -0.00036754]]
[[ 0.00035141 -0.00060307 -0.00020413]]
[[  4.39251072e-05  -2.74478445e-03  -1.41922312e-03]]
[[ 0.00149834 -0.00091498 -0.00013325]]
[[ 0.00017084 -0.00095758 -0.00023784]]
[[-0.00026368 -0.00069361 -0.00046864]]
[[-0.00142901 -0.00325299 -0.00046796]]
[[  4.01174414e-04  -1.80540644e-03  -9.89719473e-05]]
[[ -9.03676017e-05  -8.96046278e-04   6.08848850e-05]]
[[-0.00055048 -0.0005788  -0.00011209]]
[[-0.00044087 -0.00086105  0.00015995]]
[[ 0.00111991  0.00579223  0.00513378]]
[[-0.00556746  0.00765806  0.00310574]]
[[-0.00458882  0.0033977   0.00022653]]
[[-0.00425968  0.00262531 -0.00202698]]
[[-0.00621696  0.00398643  0.0005576 ]]
[[-0.01020589  0.00621992  0.0017481 ]]
[[-0.00812631  0.00811514  0.00215555]]
[[ 0.00232924 -0.00136964  0.00100462]]
[[-0.00150912  0.00155609 -0.00323025]]
[[-0.00134036  0.00125555 -0.00565477]]
[[ 0.00141007  0.00107113 -0.00487661]]
[[ 0.00116825 -0.00048002 -0.00408187]]
[[-0.00018208  0.0006634  -0.00380145]]
[[-0.00045309 -0.00015234 -0.00326299]]
[[-0.00033547  0.00092687 -0.0026037 ]]
[[ 0.00012052 -0.00058753 -0.00132693]]
[[-0.00099293 -0.00070692  0.00235281]]
[[-0.00462781  0.00231035  0.0001156 ]]
[[-0.01054468  0.00659382  0.00193237]]
[[-0.00325634  0.00157507 -0.00482052]]
[[-0.0013912   0.00164623 -0.00187518]]
[[-0.0025037   0.00085216 -0.00740688]]
[[ 0.0010658   0.00138231 -0.00659661]]
[[ 0.00154603  0.00205522 -0.00418782]]
[[ 0.00143084  0.00033791 -0.0041288 ]]
[[ 0.00157216 -0.00087578 -0.00422741]]
[[ 0.00215161 -0.00129574 -0.00274861]]
[[-0.00086218  0.00130292 -0.00437273]]
[[-0.00080699  0.0006964  -0.00426757]]
[[ 0.00136704 -0.00042315 -0.00240016]]
[[-0.00105804 -0.00132831 -0.00355019]]
[[-0.00186195  0.00194371 -0.00295893]]
[[-0.00093843  0.00153165 -0.00199769]]
[[ 0.00213106 -0.00132053 -0.0003858 ]]
[[ 0.00035193 -0.00193213 -0.00231896]]
[[ 0.00035316  0.00020929 -0.00069907]]
[[ 0.00220737 -0.00509253 -0.00335372]]
[[ 0.00642702 -0.00895575 -0.00073882]]
[[ 0.00391833 -0.00606831  0.00132738]]
[[ 0.00271407 -0.00412549  0.00213838]]
[[ 0.0029973 -0.0045748 -0.000821 ]]
[[ 0.0058724  -0.00619269 -0.00096278]]
[[ 0.00714557 -0.00786813 -0.00096523]]
[[-0.00177329  0.00194852  0.00106058]]
[[ 0.00025329 -0.00365659  0.00237871]]
[[ 0.00123947 -0.00186898  0.00454245]]
[[-0.00188056 -0.00121386  0.00392826]]
[[-0.00135373  0.00054885  0.00393096]]
[[-0.00027909 -0.00060834  0.00338874]]
[[ 0.00088673  0.00139453  0.00264475]]
[[ 0.00061908 -0.00032949  0.00113747]]
[[ 0.00085108  0.00174906 -0.00017959]]
[[ 0.00259681 -0.00562556  0.00195235]]
[[ 0.0002942  -0.00383118 -0.00022509]]
[[ 0.00166696 -0.00759885 -0.00158566]]
[[ 0.0016667  -0.00499709  0.00276919]]
[[-0.0005105  -0.00262211  0.00092   ]]
[[ 0.00276271 -0.00232139  0.0064562 ]]
[[-0.00071686 -0.00159412  0.00543066]]
[[-0.00092928 -0.00178248  0.00334974]]
[[-0.00223503 -0.00112694  0.00325002]]
[[-0.00149863  0.00052979  0.00424526]]
[[-0.00240261  0.00155499  0.00319627]]
[[  5.05745025e-05  -1.67509579e-03   3.62416429e-03]]
[[  4.08278272e-05  -1.35720917e-04   3.73101308e-03]]
[[ 0.00019448  0.00281706  0.00285297]]
[[ 0.00190709  0.0010184   0.00313582]]
[[ 0.00195081 -0.0017801   0.00117281]]
[[ 0.00074089 -0.0004197   0.00035602]]
[[-0.00058859  0.00324218 -0.00077743]]
[[ 0.00088396  0.00232594  0.00127652]]
[[ 0.0003628   0.00090777 -0.00144997]]
[[-0.00153504  0.00876382 -0.00794518]]
[[ 0.00440517  0.00746049 -0.00322745]]
[[ 0.00358687  0.00419217  0.0015052 ]]
[[ 0.00440398  0.00286518  0.00386611]]
[[ 0.0060258   0.00301604  0.00109592]]
[[ 0.00873945  0.00407343 -0.00112237]]
[[ 0.00809826  0.00594101 -0.00402369]]
[[-0.00061371  0.0035352  -0.00628659]]
[[ 0.00233088  0.00134625  0.00471023]]
[[ 0.00188864  0.00239534  0.00721789]]
[[-0.00094016  0.00205203  0.0065304 ]]
[[-0.00104834  0.0001762   0.00557083]]
[[ 0.00042034 -0.00053347  0.00530046]]
[[ 0.00035153 -0.00223302  0.00406469]]
[[  3.98110358e-05  -1.52030761e-03   2.91670163e-03]]
[[-0.00063448 -0.00220923  0.001399  ]]
[[-0.00026348  0.00157974 -0.00110757]]
[[ 0.00404794  0.00352267  0.00197881]]
[[ 0.00528896  0.0065494  -0.0024458 ]]
[[ 0.00158972  0.00045954  0.00525457]]
[[ 0.00275413  0.00129625  0.00377425]]
[[ 0.00322975  0.00270682  0.00911496]]
[[ 0.00055636  0.00279766  0.00774671]]
[[-0.00173533  0.00293528  0.00512548]]
[[-0.00041819  0.001867    0.0060156 ]]
[[-0.00158469  0.00040753  0.00600913]]
[[-0.00209137 -0.00046587  0.00565881]]
[[ 0.00033804 -0.00068608  0.00388458]]
[[ 0.00178822 -0.00026113  0.00570786]]
[[-0.00034629 -0.00338168  0.00465869]]
[[ 0.0008169  -0.00191161  0.00465532]]
[[  7.06793682e-05  -1.34800420e-03   2.76353740e-03]]
[[ 0.00107596 -0.00103287  0.00196271]]
[[-0.0014476  -0.00355232  0.00042613]]
[[-0.00096668 -0.00264764  0.00245855]]
[[-0.00092851 -0.00095072  0.00045583]]
[[ 0.00329503 -0.00293055  0.00036213]]
[[-0.00304283  0.00043128 -0.0003933 ]]
[[-0.00234947  0.00209331 -0.00099084]]
[[-0.00125103  0.00348037 -0.00230104]]
[[-0.00056354  0.00224839  0.00088502]]
[[-0.00152223  0.00135689 -0.00044146]]
[[-0.00330477  0.00199468 -0.00322167]]
[[ 0.00331737  0.00310012 -0.00519171]]
[[ 0.00055029  0.00212621 -0.00334885]]
[[-0.0005559   0.00160352 -0.00546073]]
[[ 0.00227107 -0.00055779 -0.00486071]]
[[ 0.0017612   0.00028687 -0.00475312]]
[[  9.99974110e-05  -3.07837991e-04  -4.57142584e-03]]
[[-0.00076921  0.00136338 -0.00355582]]
[[-0.00096223 -0.00042815 -0.00242318]]
[[-0.0008621   0.00060566 -0.00140296]]
[[ 0.00075469  0.00351757  0.00123127]]
[[  1.58840112e-03   6.50216842e-04  -2.88964968e-05]]
[[ 0.00214974 -0.00301886 -0.00019389]]
[[-0.00051624  0.00201128 -0.00631822]]
[[ 0.00102297  0.00144022 -0.00245498]]
[[-0.00234036  0.00080174 -0.00701959]]
[[-0.00016756  0.00251623 -0.00333206]]
[[ 0.00267151 -0.00151918 -0.0050167 ]]
[[ 0.0026319  -0.00036278 -0.00453753]]
[[ 0.00218219  0.0004848  -0.00473838]]
[[ 0.00197474  0.0007252  -0.00475363]]
[[-0.00060497 -0.00115997 -0.00479015]]
[[-0.0004108  -0.00016287 -0.0051235 ]]
[[-0.00073294  0.00254318 -0.00359458]]
[[-0.00149607  0.00173371 -0.00347218]]
[[-0.00204605 -0.00162207 -0.00282989]]
[[-0.00129581 -0.00060263 -0.00180895]]
[[-0.00068379  0.00144602 -0.00077409]]
[[-0.00076118  0.00111515 -0.00234753]]
[[-0.00020684 -0.00024081 -0.0007376 ]]
[[ 0.00361225  0.00107013  0.00053934]]
[[ 0.00131048 -0.00165758  0.00164858]]
[[  4.96439062e-05  -2.80091680e-03   1.19481526e-03]]
[[-0.00051832 -0.00191145 -0.00014557]]
[[ -7.34117345e-04  -1.16608697e-03  -6.76078460e-05]]
[[-0.0004065  -0.00084214  0.00034765]]
[[  1.18330494e-05  -8.73300583e-04   8.04706467e-04]]
[[ 0.00028914  0.00096533  0.00042653]]
[[-0.00076217 -0.0023404  -0.00095482]]
[[ -7.09871671e-06  -9.76379160e-04  -1.01517425e-03]]
[[ -4.21188577e-04  -5.46629264e-05  -8.70373240e-04]]
[[-0.0005207  -0.00020254 -0.00031069]]
[[-0.00135331 -0.00050192 -0.00060822]]
[[-0.00118579 -0.00017252 -0.00047555]]
[[-0.00208451  0.00013729 -0.00074259]]
[[-0.00132089  0.00058258  0.00065805]]
[[ 0.00233674 -0.00601679  0.0041229 ]]
[[-0.00072944 -0.00083022 -0.00046666]]
[[-0.00052443 -0.00058833  0.00022546]]
[[-0.0011316  -0.00349451 -0.00222123]]
[[-0.00117107 -0.00121327 -0.0012812 ]]
[[ 0.00022716 -0.00147169 -0.0008214 ]]
[[-0.00019431 -0.00086893 -0.00049716]]
[[ 0.00064335  0.00037094 -0.00077068]]
[[-0.00067821 -0.00028702 -0.00109579]]
[[ -5.20776345e-04  -3.18573376e-04   8.08060231e-05]]
[[-0.00051029 -0.00020954 -0.00029288]]
[[-0.00149744 -0.00085464 -0.00052252]]
[[-0.00160117 -0.00014049 -0.00112008]]
[[ -1.00236128e-03  -3.49549501e-05  -8.38219427e-05]]
[[-0.00105256 -0.00078331 -0.00025743]]
[[-0.00153673 -0.00022555 -0.00130755]]
[[-0.00223513  0.00058169 -0.0017518 ]]
[[-0.00145897  0.00084449  0.00104435]]
[[-0.00079259  0.00033179  0.00031641]]
[[-0.00178837  0.00149861  0.00183578]]
[[-0.00014615  0.00017717  0.00043471]]
[[-0.00039662  0.00072836  0.00019369]]
[[ -5.44312946e-04   5.27127785e-04   1.16206790e-05]]
[[ -1.22852319e-03   5.79910706e-04   9.33191909e-05]]
[[-0.00290023  0.00061057 -0.0006258 ]]
[[ -4.42034903e-03   9.22618040e-04  -4.50672988e-05]]
[[-0.00119286  0.00137566 -0.00030657]]
[[  1.74543322e-04  -3.26451284e-05   8.81263453e-04]]
[[ -8.49821717e-04   4.02754980e-04   1.80610237e-05]]
[[ -4.86656225e-04   5.52521763e-04  -8.07301101e-07]]
[[ -8.38739033e-04   1.50800320e-04   9.42616858e-05]]
[[-0.00049892  0.00049918  0.00061792]]
[[-0.00040562  0.00082811  0.00069918]]
[[ 0.00025073  0.00177982  0.00064377]]
[[  2.00592158e-04   1.13265893e-03   7.75647891e-05]]
[[  5.14667273e-04   1.14648037e-03  -1.80956196e-05]]
[[-0.00033504  0.00033156  0.00012201]]
[[ -4.17781759e-03  -8.27382489e-04   5.45410940e-05]]
[[-0.00910027 -0.00046303 -0.00048912]]
[[-0.00057429  0.00023416  0.00016525]]
[[-0.00114524  0.00027242  0.00014008]]
[[ -3.38586749e-04   3.80487638e-04   2.19386560e-05]]
[[  1.91019955e-05   8.08958045e-04  -6.64373899e-04]]
[[-0.000468    0.00019086  0.00026679]]
[[-0.00102798 -0.00048297  0.00013812]]
[[-0.00022924  0.00034124  0.00047   ]]
[[-0.00066589  0.00066502  0.00113261]]
[[-0.00023322  0.00075603  0.00042871]]
[[-0.00063195  0.00079213  0.00078638]]
[[ 0.00119989  0.00276932  0.00143756]]
[[ 0.00054799  0.00078492  0.00066994]]
[[  8.71231625e-05   1.00799496e-03   1.27171402e-04]]
[[  1.04242841e-05   1.17203344e-03  -4.42519825e-05]]
[[ 0.00118912  0.0017881  -0.00010784]]
[[ 0.00065317  0.00060628  0.00017886]]
[[ 0.00029708  0.00077537 -0.00037078]]
[[-0.00072217  0.00460868 -0.00247487]]
[[ 0.00055176  0.0080884  -0.00034047]]
[[-0.00063485  0.00599     0.0022697 ]]
[[ 0.00122057  0.00520646  0.00316754]]
[[ 0.00405808  0.00452345  0.00312866]]
[[ 0.00627987  0.00534733  0.00044963]]
[[ 0.0042005   0.00807513 -0.00290919]]
[[ -5.85974610e-05   2.54480995e-03  -4.41531744e-03]]
[[ 0.00070083  0.0033166   0.00296051]]
[[-0.00042395  0.00348144  0.00301644]]
[[-0.00047122  0.0015599   0.00283449]]
[[-0.00061458  0.00057387  0.00217364]]
[[-0.00065302  0.00061976  0.00188223]]
[[ -7.47140232e-04   1.65691524e-05   1.73928886e-03]]
[[ -1.01589389e-03  -8.98714901e-05   1.38984284e-03]]
[[-0.00104184 -0.00085684  0.00081882]]
[[-0.00180177  0.00456381  0.00178601]]
[[ 0.00418128  0.00248509  0.0029773 ]]
[[ 0.00621412  0.00265604 -0.0006421 ]]
[[  8.59890021e-05   3.32864138e-03   1.86206460e-03]]
[[ 0.00129514  0.0021771   0.00261809]]
[[-0.00099016  0.00289599  0.00314426]]
[[-0.00109693  0.00468525  0.00554396]]
[[-0.00048276  0.00183655  0.0019048 ]]
[[  7.78999556e-05   1.07492081e-03   2.41319282e-03]]
[[-0.00051834  0.00076113  0.00219345]]
[[-0.0012738   0.00023452  0.00178608]]
[[-0.00060955  0.00078864  0.00146844]]
[[-0.00040768  0.0004802   0.0016287 ]]
[[-0.00165086 -0.00013472  0.00184621]]
[[-0.00069348  0.00025375  0.00216509]]
[[ -6.71600324e-04   6.06092701e-05   1.07599660e-03]]
[[ -7.75949229e-04   8.32453731e-05   1.04743679e-03]]
[[-0.00217141 -0.00144427  0.00035767]]
[[-0.00106739 -0.00115988  0.00088721]]
[[-0.00074957 -0.00044628  0.0006281 ]]
[[ 0.00138193  0.00095758 -0.0035203 ]]
[[-0.00019491 -0.00014914 -0.00187235]]
[[ 0.00076835  0.00045563 -0.00069185]]
[[ 0.00105092  0.00129818 -0.00084197]]
[[ 0.00063943  0.00092533 -0.00030117]]
[[ 0.00015199  0.00020151 -0.0008788 ]]
[[-0.00020645 -0.00014443 -0.00286885]]
[[ 0.00190035  0.00400256 -0.00540443]]
[[ 0.00124884  0.00030924 -0.00115289]]
[[ 0.00066656  0.00055825 -0.00106177]]
[[  7.85370840e-04  -1.68327159e-05  -9.80686637e-04]]
[[ 0.00029657 -0.00013269 -0.00121509]]
[[  4.86927672e-05  -1.41900693e-03  -9.71387525e-04]]
[[-0.0006876  -0.00091941 -0.00071344]]
[[-0.00170065 -0.00193896 -0.00035136]]
[[-0.00165232 -0.00077869  0.00117768]]
[[ 0.00099591  0.00039395 -0.00083535]]
[[ 0.0008283   0.00185454 -0.00052879]]
[[ 0.0004136   0.00104973 -0.00088604]]
[[ 0.00034861 -0.00056701 -0.00247864]]
[[ 0.00154385  0.00079603 -0.00107087]]
[[ 0.00051414  0.00040636 -0.00096805]]
[[ 0.00043134  0.00075277 -0.00087722]]
[[ 0.00070855 -0.00029645 -0.00146515]]
[[ 0.00104494  0.00063291 -0.00089721]]
[[  3.10656836e-05  -5.00363470e-05  -9.78562548e-04]]
[[  1.31597501e-04   4.05886906e-05  -7.88925883e-04]]
[[-0.00046643 -0.00250112 -0.00201026]]
[[ 0.00047033 -0.00074562 -0.00108447]]
[[-0.00048197 -0.00070665 -0.00027688]]
[[-0.0008378  -0.00048989 -0.00052264]]
[[-0.00253663 -0.00286452 -0.00048081]]
[[-0.00125082 -0.00187755 -0.0012347 ]]
[[-0.00131577 -0.00082559  0.00104074]]
[[-0.00125464 -0.00048059  0.00063172]]
[[-0.00213591 -0.00117953  0.00246086]]
[[ 0.00463186  0.00454124  0.00322486]]
[[ 0.00174577  0.00511319  0.00252082]]
[[ 0.00160841  0.00246913 -0.0004459 ]]
[[ 0.00034533  0.00287031 -0.00295737]]
[[-0.00068989  0.00326323 -0.00177332]]
[[-0.00081786  0.00407983  0.0005679 ]]
[[-0.00164853  0.00556341  0.00479198]]
[[ 0.00124428  0.00242551  0.00435202]]
[[ 0.00032962  0.00076489 -0.00362223]]
[[ 0.00168683  0.00187836 -0.00401427]]
[[ 0.00208333  0.0012991  -0.00377148]]
[[ 0.00166192 -0.00048602 -0.00327784]]
[[ 0.00119532 -0.0010326  -0.0032626 ]]
[[ 0.00081801 -0.00252828 -0.0031331 ]]
[[ 0.0011954  -0.00201196 -0.00233033]]
[[ 0.00137536 -0.00245214 -0.00134477]]
[[ 0.00453134 -0.0018539   0.00247225]]
[[ 0.00044326  0.00343382 -0.00267675]]
[[ 0.00364354  0.00348786  0.00167294]]
[[ -5.86345619e-05  -1.43342235e-04  -4.08689775e-03]]
[[-0.00018946  0.00113326 -0.00361122]]
[[ 0.00217567  0.00089036 -0.00406976]]
[[ 0.00206865  0.00285563 -0.00528031]]
[[ 0.00242903  0.00206055 -0.00297879]]
[[ 0.00166232  0.00139072 -0.00338666]]
[[ 0.00123467 -0.00019766 -0.00288061]]
[[ 0.00263681 -0.00114069 -0.00332427]]
[[ 0.00052461 -0.00104067 -0.0024896 ]]
[[ 0.00112041 -0.00077153 -0.00326912]]
[[ 0.00077182 -0.00357772 -0.00397936]]
[[ 0.00064467 -0.00165229 -0.00349694]]
[[ 0.00087657 -0.00194956 -0.00237792]]
[[ 0.00088496 -0.00158802 -0.00168837]]
[[ 0.00160885 -0.00374945 -0.00070588]]
[[ 0.0016495  -0.00225592 -0.00165061]]
[[ 0.00125984 -0.00135664 -0.00071392]]
[[-0.00329626  0.00102265  0.00333867]]
[[ 0.00026363  0.00212401  0.00013958]]
[[ 0.00050645  0.00419295 -0.00093304]]
[[-0.00073153  0.00329171  0.00060209]]
[[-0.00253618  0.00169467 -0.00106723]]
[[-0.00382139  0.00082809  0.0001043 ]]
[[ 0.00013213  0.00098331  0.0015895 ]]
[[-0.00038996  0.00262255  0.00626085]]
[[-0.00103886  0.00291286  0.00159611]]
[[-0.00115765  0.00226668  0.00195307]]
[[-0.00214479  0.00054998  0.00184514]]
[[-0.00146125  0.00084377  0.00238855]]
[[ -1.21950445e-03   5.82423872e-05   2.39348910e-03]]
[[-0.00013223  0.00131397  0.00231557]]
[[-0.00012113 -0.00065912  0.00128527]]
[[ 0.0001593   0.00019644  0.00053269]]
[[-0.00191817  0.00834391 -0.00320736]]
[[-0.00449601  0.0009201   0.00012247]]
[[ -8.95304177e-03   5.05624692e-05  -9.23617825e-05]]
[[ 0.00151958  0.00312498  0.0043146 ]]
[[-0.00141139  0.0016674   0.00157868]]
[[-0.00118411  0.00285212  0.00203009]]
[[-0.00062184  0.00258505  0.00053381]]
[[ -2.25464696e-03   3.42994550e-05   2.65112409e-03]]
[[-0.00245495  0.00044753  0.00152809]]
[[-0.00101773  0.00094469  0.00184806]]
[[-0.00149832  0.00118985  0.00242843]]
[[  1.32687022e-05  -9.00026361e-04   3.45569089e-03]]
[[-0.00188098  0.00023761  0.00240122]]
[[ 0.00059929  0.00243459  0.00249352]]
[[ 0.00016846  0.00112727  0.00219276]]
[[ 0.0011332  -0.00202762  0.00207118]]
[[-0.00050871 -0.00064163  0.00082069]]
[[ 0.00068167  0.00080506  0.00019976]]
[[ -2.04536087e-05  -7.33394168e-06   8.76425521e-04]]
[[ -8.17284427e-05  -4.84590064e-04  -1.25544098e-05]]
[[-0.00108396  0.00297003 -0.00272878]]
[[-0.00037074  0.00683214 -0.00107478]]
[[-0.00133948  0.00520898  0.0013841 ]]
[[ 0.00010044  0.00489257  0.00233176]]
[[ 0.00250277  0.00465343  0.00200495]]
[[ 0.0044457   0.00532836 -0.0003795 ]]
[[ 0.00254292  0.00717766 -0.00368456]]
[[-0.00110193  0.00090116 -0.00440902]]
[[-0.00027655  0.00309855  0.00227768]]
[[-0.00132189  0.00303884  0.00229232]]
[[-0.00116946  0.00127239  0.00217561]]
[[-0.00116187  0.00018205  0.00152517]]
[[-0.00100065  0.00037883  0.00132725]]
[[-0.00098961 -0.00018876  0.00130675]]
[[-0.00124852 -0.00032619  0.00100388]]
[[-0.00126175 -0.00120411  0.00036328]]
[[-0.00219035  0.00374781  0.001208  ]]
[[ 0.00261572  0.00320047  0.00188428]]
[[ 0.00443681  0.00310775 -0.00119333]]
[[-0.00043023  0.00309733  0.00141233]]
[[ 0.00016504  0.00238185  0.0019606 ]]
[[-0.00191118  0.00220472  0.00227779]]
[[-0.00233034  0.00415533  0.00466023]]
[[-0.00084735  0.00155027  0.0014801 ]]
[[-0.00079858  0.00112069  0.00182568]]
[[-0.0010294   0.00019722  0.00134959]]
[[-0.00193781 -0.00022022  0.00088178]]
[[-0.00080389  0.00054114  0.00108848]]
[[-0.00090321  0.00039911  0.00117096]]
[[-0.00185072 -0.0003076   0.00144538]]
[[ -9.18149143e-04   4.23121498e-05   1.65016994e-03]]
[[-0.00080031 -0.00017582  0.00074649]]
[[ -1.08479300e-03  -8.64312972e-05   6.43000855e-04]]
[[ -2.42139498e-03  -1.93520329e-03   7.79687395e-05]]
[[-0.00137863 -0.00145425  0.00054744]]
[[ -9.11527093e-04  -7.84218677e-04  -4.89201942e-06]]
[[-0.00054694  0.00108369 -0.00333134]]
[[-0.00175384 -0.00078847 -0.00139633]]
[[-0.00073379  0.00039779 -0.00013634]]
[[ 0.00040038  0.00054677 -0.00036059]]
[[ 0.00080296 -0.00019394  0.00051908]]
[[ 0.00031305 -0.00112451 -0.00032531]]
[[-0.00102705 -0.00165932 -0.00232226]]
[[ 0.00017532  0.00294022 -0.00564195]]
[[  1.13383013e-03  -2.20750366e-05  -7.12404633e-04]]
[[ 0.00067515  0.00046894 -0.00108207]]
[[  1.46645955e-03   8.99957133e-05  -1.08985713e-03]]
[[ 0.00104259 -0.00018589 -0.00171569]]
[[ 0.0013364  -0.00163162 -0.00147914]]
[[ 0.00055103 -0.00121225 -0.00151317]]
[[ 0.00040018 -0.00256263 -0.00093074]]
[[ -8.17833595e-05  -1.29497884e-03  -5.12664877e-04]]
[[-0.00045859  0.00129085 -0.00069277]]
[[ 0.00152391  0.00094783  0.00027628]]
[[ 0.00095711 -0.00010894 -0.00043132]]
[[-0.00058424 -0.00079069 -0.00198687]]
[[ 0.00169555  0.00015323 -0.00040012]]
[[ 0.00052374  0.00058153 -0.0012081 ]]
[[ 0.00070727  0.00060406 -0.00088328]]
[[  1.11950863e-03  -5.60760712e-05  -1.71433155e-03]]
[[ 0.00187792  0.00057799 -0.00071265]]
[[  7.44077162e-04  -5.47839672e-05  -1.57405822e-03]]
[[  8.59967480e-04  -6.18485040e-05  -1.19917316e-03]]
[[ 0.00074204 -0.00283782 -0.00283398]]
[[ 0.00198343 -0.00091395 -0.00127717]]
[[ 0.00062664 -0.00100469 -0.00101832]]
[[ 0.00031189 -0.00084375 -0.00138005]]
[[-0.00085897 -0.00409463 -0.00128635]]
[[ 0.00085191 -0.00216961 -0.00074213]]
[[ 0.00027736 -0.00127075 -0.00037241]]
[[ -9.78461605e-05  -1.00891563e-03  -5.86579116e-04]]
[[ -7.86226527e-05  -1.42058364e-03  -4.07910209e-04]]
[[ 0.0049987   0.00183446 -0.00643137]]
[[ 0.00098833  0.00052597 -0.003145  ]]
[[ 0.00070425 -0.00149093 -0.00095957]]
[[ 0.00175536 -0.00107063 -0.00169304]]
[[ 0.00355328  0.00028237  0.00013941]]
[[ 0.00348603  0.00132149 -0.0024594 ]]
[[ 0.00070475  0.00109015 -0.00609373]]
[[ 0.00362358 -0.00068514 -0.01037799]]
[[ 0.00230347 -0.00043544 -0.00202283]]
[[ 0.00166232 -0.00071822 -0.00266011]]
[[ 0.00219193  0.00080814 -0.00269033]]
[[  9.51340464e-04  -4.29297531e-06  -3.25016007e-03]]
[[-0.00049482  0.00033135 -0.00346591]]
[[-0.00120082 -0.0010052  -0.00263287]]
[[-0.00152359  0.00056989 -0.0016079 ]]
[[-0.00134115 -0.00018482 -0.00060039]]
[[ 0.00300384 -0.00515138  0.00203841]]
[[ 0.00583068  0.00049835 -0.00010748]]
[[ 0.0078164   0.00388101 -0.00290576]]
[[-0.00087657  0.00021036 -0.0045642 ]]
[[ 0.00326897  0.00059341 -0.00123372]]
[[ 0.00146516 -0.00140145 -0.00256268]]
[[ 0.001319   -0.00101703 -0.00137659]]
[[ 0.00219733  0.00165695 -0.00309397]]
[[ 0.00293585  0.00081412 -0.00301312]]
[[ 0.0003517  -0.00020732 -0.00241491]]
[[ 0.0011755  -0.00025866 -0.00337011]]
[[-0.00122026  0.00108694 -0.0037847 ]]
[[-0.00082262  0.00017207 -0.00410277]]
[[-0.00163413 -0.00202766 -0.00289691]]
[[-0.00144507 -0.00097325 -0.00256961]]
[[-0.00249196  0.00158469 -0.00207304]]
[[-0.00179932  0.00065962 -0.0011813 ]]
[[-0.00165958 -0.00074284 -0.0002444 ]]
[[-0.00120963 -0.00010735 -0.00113097]]
[[ -8.53351021e-04   4.08985835e-04  -8.60270457e-06]]
[[ 0.00263558 -0.00661122 -0.01061223]]
[[ 0.00604531 -0.00537975 -0.00548885]]
[[ 0.00595732 -0.00227088  0.00014179]]
[[ 0.00514199 -0.00156068  0.00372557]]
[[ 0.00505943 -0.00127654  0.00128374]]
[[ 0.00504642 -0.00194907 -0.00209393]]
[[ 0.00682436 -0.00374714 -0.00786237]]
[[ 0.00203728 -0.00076546 -0.01028958]]
[[  3.82204090e-03  -4.35921136e-05   4.83547165e-03]]
[[ 0.00396659 -0.00036276  0.00745244]]
[[ 0.00039604 -0.00069888  0.00638249]]
[[ 0.0004991   0.00149175  0.00593771]]
[[ 0.00013172  0.00132594  0.00529166]]
[[ 0.00065336  0.00294812  0.0051607 ]]
[[ 0.00022392  0.00192098  0.00425364]]
[[-0.00024781  0.00232723  0.00249264]]
[[ 0.00308544  0.00041633 -0.00177255]]
[[ 0.00284997 -0.00138791  0.00301626]]
[[-0.00023212 -0.00096024 -0.00349302]]
[[ 0.00320915  0.00075912  0.00518639]]
[[ 0.00411676  0.00012475  0.00483253]]
[[ 0.00608077 -0.00089389  0.00974449]]
[[  1.87079954e-03   2.48657226e-05   7.48000222e-03]]
[[-0.00042508 -0.00162212  0.00515561]]
[[ 0.00115837 -0.0004885   0.00540176]]
[[ 0.00078295  0.00118557  0.00729183]]
[[-0.00116191  0.00286768  0.00531725]]
[[ 0.0004524   0.00128928  0.00434572]]
[[ 0.00050466  0.00113955  0.00515929]]
[[  9.41456472e-05   4.34304670e-03   5.30036806e-03]]
[[ 0.00150206  0.00247694  0.00606086]]
[[  6.79736008e-05   1.95397974e-03   4.15269451e-03]]
[[ 0.00051387  0.00138918  0.00428652]]
[[-0.0008431   0.00364534  0.00128745]]
[[-0.00069519  0.00277778  0.00343162]]
[[ -1.31558472e-05   4.35061407e-04   1.09297255e-03]]
[[ 0.00447967  0.00503685 -0.01219769]]
[[ 0.00704001  0.00778228 -0.00525673]]
[[ 0.00659259  0.00540158  0.000396  ]]
[[ 0.00595593  0.00422086  0.00308112]]
[[ 0.00733892  0.00325569  0.00156555]]
[[ 0.00882933  0.00400822 -0.00212047]]
[[ 0.00751004  0.00626975 -0.00751185]]
[[  4.77846833e-04  -7.42266908e-05  -1.17452029e-02]]
[[ 0.00440585  0.00289586  0.00376662]]
[[ 0.00477608  0.00243112  0.00633237]]
[[ 0.00163087  0.00118633  0.00559661]]
[[  1.12287721e-03  -3.63213075e-05   5.07466957e-03]]
[[ 0.0005465   0.00043855  0.0044623 ]]
[[ 0.0007794  -0.00023279  0.00463465]]
[[ 0.0005376  -0.00028144  0.00442646]]
[[ 0.00054511 -0.00136199  0.00325798]]
[[ 0.00598081  0.00525307  0.00128101]]
[[ 0.00651314  0.00167108  0.00244886]]
[[ 0.00819847  0.00139387 -0.00297787]]
[[ 0.00309384  0.00291135  0.00280638]]
[[ 0.00465342  0.00151855  0.00361218]]
[[ 0.00680639  0.00297691  0.00853452]]
[[ 0.00214562  0.00254946  0.00754215]]
[[ 0.00132404  0.00154534  0.00430392]]
[[ 0.00247025  0.00058284  0.00468967]]
[[  9.49757426e-04   6.02280535e-05   6.53559635e-03]]
[[-0.00017017 -0.00086008  0.00400833]]
[[ 0.00023282  0.00055005  0.00380218]]
[[ 0.00104288  0.00021124  0.0042553 ]]
[[-0.00073294 -0.00054441  0.00423953]]
[[ 0.0017486  -0.00036974  0.00532982]]
[[ 0.00035646 -0.00030016  0.00361712]]
[[ 0.00078957 -0.00014695  0.00491048]]
[[-0.00105513 -0.00237498  0.00288591]]
[[ 0.00061281 -0.00200515  0.00395192]]
[[ 0.00089279 -0.00018457  0.00222932]]
[[ 0.00049371 -0.00059705 -0.00691374]]
[[-0.00199807 -0.00239029 -0.00486549]]
[[-0.00117515 -0.00124697 -0.00234638]]
[[-0.0006413  -0.00080478 -0.00150594]]
[[-0.00088023 -0.00169259 -0.00052211]]
[[-0.0032758  -0.00279065 -0.00300003]]
[[-0.00254087 -0.00295074 -0.00797035]]
[[ 0.00251138  0.00207569 -0.01070752]]
[[ 0.00076636 -0.00169849 -0.00120259]]
[[ -7.13895129e-06  -6.28129269e-04  -1.84554003e-03]]
[[ 0.00044889 -0.00073677 -0.00201604]]
[[-0.00036062 -0.00063531 -0.0025886 ]]
[[-0.001358   -0.00158333 -0.00255052]]
[[-0.00155803 -0.00116548 -0.00160515]]
[[-0.00203111 -0.00205455 -0.00095679]]
[[ -1.79512015e-03  -9.45802807e-04  -7.78423429e-05]]
[[-0.00073356 -0.0006838  -0.0020157 ]]
[[ -7.69365322e-05  -6.30997654e-04   3.25082008e-04]]
[[-0.00399354 -0.00454083 -0.00363828]]
[[-0.00125692 -0.00297075 -0.00230564]]
[[  1.47102491e-03  -1.53297910e-03  -1.83885503e-05]]
[[-0.00037404 -0.00030758 -0.00199094]]
[[ 0.00041595 -0.00051067 -0.00166508]]
[[ 0.00010708 -0.00100453 -0.0022632 ]]
[[ 0.00110828 -0.00028666 -0.0023599 ]]
[[-0.00081783 -0.00034917 -0.00226906]]
[[-0.00025073 -0.00057612 -0.00209733]]
[[-0.00130213 -0.00242089 -0.0031081 ]]
[[-0.001955   -0.00094025 -0.00309031]]
[[-0.00112441 -0.00102032 -0.00120491]]
[[-0.00168986 -0.00064248 -0.00167027]]
[[-0.00289369 -0.00306294 -0.00092925]]
[[-0.00247952 -0.00181042 -0.00077264]]
[[ -1.22055100e-03  -9.19563488e-04  -3.26075194e-05]]
[[-0.00179601 -0.00057255 -0.0005653 ]]
[[-0.0014382  -0.0008972   0.00027428]]
