[[-0.00410743  0.00477959  0.00897415]]
[[ -7.22496600e-03   9.03275103e-05   4.70640922e-03]]
[[-0.00838333 -0.00190455  0.00105586]]
[[-0.00659861 -0.00206239 -0.00187844]]
[[-0.00566394 -0.00200753 -0.00010889]]
[[-0.00522173 -0.00172077  0.00156491]]
[[-0.00585145 -0.00124189  0.00388947]]
[[-0.00309554  0.00119081  0.00732421]]
[[-0.00521939 -0.00205659 -0.0032696 ]]
[[-0.0059913  -0.00134412 -0.00631219]]
[[ -2.31799525e-03  -6.34646135e-05  -5.51062939e-03]]
[[-0.00197765 -0.0007397  -0.00549919]]
[[-0.00107998 -0.0006472  -0.00513146]]
[[-0.00089081 -0.00075189 -0.00523049]]
[[ -7.56005405e-04  -9.63191634e-05  -5.25095853e-03]]
[[-0.00015869  0.00033608 -0.00427758]]
[[-0.00625028 -0.00358829  0.00282558]]
[[-0.00461849 -0.00163427 -0.00135224]]
[[-0.00469059 -0.00170051  0.0017802 ]]
[[-0.00454655 -0.00307165 -0.00434178]]
[[-0.00536728 -0.00160185 -0.00351984]]
[[-0.00868686 -0.00047974 -0.00861145]]
[[-0.00412291 -0.00225419 -0.00458919]]
[[-0.00093009  0.00053959 -0.00474159]]
[[-0.00298853 -0.00066993 -0.0047845 ]]
[[-0.00199406 -0.00089564 -0.00726338]]
[[-0.0009487  -0.00136007 -0.00491633]]
[[-0.00113894 -0.00091965 -0.00466551]]
[[-0.00166343 -0.00042521 -0.00496064]]
[[  3.54885539e-05  -1.01892828e-03  -4.25629865e-03]]
[[-0.00153368 -0.00173443 -0.00573108]]
[[-0.00032642 -0.00031618 -0.0055076 ]]
[[-0.00113466  0.00029159 -0.00581082]]
[[ 0.00022497  0.00021184 -0.00295306]]
[[  9.09168578e-05  -7.06642041e-04  -4.53463403e-03]]
[[-0.00027158  0.00187716 -0.00384376]]
[[-0.00231639 -0.00014541  0.00374083]]
[[-0.00162778  0.00051551  0.0040695 ]]
[[-0.00141277  0.00029213  0.00313838]]
[[-0.00174785  0.00064923  0.0027833 ]]
[[-0.0028848   0.00078779  0.00177236]]
[[-0.00295161  0.00091737  0.0034699 ]]
[[-0.00151905  0.00152881  0.00542489]]
[[ -3.40741698e-03  -7.23744502e-05   5.27163439e-03]]
[[-0.00175235  0.0003082   0.00216952]]
[[-0.00087455  0.00072253  0.00242528]]
[[-0.00057776  0.00021686  0.0027431 ]]
[[  9.98574772e-05   6.32522875e-04   2.95469165e-03]]
[[ 0.00167211  0.00098075  0.00309924]]
[[ 0.00170962  0.00184652  0.00177445]]
[[ 0.00206913  0.00121983  0.0009208 ]]
[[ 0.0017563   0.00120223  0.00015611]]
[[ -1.40547860e-03   1.34347469e-05   2.54396256e-03]]
[[ -4.28879830e-03  -9.96607114e-05   1.56053892e-03]]
[[-0.00650159 -0.00228867  0.00360903]]
[[ -1.21902968e-03  -4.04474314e-05   2.43900875e-03]]
[[ -2.25574118e-03  -3.70616044e-05   1.74009163e-03]]
[[-0.00041649  0.00054613  0.00228125]]
[[-0.00046436  0.00113667  0.00152378]]
[[-0.00040958  0.00029461  0.00277402]]
[[-0.00078731 -0.00061966  0.0036373 ]]
[[ 0.0005629   0.00049621  0.00253204]]
[[-0.00014555  0.00089469  0.00325432]]
[[ 0.00104927  0.00121046  0.00222657]]
[[ 0.0028393   0.00082342  0.00384386]]
[[ 0.00246294  0.00290439  0.00249275]]
[[ 0.00191285  0.00091229  0.00194615]]
[[ 0.00148825  0.00132695  0.0006448 ]]
[[ 0.00281247  0.00124117  0.00067406]]
[[  2.32018629e-03   1.91754636e-03   2.34818148e-05]]
[[ 0.00186649  0.00067725  0.00067128]]
[[ 0.00126015  0.00080798 -0.00044004]]
[[-0.00110633  0.00676047  0.00436076]]
[[ 0.00204452  0.01183455  0.00438313]]
[[-0.00014895  0.00833059  0.00440308]]
[[ 0.0004396   0.00742708  0.00473884]]
[[ 0.00202645  0.00827384  0.00323491]]
[[ 0.00462558  0.01092581  0.00360661]]
[[ 0.00531145  0.01286058  0.00414787]]
[[-0.00223424  0.00296263  0.00621447]]
[[-0.00092929  0.00610357  0.00416426]]
[[-0.00117311  0.00477904  0.00485161]]
[[-0.00201773  0.00276217  0.0049979 ]]
[[-0.00101088  0.00097898  0.00539536]]
[[  7.15060649e-06   1.51294312e-03   5.08875510e-03]]
[[ 0.00080229 -0.00055255  0.00395474]]
[[ 0.00090299  0.00088183  0.00237827]]
[[ 0.00100906 -0.0010235   0.00087937]]
[[-0.00151342  0.00619798  0.00373486]]
[[ 0.00071213  0.00700628  0.00275639]]
[[ 0.00128694  0.0129447   0.00340253]]
[[ 0.0010426   0.00762457  0.00402207]]
[[-0.00119261  0.00501284  0.00270269]]
[[-0.00135431  0.00365188  0.00510316]]
[[-0.00222293  0.00590303  0.00695928]]
[[-0.00114301  0.00335145  0.00422596]]
[[-0.00230358  0.00239281  0.0048793 ]]
[[-0.00023956  0.00106188  0.00493597]]
[[-0.00198252  0.00038898  0.00529743]]
[[ 0.00020703  0.00265605  0.00487127]]
[[ 0.00056496  0.00066442  0.00537209]]
[[ 0.00051531 -0.00186468  0.00450167]]
[[ 0.00125787  0.00021821  0.0044622 ]]
[[ 0.00202531  0.00220146  0.00208907]]
[[ 0.00131968  0.00075104  0.00170645]]
[[  1.13166788e-05  -2.26916934e-03   3.07020831e-04]]
[[ 0.00109639 -0.00114226  0.0015885 ]]
[[  7.77057991e-04  -2.90899299e-04   1.13061693e-05]]
[[ 0.00045411  0.000936    0.00752772]]
[[-0.00543171 -0.0028642   0.00367239]]
[[-0.00535036  0.000796   -0.00078003]]
[[-0.00447358  0.00107919 -0.00463314]]
[[-0.00636893  0.00032022 -0.00216144]]
[[-0.0082901 -0.001344   0.0010971]]
[[-0.00713341 -0.0031939   0.00455299]]
[[ 0.00160446  0.00673585  0.00587733]]
[[-0.00242636  0.00205203 -0.00617186]]
[[-0.0021202   0.00171829 -0.00844132]]
[[ 0.0010612   0.00126948 -0.00757382]]
[[ 0.00145089  0.00221056 -0.00654856]]
[[ 0.00121702  0.00012894 -0.00585741]]
[[ 0.00059501  0.00086587 -0.00573444]]
[[ 0.00021386 -0.00063205 -0.00522429]]
[[ 0.00041556  0.00064999 -0.00345424]]
[[-0.00247     0.00530497  0.00083138]]
[[-0.0052407   0.00233171 -0.00341402]]
[[-0.00746211  0.00161151  0.00206073]]
[[-0.00360404  0.00252664 -0.0079911 ]]
[[-0.00280117  0.00185273 -0.00588451]]
[[-0.00351885  0.0022436  -0.01032345]]
[[ 0.00029358  0.00191084 -0.00871043]]
[[ 0.001201    0.00064639 -0.00762625]]
[[ 0.00026225  0.00164605 -0.00632991]]
[[ 0.00177682  0.00254904 -0.00718111]]
[[ 0.00238444  0.0034378  -0.00472303]]
[[ 0.00021456 -0.0007026  -0.00697935]]
[[ 0.00119589  0.00011063 -0.0057091 ]]
[[ 0.00208648  0.00141415 -0.00447259]]
[[-0.00024614  0.0018242  -0.00589394]]
[[-0.00102116 -0.00151527 -0.00542649]]
[[ 0.00014919 -0.00120536 -0.00567977]]
[[ 0.0021446   0.00140229 -0.00211133]]
[[ 0.00073911  0.00203414 -0.00404241]]
[[ -6.82897534e-05  -9.16587292e-04  -2.53454629e-03]]
[[ 0.00480708 -0.00262005  0.00094372]]
[[ 0.00220837 -0.00506992  0.00147333]]
[[ 0.00091013 -0.00596376  0.00041059]]
[[ 0.0003067  -0.00487276 -0.0013152 ]]
[[-0.00036016 -0.00391897 -0.00074799]]
[[-0.00026285 -0.00372939  0.00018508]]
[[ 0.00049971 -0.00399344  0.0009155 ]]
[[ 0.00093521 -0.0020142   0.00125163]]
[[ 0.00046971 -0.00546617 -0.00237927]]
[[ 0.00150583 -0.00329187 -0.00258322]]
[[ 0.00135096 -0.00192598 -0.00253739]]
[[ 0.00143859 -0.00155322 -0.00193698]]
[[ 0.00089989 -0.00128962 -0.00206102]]
[[ 0.00116325 -0.00091681 -0.00189296]]
[[ 0.00109241 -0.00035921 -0.00184941]]
[[  1.36451210e-03   5.26418997e-05  -1.51659227e-03]]
[[ 0.00360664 -0.00966662  0.00299704]]
[[-0.00038294 -0.00357644 -0.00131064]]
[[-0.00052381 -0.0035219   0.00034311]]
[[ 0.00025713 -0.0074558  -0.00422208]]
[[-0.00016841 -0.00367972 -0.00271529]]
[[ 0.00176863 -0.00359838 -0.00236062]]
[[ 0.00097826 -0.00339309 -0.00167679]]
[[ 0.00238374 -0.00186493 -0.00298406]]
[[ 0.00095024 -0.00171394 -0.00252802]]
[[ 0.00147571 -0.00145534 -0.00150825]]
[[ 0.00109701 -0.0017749  -0.00164447]]
[[ 0.00063694 -0.0015746  -0.00237458]]
[[ 0.00070616 -0.00082284 -0.00213718]]
[[ 0.00099191 -0.00095597 -0.00149765]]
[[ 0.00131155 -0.00121187 -0.00168227]]
[[ 0.00110895 -0.00029705 -0.00234386]]
[[ 0.00085439 -0.0001602  -0.00162525]]
[[  1.01789943e-03   4.03136171e-05  -1.08525049e-03]]
[[  1.63118257e-03   2.68073298e-05  -1.25124835e-03]]
[[ 0.00122513  0.000574   -0.00165359]]
[[  9.59464494e-06  -2.57842257e-03   1.31382482e-03]]
[[-0.0002953  -0.0017833   0.00145992]]
[[-0.00079617 -0.00167402  0.00135829]]
[[-0.0012759  -0.00165703  0.00155866]]
[[-0.00271045 -0.00168837  0.00061472]]
[[-0.00407554 -0.00157445  0.00105573]]
[[-0.00076334 -0.00126746  0.00072561]]
[[ 0.00061281 -0.00296536  0.00149633]]
[[-0.00081131 -0.00166736  0.00136459]]
[[-0.00064946 -0.00167135  0.0015572 ]]
[[-0.00110292 -0.00135342  0.00181778]]
[[-0.0008766  -0.00080298  0.00235436]]
[[ -7.79846740e-04   2.60571436e-06   2.45726320e-03]]
[[-0.0001865   0.00135894  0.00218907]]
[[-0.00018402  0.00088486  0.00147623]]
[[ 0.00015219  0.00124321  0.00114762]]
[[-0.00075591 -0.00185984  0.00132302]]
[[-0.00363834 -0.00328236  0.00111728]]
[[-0.0083926  -0.00332222  0.00038382]]
[[-0.00060356 -0.00204626  0.00130649]]
[[-0.00101415 -0.00154085  0.0014565 ]]
[[-0.00053446 -0.00138815  0.00156941]]
[[-0.00038907 -0.00209149  0.00116325]]
[[-0.00075426 -0.00149183  0.0016052 ]]
[[-0.00113606 -0.00173141  0.00181042]]
[[-0.00062902 -0.00079275  0.00222108]]
[[-0.00124037 -0.00095255  0.00319859]]
[[-0.00062779 -0.00019595  0.00175155]]
[[-0.00080664  0.00021511  0.00243116]]
[[ 0.00063181  0.00236142  0.00325832]]
[[ 0.00010893  0.00033943  0.00224069]]
[[-0.0002724   0.00064526  0.00119328]]
[[-0.00017749  0.00107023  0.00120045]]
[[ 0.00073458  0.00215504  0.00108077]]
[[ 0.00030162  0.00066093  0.00127666]]
[[ -4.04938658e-05   7.30414587e-04   8.17292610e-04]]
[[ 0.0007573  -0.00345797 -0.0008531 ]]
[[ 0.00396648  0.0020899  -0.00178761]]
[[  4.17189038e-03  -1.93927649e-03   7.56366569e-05]]
[[ 0.0034429  -0.00036274  0.00315255]]
[[ 0.00494449  0.00124451  0.00140646]]
[[ 0.00699075  0.00315269 -0.00078256]]
[[ 0.00649927  0.00499019 -0.00275584]]
[[ 0.00181017 -0.00538035 -0.00080637]]
[[ 0.00184816 -0.0018322   0.00433531]]
[[ 0.00057998 -0.00168987  0.00526041]]
[[-0.00074628 -0.00160275  0.00497087]]
[[-0.00056829 -0.00232109  0.00466276]]
[[-0.00079421 -0.00017297  0.00427972]]
[[-0.00047979 -0.0005991   0.00427673]]
[[-0.00076061  0.00107154  0.00348061]]
[[-0.00085096 -0.00029551  0.00231945]]
[[ 0.00190855 -0.00857463 -0.00187136]]
[[ 0.0037714  -0.00090111  0.00227508]]
[[ 0.00605621  0.00025578 -0.00161882]]
[[ 0.00454958 -0.00233441  0.00607912]]
[[ 0.00221504 -0.00089534  0.00399476]]
[[ 0.0004097  -0.00376626  0.00580108]]
[[-0.00132324 -0.00139298  0.00606837]]
[[-0.00042449 -0.00121554  0.00558579]]
[[-0.00028961 -0.00150544  0.00420695]]
[[  9.98261606e-05  -2.89372708e-03   4.60673466e-03]]
[[-0.00167546 -0.00342015  0.00266526]]
[[ 0.00038094  0.00065439  0.00590854]]
[[ -9.60812460e-04   4.86156889e-05   4.05369779e-03]]
[[-0.00168787 -0.00108387  0.00315741]]
[[-0.0001493  -0.00129525  0.00469111]]
[[ 0.00086526  0.00233221  0.0040645 ]]
[[-0.00057094  0.00150482  0.00295149]]
[[-0.00227536 -0.00101452  0.00129759]]
[[-0.00101185 -0.00107097  0.00254448]]
[[-0.00072208  0.00063553  0.00202206]]
[[ 0.00229884 -0.0045482  -0.00212408]]
[[ 0.00107827 -0.01017102 -0.00189816]]
[[ 0.0028102  -0.00720883 -0.0023947 ]]
[[ 0.00328686 -0.00688707 -0.00360913]]
[[ 0.00334499 -0.0078468  -0.00251731]]
[[ 0.0038008  -0.01029226 -0.00220259]]
[[ 0.00043708 -0.01151763  0.00013859]]
[[ 0.00372891 -0.00113549 -0.00305127]]
[[ 0.00320835 -0.00526746 -0.00328872]]
[[ 0.00320041 -0.0033584  -0.0033008 ]]
[[ 0.00370797 -0.0017784  -0.00322571]]
[[ 0.00271915  0.00020704 -0.00348398]]
[[ 0.00244394 -0.00081562 -0.00307319]]
[[ 0.00096051  0.00131486 -0.00297327]]
[[ 0.00105608 -0.00027282 -0.00164203]]
[[ 0.000349    0.00168293 -0.00062887]]
[[ 0.00337518 -0.00502067 -0.00234709]]
[[ 0.00465561 -0.00668549 -0.00268622]]
[[ 0.00906624 -0.009533   -0.00215922]]
[[ 0.00058904 -0.00685456 -0.00319949]]
[[ 0.00376807 -0.00443305 -0.00272869]]
[[ 0.00357349 -0.00223052 -0.00323922]]
[[ 0.00435206 -0.00413365 -0.00534615]]
[[ 0.00234589 -0.00243157 -0.00280469]]
[[ 0.00401147 -0.00163968 -0.00266606]]
[[  2.03486357e-03   9.23693562e-05  -2.91085496e-03]]
[[ 0.00361262  0.00107513 -0.00319107]]
[[ 0.00140693 -0.00217898 -0.00358372]]
[[  3.17479405e-03  -9.73916904e-05  -2.89284643e-03]]
[[ 0.00093309  0.00270384 -0.00350226]]
[[ 0.00035101  0.00038654 -0.00318589]]
[[-0.00055776 -0.00172614 -0.00171559]]
[[ 0.00148641 -0.0002465  -0.00110251]]
[[ 0.00122124  0.00312774 -0.00019652]]
[[ 0.00027019  0.00169875 -0.0011037 ]]
[[ 0.00026637  0.00088014  0.00017848]]
[[ 0.00407182  0.00093415  0.00054185]]
[[ 0.0017397  -0.00173039  0.001656  ]]
[[ 0.00052667 -0.00284347  0.00123284]]
[[ -2.83043763e-05  -1.96908542e-03  -2.50313760e-05]]
[[ -2.62225597e-04  -1.17889020e-03   7.75951714e-05]]
[[  1.24626902e-05  -8.57716652e-04   4.06222845e-04]]
[[ 0.00043584 -0.00090376  0.00083176]]
[[ 0.00072324  0.00092321  0.00040563]]
[[-0.00011182 -0.00243282 -0.00078579]]
[[ 0.00068596 -0.00112645 -0.00087227]]
[[ 0.00056762 -0.00016433 -0.00066384]]
[[ 0.00049771 -0.00039466 -0.00019331]]
[[ 0.00011454 -0.00068942 -0.0003843 ]]
[[ 0.00029054 -0.00056783 -0.00050772]]
[[ 0.00037794 -0.00051908 -0.00067482]]
[[  7.00216572e-04  -7.47898483e-05  -6.08592674e-04]]
[[ 0.00284849 -0.00614458  0.00412239]]
[[-0.00024704 -0.00088584 -0.00022966]]
[[-0.00010799 -0.0006193   0.00023145]]
[[-0.00063861 -0.00355169 -0.0020998 ]]
[[-0.00045016 -0.00126738 -0.00093715]]
[[ 0.00101004 -0.00161068 -0.00072278]]
[[ 0.00042296 -0.00103471 -0.00041159]]
[[ 0.00142497  0.00032878 -0.00064761]]
[[ 0.00043159 -0.00037051 -0.00059938]]
[[ 0.00057855 -0.00041056  0.00014478]]
[[ 0.00039848 -0.00043335 -0.00028115]]
[[-0.00032492 -0.00091777 -0.0003661 ]]
[[  8.80473018e-05  -3.40577156e-04  -4.88553245e-04]]
[[ 0.00033507 -0.00046633 -0.00036722]]
[[ 0.00044855 -0.00096696 -0.00038828]]
[[ 0.0002931  -0.00069131 -0.00107349]]
[[ 0.00025035 -0.00021344 -0.0005617 ]]
[[  4.81929171e-04   1.80872658e-05  -3.59464415e-04]]
[[ 0.0009396  -0.00016397 -0.00049874]]
[[ 0.00068444  0.00019939 -0.00070552]]
[[ 0.0002847   0.00014939  0.00033141]]
[[  8.66836622e-05   7.40407124e-04   3.63990978e-05]]
[[  4.38919353e-05   6.04718918e-04  -1.67920907e-04]]
[[ -5.99381931e-04   6.23543411e-04  -5.93057536e-05]]
[[-0.00226516  0.00067037 -0.00063294]]
[[ -3.87855304e-03   9.45582938e-04  -8.22711796e-05]]
[[-0.00069879  0.00137555 -0.00033432]]
[[  5.94894322e-04  -5.88156097e-05   8.55089879e-04]]
[[ -6.08215578e-05   4.13330017e-04  -1.01322213e-04]]
[[ 0.00025463  0.00056552 -0.00026621]]
[[ 0.00017195  0.00017538 -0.00020984]]
[[  4.41695569e-04   5.44554622e-04   5.45725278e-05]]
[[  8.75635369e-04   8.62766958e-04   6.29701830e-05]]
[[ 0.00143455  0.00176975 -0.00039374]]
[[ 0.00206263  0.00096276 -0.00103418]]
[[ 0.00187862  0.00106546 -0.0024767 ]]
[[ 0.00027316  0.00039451 -0.00012555]]
[[-0.00347691 -0.00083289  0.00013703]]
[[-0.00852232 -0.00050697 -0.00049851]]
[[  8.76325154e-05   2.71450580e-04  -2.80246875e-05]]
[[-0.0002277   0.00029615  0.00017138]]
[[ 0.00040138  0.00039539 -0.00023083]]
[[ 0.00068341  0.00086002 -0.00093194]]
[[ 0.0003578   0.00024977 -0.00013222]]
[[  1.46356255e-04  -4.21912218e-04   3.82970178e-05]]
[[  6.56893744e-04   3.75516614e-04  -5.60603963e-05]]
[[ 0.00023229  0.00075692  0.0005997 ]]
[[ 0.00080261  0.00084373 -0.00030366]]
[[ 0.00087327  0.0008779   0.00037248]]
[[ 0.00239172  0.00281355  0.00039044]]
[[ 0.00158166  0.00077837 -0.00032504]]
[[ 0.00146132  0.0009904  -0.0009435 ]]
[[ 0.00176427  0.00094198 -0.00040306]]
[[ 0.00272869  0.00160657 -0.00233037]]
[[ 0.00147012  0.0004267  -0.00162218]]
[[ 0.00211959  0.00023171 -0.00427028]]
[[-0.00072181  0.00156987 -0.00320706]]
[[  7.69579245e-05   5.59152413e-03  -1.60935537e-03]]
[[-0.00054123  0.0040034   0.00088961]]
[[ 0.00082578  0.0036633   0.00193352]]
[[ 0.003163    0.00334132  0.00191922]]
[[ 0.00482467  0.00409357 -0.00056256]]
[[ 0.00284536  0.00588898 -0.00401791]]
[[-0.00098323 -0.00065538 -0.00476299]]
[[ 0.00059603  0.00190876  0.00194938]]
[[-0.00030559  0.00176903  0.00178816]]
[[ 0.0001913   0.00036221  0.00158997]]
[[ 0.00029413 -0.00060864  0.00076503]]
[[ 0.0009273  -0.00015507  0.00059196]]
[[ 0.00101968 -0.00041211  0.00038959]]
[[ 0.00175818 -0.00047459  0.00026729]]
[[ 0.00146836 -0.00138425 -0.00154774]]
[[-0.00128615  0.00255237  0.00066874]]
[[ 0.00317594  0.00171899  0.00200314]]
[[ 0.00464429  0.00174501 -0.00128109]]
[[ 0.00027594  0.00174966  0.00107057]]
[[ 0.0011287   0.00125881  0.0018403 ]]
[[-0.0007701   0.00122213  0.0017852 ]]
[[-0.00127605  0.0024571   0.00398815]]
[[ 0.00024383  0.00047554  0.00095685]]
[[ 0.00066776  0.00028054  0.00156373]]
[[ 0.00054508 -0.00048148  0.00056994]]
[[-0.0004599  -0.00126046 -0.00011153]]
[[ 0.00076175 -0.00019769  0.00039684]]
[[  1.18419328e-03  -5.15950712e-05   9.28416820e-04]]
[[ 0.00015171 -0.00056333  0.00029339]]
[[ 0.00115494 -0.00021096  0.00064515]]
[[  1.48482826e-03  -6.99005643e-04  -6.09213040e-05]]
[[ 0.00186533 -0.00012302  0.00118301]]
[[ 0.00045276 -0.00204999 -0.00121741]]
[[ 0.00116423 -0.00137882 -0.00089815]]
[[ 0.00236361 -0.00064598 -0.00331887]]
[[-0.00084581 -0.00084797 -0.00355439]]
[[-0.00200728 -0.00272161 -0.00126936]]
[[-0.00102404 -0.0014688   0.00043467]]
[[ 0.00010999 -0.00122303  0.00055629]]
[[ 0.00083112 -0.00186123  0.00105622]]
[[ 0.00050809 -0.00282525 -0.00019957]]
[[-0.00101204 -0.00342645 -0.0023822 ]]
[[ 0.00021667  0.00145383 -0.00602425]]
[[ 0.0006484  -0.00179555  0.00041334]]
[[  7.00473642e-05  -6.96832014e-04   1.46752045e-04]]
[[ 0.0008731  -0.00072558  0.00021711]]
[[ 0.00039212 -0.00062456 -0.00049802]]
[[ 0.00078718 -0.00162376 -0.00034348]]
[[ -1.18656217e-05  -1.08972002e-03  -5.94663023e-04]]
[[ -7.77627692e-05  -2.02824691e-03  -2.07870536e-04]]
[[ -4.94259311e-04  -8.96366619e-04   3.81203694e-06]]
[[-0.0009738  -0.00082908  0.0001389 ]]
[[ 0.00157703 -0.00068381  0.00097505]]
[[ 0.00126082 -0.00179167 -0.00052156]]
[[-0.00131694 -0.00306704 -0.0004483 ]]
[[ 0.00137255 -0.00128807  0.00082281]]
[[ -2.72277574e-05  -4.73504919e-04  -2.32965225e-05]]
[[  2.97254303e-04  -6.55079342e-04   2.62686815e-05]]
[[  3.78972763e-04  -1.05031675e-03  -7.71720879e-05]]
[[  1.41963757e-03  -5.32295073e-05   6.16931133e-04]]
[[ 0.00013537 -0.00043991 -0.00041905]]
[[ 0.00037434 -0.00059119 -0.000254  ]]
[[  6.59345766e-05  -2.74010963e-03  -1.46620536e-03]]
[[ 0.00151523 -0.0009096  -0.00018126]]
[[ 0.00019154 -0.0009479  -0.00028049]]
[[-0.00024225 -0.00068845 -0.00051115]]
[[-0.00140935 -0.00324884 -0.00050685]]
[[ 0.00041699 -0.00180047 -0.00013887]]
[[ -7.22190427e-05  -8.88027933e-04   2.52346692e-05]]
[[-0.00053232 -0.00057415 -0.0001463 ]]
[[-0.00042342 -0.00086204  0.00011359]]
[[ 0.00299698  0.00603514  0.00526884]]
[[-0.0031539   0.00790686  0.00273609]]
[[-0.00239537  0.00378242 -0.00030806]]
[[-0.00173508  0.00287904 -0.00296244]]
[[-0.00305209  0.00374625 -0.00042331]]
[[-0.00622386  0.00585504  0.00092999]]
[[-0.00482757  0.00796396  0.00219134]]
[[ 0.00474386 -0.00116852  0.00163167]]
[[ 0.00034992  0.00175002 -0.00404817]]
[[ -1.26641343e-05   1.08413613e-03  -6.34000324e-03]]
[[ 0.00227716  0.00108099 -0.00556208]]
[[ 0.00190761 -0.000583   -0.00457365]]
[[ 0.00034228  0.00067903 -0.00423698]]
[[  3.24593848e-05  -2.09933374e-04  -3.59052661e-03]]
[[  6.29720647e-05   9.34859100e-04  -2.89863454e-03]]
[[ 0.00045721 -0.00061237 -0.00159439]]
[[ 0.00093021 -0.00022037  0.00183323]]
[[-0.00129087  0.00126758 -0.00086954]]
[[-0.00594292  0.00481778  0.00086016]]
[[-0.00174838  0.00205968 -0.00569702]]
[[ 0.00087881  0.00175085 -0.00292742]]
[[-0.00122416  0.00080465 -0.00778929]]
[[ 0.00218086  0.00110018 -0.00728116]]
[[ 0.00237287  0.00219071 -0.00486719]]
[[ 0.00232099  0.00031949 -0.00494892]]
[[ 0.00232463 -0.00090169 -0.00456151]]
[[ 0.00276334 -0.00146447 -0.00323548]]
[[-0.00036518  0.00138658 -0.00479248]]
[[-0.00029969  0.00069087 -0.00466834]]
[[ 0.00177654 -0.00052068 -0.00272682]]
[[-0.00056194 -0.00134254 -0.00378967]]
[[-0.00150692  0.00200361 -0.00324401]]
[[-0.0005104   0.00153021 -0.00227665]]
[[ 0.00242694 -0.00137784 -0.00062957]]
[[ 0.00070081 -0.00194767 -0.0024916 ]]
[[ 0.0006132   0.00023095 -0.00101622]]
[[ 0.00628261 -0.00623937 -0.00226152]]
[[ 0.00911718 -0.0091626   0.00047375]]
[[ 0.00629004 -0.0061273   0.00261061]]
[[ 0.00454982 -0.00404924  0.00350361]]
[[ 0.00459237 -0.00430285  0.00020667]]
[[ 0.00762315 -0.0058552  -0.00014697]]
[[  9.36718934e-03  -7.66825871e-03  -8.52338786e-05]]
[[ 0.00148971  0.00171944  0.00147471]]
[[ 0.0017582  -0.00382947  0.00359362]]
[[ 0.00321007 -0.00167248  0.00626813]]
[[-0.00061277 -0.0012877   0.00550553]]
[[ 0.000219    0.00081839  0.00599181]]
[[ 0.0004669  -0.00065617  0.00519751]]
[[ 0.00153098  0.00151785  0.00442068]]
[[ 0.00093831 -0.00037209  0.0027036 ]]
[[ 0.0011016   0.00172552  0.00132155]]
[[ 0.0051993  -0.0061194   0.00326098]]
[[ 0.00170653 -0.00352785  0.00086081]]
[[ 0.00320864 -0.00721783 -0.00119053]]
[[ 0.00286561 -0.00537626  0.00384492]]
[[ 0.00101109 -0.00255114  0.00213254]]
[[ 0.00553548 -0.00221792  0.00861304]]
[[ 0.00057565 -0.00103936  0.00675359]]
[[ 0.0001203  -0.00203283  0.00474972]]
[[-0.00088142 -0.00101966  0.0047827 ]]
[[ 0.00079538  0.00090614  0.00704764]]
[[-0.00151349  0.0021719   0.00480211]]
[[ 0.0006586  -0.00181912  0.0052267 ]]
[[  9.97325115e-04  -7.58194469e-05   5.36460693e-03]]
[[ 0.00055269  0.00314597  0.00438857]]
[[ 0.00269928  0.00118293  0.00541158]]
[[ 0.00216381 -0.00183901  0.00253229]]
[[ 0.00131153 -0.00038749  0.00181939]]
[[-0.00042965  0.00335486  0.00046118]]
[[ 0.00125551  0.00237311  0.0026755 ]]
[[ 0.0005116   0.00071183  0.00023518]]
[[-0.00031891  0.00947977 -0.00755584]]
[[ 0.0053977   0.00787808 -0.00270034]]
[[ 0.00448025  0.00451259  0.00211413]]
[[ 0.00521129  0.00309376  0.00455763]]
[[ 0.00682108  0.00310933  0.00168897]]
[[ 0.00959049  0.00416706 -0.00066723]]
[[ 0.00905885  0.00616936 -0.00356783]]
[[ 0.00050468  0.00396208 -0.00603626]]
[[ 0.00305584  0.00163974  0.00535881]]
[[ 0.00274282  0.00268828  0.00808407]]
[[-0.00030787  0.00232748  0.00738707]]
[[-0.00033789  0.00044765  0.00660824]]
[[ 0.00090953 -0.00030181  0.00633549]]
[[ 0.00086951 -0.0020311   0.00519806]]
[[ 0.0003749  -0.00138578  0.00403742]]
[[-0.00024852 -0.00208138  0.00268028]]
[[ 0.00065592  0.00208901 -0.00052857]]
[[ 0.00481614  0.00356937  0.00260238]]
[[ 0.0060914   0.00660609 -0.00217167]]
[[ 0.00209439  0.00081409  0.00581103]]
[[ 0.0035217   0.00141522  0.0044577 ]]
[[ 0.00434798  0.003077    0.01013609]]
[[ 0.00126699  0.00306839  0.00852119]]
[[-0.00131389  0.00324866  0.00583528]]
[[ 0.00029699  0.00196961  0.00690352]]
[[-0.00063546  0.00074089  0.00721991]]
[[-0.00149787 -0.00021328  0.0066357 ]]
[[ 0.00064915 -0.00045256  0.00473114]]
[[ 0.00239348 -0.00018116  0.00674103]]
[[  6.41099692e-05  -3.20631353e-03   5.76521559e-03]]
[[ 0.00152174 -0.0016607   0.00594447]]
[[ 0.00028686 -0.00123425  0.00368049]]
[[ 0.00155726 -0.00101023  0.00306348]]
[[-0.00118278 -0.00350458  0.00155035]]
[[-0.00037402 -0.00253768  0.00368568]]
[[-0.00075056 -0.00075976  0.00194439]]
[[ 0.00421033 -0.00274535  0.00049942]]
[[-0.00203522  0.00066595 -0.00043274]]
[[-0.0013626   0.00221804 -0.00113123]]
[[-0.00023964  0.00372782 -0.00255693]]
[[ 0.00049036  0.00263918  0.0006542 ]]
[[-0.00033158  0.0017921  -0.00056688]]
[[-0.0021711   0.00238856 -0.00311454]]
[[ 0.00431645  0.00335251 -0.00486671]]
[[ 0.0014124   0.00239619 -0.0036168 ]]
[[ 0.00014486  0.00187603 -0.00570422]]
[[ 0.00283196 -0.00038258 -0.00512184]]
[[ 0.00225182  0.00045902 -0.00497723]]
[[ 0.00049216 -0.00020341 -0.00478861]]
[[-0.0004106   0.00147589 -0.00374127]]
[[-0.00066573 -0.00035535 -0.00260102]]
[[-0.00059973  0.00067121 -0.00156471]]
[[ 0.00169917  0.00357185  0.00106644]]
[[ 0.00266347  0.00125843 -0.00028618]]
[[ 0.00344998 -0.00226207 -0.00033893]]
[[ 0.00032601  0.0022608  -0.0066654 ]]
[[ 0.00200342  0.00174134 -0.00278361]]
[[-0.00164006  0.00096807 -0.00713331]]
[[ 0.00036861  0.00283584 -0.00357652]]
[[ 0.00322068 -0.00136232 -0.00531966]]
[[ 0.00324111 -0.0001866  -0.00482245]]
[[ 0.00267947  0.00058666 -0.00486938]]
[[ 0.00235668  0.00093489 -0.00497601]]
[[-0.00022467 -0.00107049 -0.00502363]]
[[  7.44759905e-06  -5.38479433e-05  -5.34525477e-03]]
[[-0.00044813  0.00267977 -0.00377929]]
[[-0.00112954  0.00180181 -0.00359075]]
[[-0.0017667  -0.00156246 -0.00301124]]
[[-0.00098401 -0.00052749 -0.00198261]]
[[-0.00046306  0.00153569 -0.00092511]]
[[-0.0004828   0.00116702 -0.00244316]]
[[ -8.59587169e-07  -2.05316450e-04  -9.31411612e-04]]
[[ 0.00359092  0.0009065   0.00075045]]
[[ 0.00126139 -0.00176326  0.00188683]]
[[ -2.62682050e-05  -2.91859084e-03   1.42501699e-03]]
[[ -5.58508750e-04  -1.97880279e-03   8.38830281e-05]]
[[-0.00075049 -0.00120433  0.00017854]]
[[-0.00044955 -0.00089462  0.00057412]]
[[ -2.07776828e-05  -9.28819202e-04   1.03066274e-03]]
[[ 0.00025828  0.00088467  0.00064362]]
[[-0.00075898 -0.00238838 -0.0007523 ]]
[[  2.68090200e-05  -1.03760545e-03  -8.09112347e-04]]
[[ -3.33445435e-04  -6.48775587e-05  -6.35290008e-04]]
[[ -4.03143796e-04  -2.24270040e-04  -4.41087811e-05]]
[[-0.00118371 -0.00047864 -0.00029103]]
[[-0.00100206 -0.00018138 -0.00013975]]
[[-0.00181773  0.00016183 -0.00035684]]
[[-0.00104938  0.00055615  0.00106883]]
[[ 0.00225711 -0.00621691  0.00432752]]
[[-0.00071754 -0.00084958 -0.00023102]]
[[-0.00057574 -0.00064088  0.00042041]]
[[-0.0011953  -0.00353384 -0.00205841]]
[[-0.00115084 -0.00122787 -0.00104985]]
[[ 0.00030379 -0.00156927 -0.00063216]]
[[-0.00016229 -0.00093985 -0.00028778]]
[[ 0.00068566  0.00038994 -0.00059141]]
[[-0.00056727 -0.00028314 -0.00080344]]
[[-0.00034793 -0.00033202  0.00032915]]
[[ -4.22439854e-04  -2.41869545e-04  -4.36367499e-05]]
[[-0.00137395 -0.00078086 -0.00024762]]
[[-0.00138916 -0.00012221 -0.00073383]]
[[ -8.58634621e-04  -5.37306333e-05   2.14991910e-04]]
[[ -8.11322358e-04  -7.69070561e-04   5.77591538e-05]]
[[-0.00133955 -0.00013905 -0.00097054]]
[[-0.00189083  0.00060267 -0.00125733]]
[[-0.00123071  0.00082413  0.00136989]]
[[-0.0004318   0.00034478  0.00066153]]
[[-0.00152227  0.00144599  0.00232679]]
[[-0.00017529  0.00013832  0.00062013]]
[[-0.00043334  0.00067631  0.0003875 ]]
[[-0.00058112  0.00047829  0.00018221]]
[[-0.00125398  0.0005169   0.0002573 ]]
[[-0.00290929  0.00053485 -0.00044991]]
[[-0.0044606   0.00082246  0.0001437 ]]
[[-0.00121951  0.00130563 -0.00010726]]
[[  1.44917414e-04  -8.47319731e-05   1.09862125e-03]]
[[-0.00086108  0.00034254  0.00015356]]
[[-0.00051742  0.00049475  0.00012267]]
[[-0.00086293  0.0001126   0.00022552]]
[[-0.00052725  0.00047681  0.00074109]]
[[-0.0004188   0.00081444  0.00082443]]
[[ 0.00023669  0.00178182  0.00075483]]
[[ 0.00019611  0.00113388  0.0001835 ]]
[[  5.13619574e-04   1.15425254e-03   8.17413438e-05]]
[[-0.00037804  0.00028765  0.00026756]]
[[-0.00412891 -0.00092627  0.0001969 ]]
[[-0.00912728 -0.00062933 -0.00030581]]
[[-0.00058044  0.00016883  0.0002912 ]]
[[-0.00113032  0.00019888  0.0002752 ]]
[[-0.00036731  0.00035939  0.00014666]]
[[ -5.75258782e-05   7.37036152e-04  -5.59750603e-04]]
[[-0.00048637  0.00015065  0.00038584]]
[[-0.00103149 -0.00053382  0.00027665]]
[[-0.00025011  0.00033304  0.00058981]]
[[-0.00072099  0.00064334  0.00125072]]
[[-0.00024894  0.00074188  0.00053685]]
[[-0.00062785  0.00078065  0.00091456]]
[[ 0.00117749  0.00277876  0.00154648]]
[[ 0.00054191  0.00078734  0.00077884]]
[[  7.81778545e-05   1.00839487e-03   2.18330757e-04]]
[[  2.14844586e-05   1.17870920e-03   6.07944024e-05]]
[[  1.18689763e-03   1.81037303e-03  -1.82232480e-05]]
[[ 0.0006616   0.00061345  0.00026899]]
[[ 0.00029212  0.00077015 -0.00026155]]
[[-0.0012137   0.00159859 -0.00301101]]
[[-0.00043297  0.00564274 -0.00141385]]
[[-0.00116387  0.00411978  0.00104521]]
[[ 0.00020984  0.00373297  0.0019842 ]]
[[ 0.00256826  0.00344037  0.00190463]]
[[ 0.00429974  0.0041737  -0.00048521]]
[[ 0.00234546  0.00593969 -0.00389378]]
[[-0.00144182 -0.00061805 -0.00456308]]
[[-0.00017963  0.00195897  0.00192323]]
[[-0.00110752  0.00177952  0.00180647]]
[[-0.00091645  0.00040284  0.00156978]]
[[-0.00082605 -0.0006144   0.00089419]]
[[-0.00067161 -0.00010558  0.00066213]]
[[-0.000604   -0.00042724  0.00077156]]
[[-0.00090754 -0.00045348  0.00056612]]
[[-0.00090248 -0.00107258  0.00015558]]
[[-0.00195091  0.00265923  0.00086744]]
[[ 0.00258287  0.00178639  0.00185844]]
[[ 0.00411657  0.00182294 -0.00118648]]
[[-0.00035609  0.00184587  0.00109792]]
[[ 0.00027296  0.00134097  0.00162731]]
[[-0.00163785  0.00123833  0.00183775]]
[[-0.00201386  0.00248178  0.00404239]]
[[-0.00063375  0.00058279  0.0010356 ]]
[[-0.00057625  0.00036872  0.00125347]]
[[-0.00062229 -0.00045989  0.00073569]]
[[ -1.50980294e-03  -1.26140727e-03   4.45784607e-05]]
[[ -5.19622130e-04  -2.27825007e-05   6.33984128e-04]]
[[ -6.49412812e-04   3.12817877e-05   5.83538832e-04]]
[[-0.00138093 -0.00056149  0.00070206]]
[[-0.00046954 -0.00018648  0.00110885]]
[[-0.00052842 -0.0003918   0.0004552 ]]
[[-0.0008169  -0.00015982  0.00031994]]
[[-0.002017   -0.00163094 -0.00021595]]
[[-0.00093557 -0.00135322  0.00031822]]
[[-0.00063848 -0.0007314  -0.00011215]]
[[-0.00130049 -0.0008201  -0.00334858]]
[[-0.0024893  -0.00267051 -0.00099646]]
[[-0.0015828  -0.00137124  0.00070792]]
[[-0.00045472 -0.0011643   0.00080185]]
[[ 0.00028488 -0.00178033  0.00122193]]
[[ -1.03663147e-05  -2.73896434e-03   3.68704433e-06]]
[[-0.0014897  -0.00337716 -0.00218997]]
[[-0.00023848  0.00148889 -0.00584796]]
[[ -2.10932368e-05  -1.78129628e-03   6.06410361e-04]]
[[-0.00057099 -0.00068952  0.00043189]]
[[  2.94903038e-05  -7.18647524e-04   5.21541058e-04]]
[[ -3.93968416e-04  -6.29816239e-04  -1.80324283e-05]]
[[-0.00028512 -0.00160613  0.0001431 ]]
[[-0.00101297 -0.00113585  0.00016385]]
[[-0.00182398 -0.00207166  0.0004889 ]]
[[-0.00176555 -0.00086317  0.00194353]]
[[-0.00155985 -0.00073483  0.00043791]]
[[ 0.00102808 -0.00064952  0.00104153]]
[[ 0.00071822 -0.00171419 -0.00032668]]
[[-0.00189468 -0.00303214 -0.00021472]]
[[ 0.00062513 -0.00125818  0.00089574]]
[[-0.00067067 -0.00045638  0.00025239]]
[[-0.00029233 -0.00062401  0.00032289]]
[[-0.00033554 -0.0010088   0.00028074]]
[[  4.62951156e-04  -3.47911459e-05   7.56163251e-04]]
[[ -6.10102715e-04  -4.07761348e-04   4.08584129e-05]]
[[-0.00035282 -0.00058823  0.00023395]]
[[-0.0008488  -0.00264327 -0.00090792]]
[[  2.79972946e-04  -9.26061742e-04   7.91852649e-05]]
[[-0.00074027 -0.00099966  0.00052098]]
[[-0.0011303  -0.00065533  0.00026062]]
[[-0.00273388 -0.00303342  0.00026478]]
[[-0.0012394  -0.00202077 -0.00033712]]
[[-0.00140759 -0.00097928  0.00168018]]
[[-0.00130998 -0.00057837  0.00125045]]
[[-0.00219108 -0.00116147  0.00333993]]
[[ 0.00524127  0.0051911   0.0033541 ]]
[[ 0.00246641  0.00589619  0.00245538]]
[[ 0.00233339  0.00320026 -0.00059027]]
[[ 0.00110382  0.00371121 -0.00324321]]
[[ 0.00016209  0.00430225 -0.00201419]]
[[ 0.00031617  0.00538359  0.00034227]]
[[-0.00079233  0.00657309  0.00494097]]
[[ 0.00196735  0.00319568  0.00467103]]
[[ 0.0008749   0.00146927 -0.00387988]]
[[ 0.00222428  0.00249154 -0.00424918]]
[[ 0.00251406  0.00176484 -0.00405292]]
[[ 0.00207384 -0.00011567 -0.00352381]]
[[ 0.00151807 -0.00072205 -0.00352407]]
[[ 0.00112916 -0.00229092 -0.00335107]]
[[ 0.00144406 -0.00180023 -0.00255005]]
[[ 0.00160566 -0.00229281 -0.00154326]]
[[ 0.00521997 -0.00118095  0.00231738]]
[[ 0.00122958  0.00464471 -0.00290565]]
[[ 0.00481758  0.00523515  0.00140942]]
[[ 0.00033119  0.00066161 -0.00431031]]
[[ 0.00040047  0.00184758 -0.0038777 ]]
[[ 0.00276661  0.0013452  -0.00419699]]
[[ 0.00268043  0.00362342 -0.00561877]]
[[ 0.00277293  0.00261522 -0.00321331]]
[[ 0.00211968  0.00183827 -0.00366516]]
[[ 0.00168427  0.00010405 -0.00304786]]
[[ 0.00307146 -0.00069763 -0.00362308]]
[[ 0.00080533 -0.00066276 -0.0027014 ]]
[[ 0.00144873 -0.00049346 -0.00351888]]
[[ 0.00108608 -0.00329757 -0.00422506]]
[[ 0.00098157 -0.00145023 -0.00365674]]
[[ 0.00109531 -0.00168396 -0.00255627]]
[[ 0.00113061 -0.00139939 -0.00189036]]
[[ 0.00184753 -0.00355308 -0.00089656]]
[[ 0.00189908 -0.00212173 -0.00178074]]
[[ 0.00143753 -0.00119473 -0.00097192]]
[[-0.00240355  0.00238649  0.00375028]]
[[ 0.00101552  0.00303197  0.00063516]]
[[ 0.0013568   0.00508782 -0.00038118]]
[[ -6.79908874e-05   3.95110942e-03   1.27825381e-03]]
[[-0.00190524  0.00226996 -0.00054368]]
[[-0.00316422  0.00143601  0.00050807]]
[[ 0.00085551  0.00172552  0.00201627]]
[[ 0.00042615  0.00362391  0.00649645]]
[[-0.00050822  0.00356728  0.00225349]]
[[-0.00067913  0.00289649  0.00268382]]
[[-0.00177903  0.00114234  0.0026137 ]]
[[-0.00115828  0.00135079  0.00319692]]
[[-0.00096363  0.00049036  0.00323289]]
[[  5.26005653e-05   1.64946409e-03   3.14554647e-03]]
[[  5.89247828e-05  -4.12995923e-04   2.12740255e-03]]
[[ 0.00031721  0.00031979  0.00141631]]
[[-0.00104544  0.00948057 -0.00259792]]
[[-0.0039169   0.00144154  0.00069828]]
[[-0.00835121  0.00061926  0.00012537]]
[[ 0.00208705  0.00390978  0.00500274]]
[[-0.00076598  0.00214524  0.00226744]]
[[-0.00059225  0.0035706   0.00286291]]
[[-0.00032316  0.00332145  0.00108287]]
[[-0.00185659  0.00077889  0.00348384]]
[[-0.00195121  0.00085497  0.00233191]]
[[-0.00060764  0.00152562  0.00273029]]
[[-0.00132367  0.00178762  0.00306963]]
[[ 0.00026743 -0.00033099  0.00435673]]
[[-0.00149784  0.00052122  0.00326965]]
[[ 0.00070157  0.00284115  0.00316915]]
[[ 0.00044358  0.00151948  0.00306093]]
[[ 0.00129405 -0.00169075  0.00294334]]
[[-0.00019592 -0.00049013  0.00169539]]
[[ 0.00076664  0.00101439  0.00085718]]
[[ 0.00025126  0.000206    0.00166993]]
[[  1.02529520e-05  -5.13736125e-04   1.00676771e-03]]
[[-0.00083551  0.00338839 -0.00253244]]
[[-0.00013239  0.00718727 -0.00079851]]
[[-0.00114254  0.00551047  0.00169407]]
[[ 0.00033045  0.00517046  0.00268328]]
[[ 0.00277551  0.00487717  0.00234011]]
[[ 0.00472741  0.0055777  -0.00011029]]
[[ 0.00283533  0.00748895 -0.00343286]]
[[-0.00082773  0.00127172 -0.00424576]]
[[ -4.00924008e-05   3.37699412e-03   2.60671566e-03]]
[[-0.00108431  0.00337071  0.0026855 ]]
[[-0.00097051  0.00152458  0.00259432]]
[[-0.00096734  0.00046751  0.00199442]]
[[-0.00084473  0.00057905  0.00182824]]
[[ -8.38182568e-04   1.18806728e-05   1.83442813e-03]]
[[-0.00112772 -0.00021116  0.00155121]]
[[-0.00111937 -0.00110253  0.00097369]]
[[-0.00201845  0.00408184  0.00147931]]
[[ 0.00292474  0.00339565  0.00221813]]
[[ 0.00473648  0.00336069 -0.00099029]]
[[-0.00028453  0.00340612  0.00169557]]
[[ 0.00043104  0.0025683   0.00230673]]
[[-0.00162318  0.00250879  0.00269235]]
[[-0.00211458  0.00456991  0.00505779]]
[[-0.00073798  0.00182226  0.00182123]]
[[-0.00055263  0.00127956  0.00226317]]
[[-0.00078276  0.00046953  0.00184495]]
[[-0.0017628   0.00013435  0.00136431]]
[[-0.00072754  0.00074212  0.00148582]]
[[-0.00068801  0.00051246  0.00168091]]
[[ -1.72513696e-03  -6.32626658e-05   1.99771180e-03]]
[[-0.00071314  0.00024386  0.00219928]]
[[ -7.39023067e-04  -6.97958335e-05   1.17587092e-03]]
[[ -8.88952968e-04  -4.45727569e-05   1.19234635e-03]]
[[-0.00231468 -0.00184723  0.00065903]]
[[-0.00115151 -0.00135072  0.00110828]]
[[-0.00084516 -0.00067789  0.0007108 ]]
[[-0.00020975  0.0014095  -0.00320871]]
[[-0.00145377 -0.00044721 -0.00132395]]
[[-0.00043342  0.00069015 -0.00011926]]
[[ 0.00067442  0.00089224 -0.00037232]]
[[ 0.00101555  0.00015785  0.00051925]]
[[ 0.00052087 -0.00075836 -0.00027417]]
[[-0.00075841 -0.0012889  -0.00222215]]
[[ 0.00047522  0.00327279 -0.00544731]]
[[ 0.00141487  0.00037137 -0.00076825]]
[[ 0.00094819  0.00078262 -0.0011485 ]]
[[ 0.00170711  0.00038201 -0.00118231]]
[[  1.27833141e-03   5.18894503e-05  -1.80406160e-03]]
[[ 0.0015381 -0.0014185 -0.0015763]]
[[ 0.00075119 -0.0010315  -0.00160484]]
[[ 0.00057273 -0.00240091 -0.00102593]]
[[  7.99814401e-05  -1.16980251e-03  -6.02275458e-04]]
[[-0.00012755  0.00157782 -0.00069985]]
[[ 0.00172952  0.00133627  0.00024983]]
[[ 0.00115132  0.00030724 -0.00038327]]
[[-0.00026542 -0.00030558 -0.00207786]]
[[ 0.00197755  0.00050866 -0.00047757]]
[[ 0.00080566  0.00081637 -0.00123626]]
[[ 0.00089242  0.00095168 -0.00094559]]
[[ 0.00137754  0.00029715 -0.00183288]]
[[ 0.00211781  0.00083412 -0.00081492]]
[[ 0.00098435  0.00012327 -0.00162453]]
[[ 0.00102816  0.00020805 -0.00128418]]
[[ 0.00095228 -0.00258436 -0.00295222]]
[[ 0.00218947 -0.00072287 -0.00138133]]
[[ 0.00077269 -0.00079833 -0.0011067 ]]
[[ 0.00051561 -0.00070783 -0.00143862]]
[[-0.00068691 -0.00390589 -0.00139434]]
[[ 0.00102646 -0.00202327 -0.00083939]]
[[ 0.00040075 -0.00111316 -0.00045797]]
[[  7.48793214e-05  -9.03726968e-04  -6.41472347e-04]]
[[  5.27288198e-05  -1.31719662e-03  -5.09792092e-04]]
[[ 0.00563061  0.00190515 -0.00629758]]
[[ 0.00172074  0.00060577 -0.00313354]]
[[ 0.00142556 -0.00136582 -0.00100652]]
[[ 0.00254104 -0.00097882 -0.00182688]]
[[  4.45630701e-03   3.42225826e-04   4.45864609e-05]]
[[ 0.00455357  0.00141829 -0.00253249]]
[[ 0.00159575  0.00114083 -0.00594659]]
[[ 0.00435636 -0.00061594 -0.01011156]]
[[ 0.00297145 -0.00038806 -0.00215034]]
[[ 0.0022071  -0.00073944 -0.002787  ]]
[[ 0.00265588  0.0008225  -0.00283253]]
[[  1.35312058e-03  -2.45894462e-05  -3.38359623e-03]]
[[-0.00015475  0.00034329 -0.00359849]]
[[-0.00089444 -0.00102006 -0.00275383]]
[[-0.00125956  0.00057525 -0.00172671]]
[[-0.00110964 -0.00019026 -0.000713  ]]
[[ 0.00367607 -0.00500494  0.00196299]]
[[ 0.00680456  0.00044072 -0.00020707]]
[[ 0.00906479  0.00383467 -0.00301582]]
[[-0.00030646  0.00031383 -0.0047308 ]]
[[ 0.00405727  0.00062942 -0.00137988]]
[[ 0.00201518 -0.00139319 -0.0025958 ]]
[[ 0.00178871 -0.00104519 -0.00152729]]
[[ 0.00261012  0.00171292 -0.00325878]]
[[ 0.00346468  0.00082376 -0.00315708]]
[[ 0.00076369 -0.00020226 -0.0024785 ]]
[[ 0.00151843 -0.00028854 -0.00351436]]
[[-0.00091216  0.00113025 -0.00392581]]
[[-0.0004438   0.00017654 -0.00423043]]
[[-0.00137182 -0.0020479  -0.0030242 ]]
[[-0.00112884 -0.00097058 -0.00263739]]
[[-0.00225503  0.00161519 -0.0021915 ]]
[[-0.00151095  0.00066096 -0.00129146]]
[[-0.00145172 -0.00075345 -0.00035295]]
[[-0.00096158 -0.00011023 -0.00118963]]
[[-0.00067024  0.0004199  -0.00015204]]
[[ 0.00368417 -0.00669611 -0.01031031]]
[[ 0.0068454  -0.00537459 -0.00510542]]
[[ 0.00675966 -0.00220735  0.0005732 ]]
[[ 0.00579506 -0.00151033  0.00425225]]
[[ 0.0056576  -0.00117289  0.00171404]]
[[ 0.00566767 -0.00183839 -0.0017592 ]]
[[ 0.00754344 -0.00367025 -0.00751901]]
[[ 0.00290627 -0.00074134 -0.01007912]]
[[  4.40126872e-03  -4.82684608e-05   5.33752545e-03]]
[[ 0.00466926 -0.00031491  0.00813176]]
[[ 0.00092348 -0.0006846   0.00706765]]
[[ 0.00113649  0.00154232  0.00681629]]
[[ 0.00058612  0.00134109  0.00619437]]
[[ 0.00119165  0.00297363  0.00622753]]
[[ 0.00064543  0.0019449   0.00536037]]
[[ 0.00022661  0.00228251  0.00378484]]
[[ 0.00397794  0.00039674 -0.00134066]]
[[ 0.00340379 -0.00127191  0.00347981]]
[[ 0.00033778 -0.0008385  -0.00329511]]
[[ 0.00368219  0.00073118  0.00564425]]
[[ 0.00472447  0.00017581  0.00536654]]
[[ 0.00702906 -0.00086034  0.01053584]]
[[ 0.00238479  0.00015073  0.0080314 ]]
[[  1.49764224e-06  -1.60882201e-03   5.77785139e-03]]
[[ 0.00173501 -0.00042861  0.00612417]]
[[ 0.00168882  0.00124906  0.00830502]]
[[-0.00071462  0.00299752  0.00605774]]
[[ 0.00081283  0.00133502  0.0051597 ]]
[[ 0.00102124  0.00118474  0.00609628]]
[[ 0.00045277  0.00443728  0.00622364]]
[[ 0.00228974  0.00253174  0.00724828]]
[[ 0.00037824  0.00204591  0.00512355]]
[[ 0.00107134  0.00143289  0.00550169]]
[[-0.00054934  0.00368705  0.00231459]]
[[  2.58550312e-05   2.82238458e-03   4.67278036e-03]]
[[ 0.00024008  0.00028071  0.00259328]]
[[ 0.00504206  0.00520242 -0.01198005]]
[[ 0.00749253  0.00788421 -0.00497984]]
[[ 0.00703906  0.00546248  0.00070382]]
[[ 0.00634121  0.00428019  0.00344821]]
[[ 0.00771045  0.00326756  0.00188197]]
[[ 0.00921338  0.00402093 -0.00186881]]
[[ 0.00794161  0.00631808 -0.00725563]]
[[  9.70836618e-04   1.98313260e-05  -1.15661050e-02]]
[[ 0.00475911  0.0029895   0.00411503]]
[[ 0.00519764  0.00251796  0.00679204]]
[[ 0.00195215  0.00127033  0.00606938]]
[[  1.50657496e-03   4.13641755e-05   5.67394451e-03]]
[[ 0.00081004  0.00050119  0.00508958]]
[[ 0.00109976 -0.00018793  0.00538657]]
[[ 0.00072542 -0.00028221  0.00520619]]
[[ 0.00083081 -0.00137581  0.00423067]]
[[ 0.00646584  0.00536911  0.00157301]]
[[ 0.00687713  0.00166698  0.00278021]]
[[ 0.0085627   0.00139957 -0.00281274]]
[[ 0.00336006  0.00302921  0.00312239]]
[[ 0.00502723  0.00155046  0.00398229]]
[[ 0.00737101  0.00306193  0.00905233]]
[[ 0.00246808  0.00262369  0.00793343]]
[[ 0.00156151  0.00164151  0.00471947]]
[[ 0.00282565  0.00060645  0.00518722]]
[[ 0.00149399  0.00012721  0.00720633]]
[[ 0.00011187 -0.00079666  0.00454141]]
[[ 0.00042574  0.00060342  0.00434643]]
[[ 0.001349    0.00022173  0.00489388]]
[[-0.00052054 -0.00052263  0.00494304]]
[[ 0.00223682 -0.00032788  0.0061523 ]]
[[ 0.00049695 -0.00032325  0.00427831]]
[[ 0.00104585 -0.00018982  0.00569239]]
[[-0.00089408 -0.00250508  0.00375395]]
[[ 0.00110133 -0.00202748  0.00488111]]
[[ 0.00098651 -0.00013382  0.00335634]]
[[ 0.00090064 -0.00054855 -0.0067871 ]]
[[-0.00155595 -0.0023359  -0.00479901]]
[[-0.00072811 -0.00123152 -0.00232087]]
[[-0.00016834 -0.0007538  -0.00151945]]
[[-0.00036735 -0.00162522 -0.00050063]]
[[-0.00271301 -0.002725   -0.00296502]]
[[-0.00203483 -0.00287096 -0.00783136]]
[[ 0.00295112  0.00213234 -0.01049966]]
[[ 0.00120259 -0.00161766 -0.00123051]]
[[ 0.00036251 -0.00053253 -0.001886  ]]
[[ 0.00078121 -0.00066882 -0.00207168]]
[[ -6.69753753e-05  -5.61584029e-04  -2.64868690e-03]]
[[-0.00109811 -0.00153496 -0.00261317]]
[[-0.00132207 -0.00110993 -0.00166909]]
[[-0.00182107 -0.00201603 -0.00102173]]
[[-0.00161024 -0.00090998 -0.0001423 ]]
[[-0.00030085 -0.00068201 -0.00201823]]
[[ 0.00047548 -0.00049902  0.00034705]]
[[-0.00336154 -0.00439013 -0.00362872]]
[[-0.0008694  -0.00289513 -0.00237058]]
[[  1.97942099e-03  -1.46012203e-03  -5.08831985e-05]]
[[  3.71361858e-06  -2.51150489e-04  -1.97432796e-03]]
[[ 0.00071936 -0.00040062 -0.00171903]]
[[ 0.00040668 -0.00094425 -0.00234584]]
[[ 0.00148763 -0.00022961 -0.00241203]]
[[-0.00051567 -0.00030821 -0.00228128]]
[[ -1.08287783e-05  -4.87941567e-04  -2.16478555e-03]]
[[-0.00106534 -0.00238178 -0.0031874 ]]
[[-0.00166133 -0.00089649 -0.00314877]]
[[-0.00093096 -0.00095474 -0.0012739 ]]
[[-0.00144635 -0.00061134 -0.00169507]]
[[-0.00270401 -0.00303383 -0.00100232]]
[[-0.00224582 -0.00177494 -0.00083206]]
[[ -1.06310141e-03  -8.73317707e-04  -9.70917975e-05]]
[[-0.00159635 -0.00054655 -0.00059117]]
[[-0.00129022 -0.00087494  0.00019137]]
