[[-0.00499247  0.00451304  0.00895393]]
[[-0.00800234 -0.00015192  0.0046178 ]]
[[-0.00923684 -0.00221446  0.00090041]]
[[-0.00727274 -0.0022939  -0.00214054]]
[[-0.0062599  -0.0022369  -0.00028366]]
[[-0.00582958 -0.00196302  0.00146265]]
[[-0.00653096 -0.00148579  0.00378891]]
[[-0.00384789  0.00093773  0.00733915]]
[[-0.00580553 -0.00223841 -0.00354326]]
[[-0.00662586 -0.00158478 -0.00670362]]
[[-0.00279616 -0.0002301  -0.00587625]]
[[-0.00247256 -0.00093932 -0.00591958]]
[[-0.00146944 -0.00077492 -0.00552014]]
[[-0.0012954  -0.00091298 -0.00564638]]
[[-0.00106461 -0.0002056  -0.0056368 ]]
[[-0.00048877  0.00022144 -0.00472594]]
[[-0.00717556 -0.0039305   0.00265673]]
[[-0.00515527 -0.00183608 -0.00158538]]
[[-0.00525753 -0.0019345   0.0017656 ]]
[[-0.00511434 -0.00325886 -0.00461059]]
[[-0.00599293 -0.00175703 -0.00381967]]
[[-0.00947525 -0.00075856 -0.00913627]]
[[-0.00456757 -0.00259196 -0.00484813]]
[[-0.00137126  0.00036236 -0.00510895]]
[[-0.00353406 -0.00081223 -0.00516136]]
[[-0.0026197  -0.00111748 -0.00780701]]
[[-0.00129881 -0.00165182 -0.00522927]]
[[-0.00149013 -0.00106652 -0.00502943]]
[[-0.00212119 -0.00053541 -0.00535565]]
[[-0.00024951 -0.00126699 -0.00459191]]
[[-0.00205755 -0.00190619 -0.00624618]]
[[-0.00061191 -0.00044702 -0.0058646 ]]
[[-0.00151113  0.00019754 -0.0061919 ]]
[[ -2.37192482e-06  -1.13919407e-05  -3.29303995e-03]]
[[-0.0003609  -0.00085024 -0.00502354]]
[[-0.00046091  0.00183821 -0.00431676]]
[[-0.00287172 -0.00034166  0.00376291]]
[[-0.00226015  0.00027853  0.00419032]]
[[ -2.04517516e-03   3.04621382e-05   3.27175756e-03]]
[[-0.00242753  0.00037691  0.00295669]]
[[-0.00364737  0.00050097  0.00190607]]
[[-0.00383805  0.00057508  0.0036409 ]]
[[-0.00226792  0.00126487  0.00545033]]
[[-0.00405882 -0.00030281  0.00522704]]
[[ -2.36855910e-03   6.22893694e-05   2.30411495e-03]]
[[-0.00140382  0.00056545  0.00257895]]
[[ -1.06253557e-03   6.29493507e-05   2.92443246e-03]]
[[-0.00031853  0.0005439   0.00314918]]
[[ 0.00132327  0.00088427  0.00330553]]
[[ 0.00139889  0.00179858  0.00196625]]
[[ 0.00181695  0.00116219  0.00111247]]
[[ 0.00153406  0.00117042  0.00033198]]
[[-0.00200428 -0.000241    0.00268603]]
[[-0.005048   -0.00032961  0.00162025]]
[[-0.00746764 -0.00264827  0.00383292]]
[[-0.00168283 -0.00036639  0.00261437]]
[[-0.00298788 -0.00029719  0.00183664]]
[[-0.00095837  0.00043458  0.00235616]]
[[-0.00099235  0.00094742  0.00169241]]
[[ -7.97744028e-04   8.04483342e-05   2.97788083e-03]]
[[-0.00135316 -0.00078304  0.00381131]]
[[ 0.0001369   0.00041987  0.00265302]]
[[-0.00054592  0.00079606  0.0034607 ]]
[[ 0.0007477   0.00107038  0.00242788]]
[[ 0.00245256  0.00073602  0.00405171]]
[[ 0.00217782  0.00285293  0.00269243]]
[[ 0.00159483  0.00086407  0.00207933]]
[[ 0.00126416  0.00123652  0.00082048]]
[[ 0.0025511   0.00119313  0.00086069]]
[[ 0.00211378  0.00188744  0.00019045]]
[[ 0.00163161  0.00064994  0.00078622]]
[[ 0.00108568  0.00075641 -0.00022441]]
[[-0.00236771  0.0038354   0.00368739]]
[[ 0.00021081  0.0094814   0.00331098]]
[[-0.00151748  0.00660632  0.00324167]]
[[-0.00145079  0.00606233  0.00370991]]
[[-0.00043607  0.00727884  0.00213047]]
[[ 0.00149348  0.00988585  0.00276971]]
[[ 0.00246195  0.01079432  0.00303338]]
[[-0.00448915 -0.00012398  0.00579759]]
[[-0.00255426  0.00480618  0.00327974]]
[[-0.00249834  0.00310084  0.00378906]]
[[-0.00300369  0.0016346   0.00391561]]
[[-0.00171338 -0.00019836  0.00428441]]
[[-0.00041518  0.00080668  0.00405167]]
[[ 0.00057422 -0.0010029   0.00315084]]
[[ 0.00071056  0.00052367  0.00172162]]
[[ 0.00088111 -0.00124708  0.00036223]]
[[-0.00246123  0.00446538  0.00290345]]
[[-0.00189964  0.00627924  0.0017567 ]]
[[-0.0021113   0.01212319  0.00300697]]
[[ -4.41119595e-05   6.24986944e-03   3.45261237e-03]]
[[-0.00307469  0.00423258  0.00188354]]
[[-0.00266683  0.00202333  0.00383211]]
[[-0.00370515  0.00375636  0.00562677]]
[[-0.00178206  0.00215976  0.0035591 ]]
[[-0.00355799  0.00171368  0.00390559]]
[[-0.00085619 -0.00013726  0.00355581]]
[[-0.00265495 -0.00107923  0.00373988]]
[[ -7.64192495e-05   1.88974973e-03   4.22058558e-03]]
[[-0.00011642  0.00022438  0.00451038]]
[[ 0.0004603  -0.00229399  0.00353369]]
[[ 0.00109606 -0.00021274  0.00349785]]
[[ 0.00189091  0.00177852  0.00162925]]
[[ 0.00096071  0.00050597  0.00114497]]
[[ -6.96222463e-05  -2.47137430e-03  -1.22580404e-04]]
[[ 0.00094091 -0.00133795  0.00109798]]
[[ 0.00068383 -0.00056175 -0.00054899]]
[[-0.00336984 -0.00087882  0.00741161]]
[[-0.00866983 -0.00537034  0.00414824]]
[[-0.00867418 -0.00093783  0.00014275]]
[[-0.0068121  -0.00133881 -0.00358864]]
[[-0.0075131  -0.00227833 -0.00114461]]
[[-0.00926274 -0.00416837  0.00160193]]
[[-0.00930594 -0.00635584  0.00486431]]
[[-0.00152004  0.00427192  0.00523623]]
[[ -4.46719970e-03  -6.43687483e-05  -4.98625166e-03]]
[[-0.0042211   0.00048173 -0.00766921]]
[[-0.00041462  0.00051658 -0.00677528]]
[[ -4.07255682e-05   1.70228764e-03  -6.17671548e-03]]
[[ 0.00021712 -0.00013501 -0.00555459]]
[[-0.00044846  0.00061598 -0.00573526]]
[[-0.00051563 -0.00084371 -0.00523822]]
[[-0.0003255   0.00049323 -0.00363128]]
[[-0.00606361  0.00421531  0.00164213]]
[[ -5.79638648e-03  -5.66106454e-05  -2.39930297e-03]]
[[-0.00791401 -0.00101528  0.00239973]]
[[ -6.50745867e-03   1.67350720e-05  -6.26886950e-03]]
[[-0.00455296 -0.00017489 -0.00454187]]
[[-0.0058069   0.001403   -0.00995836]]
[[-0.00107623  0.0006218  -0.00808109]]
[[-0.00042908 -0.00013364 -0.00652693]]
[[-0.00113096  0.00098718 -0.00543866]]
[[  8.37214877e-05   2.21551816e-03  -7.13944257e-03]]
[[ 0.00131139  0.00287742 -0.00437812]]
[[-0.00071855 -0.00092239 -0.00659803]]
[[  2.27729950e-04  -9.97961107e-05  -5.40004020e-03]]
[[ 0.00131479  0.00116624 -0.00441993]]
[[-0.00147297  0.00167206 -0.00614288]]
[[-0.00171919 -0.00174699 -0.00542201]]
[[-0.00059549 -0.00138896 -0.00568655]]
[[ 0.00159801  0.00127385 -0.00220278]]
[[-0.00015517  0.00193762 -0.00438823]]
[[-0.00055554 -0.00107863 -0.00270421]]
[[ 0.00374431 -0.00258457  0.00095985]]
[[ 0.00125547 -0.00488774  0.00161042]]
[[ -8.56831452e-05  -5.91847225e-03   6.05006591e-04]]
[[-0.00053547 -0.00465674 -0.00112698]]
[[-0.00106905 -0.00360094 -0.00052907]]
[[-0.00099981 -0.00336389  0.00034714]]
[[-0.00036965 -0.00364505  0.00099687]]
[[ -3.40241732e-05  -1.81269048e-03   1.20241247e-03]]
[[-0.0002989  -0.00522707 -0.00219284]]
[[ 0.0007838  -0.00317794 -0.00244564]]
[[ 0.00073585 -0.00190129 -0.00239766]]
[[ 0.00086394 -0.00158109 -0.001855  ]]
[[ 0.0004181  -0.00138893 -0.00200289]]
[[ 0.00072309 -0.00101297 -0.00188002]]
[[ 0.00072323 -0.00049226 -0.0018563 ]]
[[  1.04146035e-03  -5.33634112e-05  -1.55728566e-03]]
[[ 0.00252874 -0.00974722  0.00317015]]
[[-0.00100069 -0.00315793 -0.00112458]]
[[-0.00121898 -0.00303572  0.0005185 ]]
[[-0.00060937 -0.00717293 -0.00396163]]
[[-0.00097293 -0.00340206 -0.0025219 ]]
[[ 0.00099681 -0.00361218 -0.00232835]]
[[ 0.00046807 -0.00328558 -0.00151747]]
[[ 0.00171346 -0.00187181 -0.00280308]]
[[ 0.00029102 -0.00163391 -0.00239935]]
[[ 0.00085328 -0.0015747  -0.00152212]]
[[ 0.00068412 -0.00180993 -0.00153767]]
[[ 0.00012445 -0.0017405  -0.00230878]]
[[ 0.00017547 -0.00084723 -0.00209326]]
[[ 0.00066993 -0.00106893 -0.00145383]]
[[ 0.0008307  -0.00137115 -0.00174979]]
[[ 0.00072885 -0.00050068 -0.002361  ]]
[[ 0.00043665 -0.00022675 -0.00164851]]
[[ 0.00076886 -0.00010029 -0.00109352]]
[[ 0.00126265 -0.00012078 -0.00135306]]
[[ 0.000986    0.00047376 -0.00167917]]
[[-0.00078936 -0.00202174  0.00125966]]
[[-0.0011486  -0.00144373  0.00134916]]
[[-0.00156677 -0.00141869  0.00118604]]
[[-0.00210572 -0.00151739  0.00138215]]
[[-0.00362356 -0.00172245  0.00044412]]
[[-0.00513649 -0.0016678   0.00098664]]
[[-0.00173603 -0.00111265  0.00057003]]
[[-0.00027561 -0.0025932   0.0014889 ]]
[[-0.00154234 -0.00144391  0.00117918]]
[[-0.00139082 -0.00133752  0.00124623]]
[[-0.00169106 -0.00106308  0.00152221]]
[[-0.00144108 -0.00044837  0.00197725]]
[[-0.00118829  0.00027644  0.00209122]]
[[-0.00055613  0.00163669  0.00180853]]
[[-0.00044845  0.00109837  0.00112283]]
[[ -8.01361856e-05   1.42589343e-03   7.85045254e-04]]
[[-0.00146943 -0.00149062  0.00118517]]
[[-0.0045584  -0.00340307  0.0009129 ]]
[[-0.00952593 -0.00354897  0.00040778]]
[[-0.00109943 -0.0018021   0.00117965]]
[[-0.00180026 -0.00149249  0.00125288]]
[[-0.00138035 -0.00097331  0.00114598]]
[[-0.00114898 -0.00171491  0.00086425]]
[[-0.00115448 -0.00117984  0.00141556]]
[[-0.00179512 -0.00161092  0.00151267]]
[[-0.00126366 -0.0003915   0.00171993]]
[[-0.00179883 -0.0005374   0.00279084]]
[[ -9.06276958e-04   9.23934248e-05   1.50739307e-03]]
[[-0.00129664  0.00035617  0.00209115]]
[[ 0.00029323  0.00267413  0.00283686]]
[[-0.00029614  0.00064031  0.00175626]]
[[-0.00045334  0.00087406  0.00094591]]
[[-0.0005251   0.00119047  0.00088061]]
[[ 0.00053881  0.00234497  0.00074546]]
[[  2.58112685e-05   8.49905243e-04   8.85659920e-04]]
[[-0.00018004  0.00091931  0.0004167 ]]
[[-0.00145895 -0.00334888 -0.00099874]]
[[ 0.00224272  0.00192723 -0.00185054]]
[[  2.37427134e-03  -1.92454421e-03   5.79060825e-05]]
[[ 0.00202608 -0.00063382  0.0030675 ]]
[[ 0.00378762  0.00090198  0.00145162]]
[[ 0.00578339  0.00278918 -0.00075266]]
[[ 0.00503077  0.0046408  -0.00280345]]
[[  1.53623802e-05  -5.51348968e-03  -8.78968425e-04]]
[[ 0.00058861 -0.00221781  0.00428954]]
[[-0.00072227 -0.00181981  0.00506076]]
[[-0.00178509 -0.00171468  0.00480745]]
[[-0.0016272  -0.00229131  0.00433926]]
[[-0.001592   -0.00015383  0.00397094]]
[[-0.00124752 -0.00052465  0.0038817 ]]
[[-0.00131511  0.0011069   0.0031226 ]]
[[-0.0013481  -0.00024988  0.00191802]]
[[-0.00014074 -0.00842398 -0.00197655]]
[[ 0.00276717 -0.00134707  0.00226852]]
[[ 0.00494799 -0.00021512 -0.00148569]]
[[ 0.00318212 -0.00285381  0.00612692]]
[[ 0.0009298  -0.00128178  0.00396397]]
[[-0.00110483 -0.00368051  0.00538863]]
[[-0.00220687 -0.00145001  0.00600359]]
[[-0.00152351 -0.00135714  0.00546675]]
[[-0.00138656 -0.00165188  0.00404027]]
[[-0.00116076 -0.00268278  0.0040565 ]]
[[-0.00238747 -0.00332124  0.00247928]]
[[-0.00045378  0.00069067  0.00561296]]
[[ -1.84050771e-03   2.33025705e-06   3.76343577e-03]]
[[-0.00220269 -0.00093923  0.00288305]]
[[-0.00105084 -0.00108711  0.00408165]]
[[ 0.00030532  0.00239114  0.00371893]]
[[-0.00122461  0.00149446  0.00262592]]
[[-0.00262446 -0.00089098  0.00102043]]
[[-0.00160454 -0.00094387  0.00203438]]
[[-0.00103923  0.00061287  0.00161839]]
[[ 0.00103215 -0.00511037 -0.00216642]]
[[-0.00037834 -0.01047814 -0.00188338]]
[[ 0.00149409 -0.00741281 -0.0024191 ]]
[[ 0.00179213 -0.00695448 -0.00353658]]
[[ 0.00155669 -0.00765561 -0.00245058]]
[[ 0.00153185 -0.00989396 -0.00200358]]
[[ -1.38303249e-03  -1.15891857e-02  -1.43751359e-05]]
[[ 0.00222527 -0.00149098 -0.00314305]]
[[ 0.00197414 -0.00549644 -0.00326778]]
[[ 0.00207497 -0.00384074 -0.00343884]]
[[ 0.0028122  -0.00216893 -0.00335777]]
[[ 0.001907   -0.00031897 -0.00372921]]
[[ 0.00184472 -0.00119832 -0.00332915]]
[[ 0.00043219  0.00089755 -0.00326536]]
[[ 0.00066616 -0.00057959 -0.00192097]]
[[  1.67192817e-05   1.40595819e-03  -9.28913769e-04]]
[[ 0.0021827  -0.00533729 -0.00233705]]
[[ 0.00274898 -0.00639181 -0.00262779]]
[[ 0.00639045 -0.00890101 -0.00184409]]
[[-0.00027977 -0.00705726 -0.00312331]]
[[ 0.00240451 -0.00443689 -0.00269694]]
[[ 0.0023642  -0.00275902 -0.0035448 ]]
[[ 0.00320609 -0.00472757 -0.0054732 ]]
[[ 0.00168774 -0.00282106 -0.00282309]]
[[ 0.00301643 -0.00183261 -0.00278728]]
[[ 0.0011718  -0.0004418  -0.00331764]]
[[ 0.0028155   0.00042168 -0.00348746]]
[[ 0.00095919 -0.00256794 -0.00370822]]
[[ 0.00248082 -0.0003272  -0.00311682]]
[[ 0.0004506   0.00220514 -0.00385769]]
[[ -1.97085371e-04  -2.67660842e-05  -3.60783322e-03]]
[[-0.00085076 -0.00204639 -0.0018778 ]]
[[ 0.00100535 -0.00044399 -0.00134382]]
[[ 0.00093398  0.002804   -0.00048532]]
[[-0.00010145  0.00142351 -0.00145426]]
[[  4.92608649e-05   6.25372821e-04  -1.59660269e-04]]
[[ 0.0040019   0.00091198  0.00053579]]
[[ 0.00167774 -0.00175075  0.00165983]]
[[ 0.00046868 -0.00286496  0.00123615]]
[[ -8.12275769e-05  -1.98719233e-03  -2.08007914e-05]]
[[ -3.15159442e-04  -1.19709404e-03   8.78060259e-05]]
[[ -5.18919215e-05  -8.80950856e-04   4.20812325e-04]]
[[ 0.00037186 -0.00092378  0.00083869]]
[[ 0.00064686  0.00089929  0.00040603]]
[[-0.00015569 -0.0024466  -0.00078429]]
[[ 0.00064403 -0.00113826 -0.0008752 ]]
[[ 0.00053188 -0.00017527 -0.00066612]]
[[ 0.00046319 -0.00040424 -0.00019836]]
[[  8.47787615e-05  -6.98720783e-04  -3.89233872e-04]]
[[ 0.00026172 -0.00057582 -0.0005143 ]]
[[ 0.00035273 -0.00052677 -0.00068118]]
[[  6.76060008e-04  -8.10242975e-05  -6.16899675e-04]]
[[ 0.00278983 -0.00616695  0.0041224 ]]
[[-0.00029597 -0.00090069 -0.00022425]]
[[-0.00017522 -0.00064179  0.00025416]]
[[-0.00067704 -0.00356913 -0.00209762]]
[[-0.00049845 -0.00127981 -0.00093701]]
[[ 0.00096281 -0.00162221 -0.0007325 ]]
[[ 0.00038751 -0.00105032 -0.00040974]]
[[ 0.00139316  0.00031421 -0.00064883]]
[[ 0.00039153 -0.00038023 -0.0006035 ]]
[[ 0.00053907 -0.0004204   0.00013381]]
[[ 0.00036973 -0.00044592 -0.00028283]]
[[-0.00035162 -0.00093064 -0.00037011]]
[[  5.43556498e-05  -3.48353322e-04  -4.95138095e-04]]
[[ 0.00031118 -0.00047712 -0.00037113]]
[[ 0.00041543 -0.00097522 -0.00039984]]
[[ 0.00027062 -0.00070233 -0.00107909]]
[[ 0.0002214  -0.00021999 -0.0005698 ]]
[[  4.61449038e-04   8.13360925e-06  -3.64925359e-04]]
[[ 0.00091055 -0.00017066 -0.00051044]]
[[ 0.00066645  0.00019466 -0.00071288]]
[[ 0.00020336  0.00012795  0.00035482]]
[[ -7.67395514e-06   7.11391559e-04   6.42495819e-05]]
[[ -7.65037860e-05   5.63220989e-04  -1.37508655e-04]]
[[ -7.26048882e-04   5.83319919e-04  -3.56801397e-05]]
[[-0.00239281  0.0006233  -0.00064231]]
[[ -3.98667090e-03   9.04884418e-04  -8.28408455e-05]]
[[-0.00079454  0.00134354 -0.00033617]]
[[  5.21231913e-04  -8.12597381e-05   8.65603105e-04]]
[[ -2.14531816e-04   3.76325699e-04  -8.15124649e-05]]
[[ 0.00010374  0.00052047 -0.00021801]]
[[ -2.23411539e-05   1.36074031e-04  -1.46116789e-04]]
[[ 0.00025637  0.00048892  0.0001687 ]]
[[ 0.00064817  0.0008196   0.00020902]]
[[ 0.00122467  0.00169891 -0.00017215]]
[[ 0.00185274  0.00092623 -0.00075396]]
[[ 0.00168348  0.00097683 -0.0021204 ]]
[[  1.48276714e-04   3.55870357e-04  -8.03835407e-05]]
[[-0.0036094  -0.00087836  0.00010687]]
[[-0.00863188 -0.00054924 -0.00050346]]
[[ -3.99474178e-05   2.27950513e-04   7.94758305e-06]]
[[-0.00040479  0.00025424  0.00016479]]
[[ 0.0002469   0.00036437 -0.00018965]]
[[ 0.00054049  0.00079485 -0.00088846]]
[[  1.97868453e-04   2.05018783e-04  -5.13089847e-05]]
[[ -7.76849364e-05  -4.71116195e-04   7.07379517e-05]]
[[  4.77082070e-04   3.37439912e-04   4.16669204e-05]]
[[  5.26363846e-05   6.76667998e-04   6.99589673e-04]]
[[ 0.00060796  0.00080127 -0.00014481]]
[[ 0.00060491  0.00082385  0.00050046]]
[[ 0.00218026  0.00270606  0.00058251]]
[[ 0.0013898   0.00073501 -0.00013798]]
[[ 0.00126269  0.00097264 -0.00068187]]
[[  1.54716541e-03   8.89033805e-04  -7.86285560e-05]]
[[ 0.00250163  0.00147384 -0.00204149]]
[[ 0.00129381  0.00038529 -0.00134029]]
[[ 0.00191144  0.00013586 -0.0038046 ]]
[[-0.00080252  0.00155495 -0.00322356]]
[[ -9.60097305e-06   5.57686244e-03  -1.63513943e-03]]
[[-0.00065051  0.00399797  0.00086068]]
[[ 0.00071057  0.0036469   0.00188591]]
[[ 0.00304863  0.00333653  0.00185541]]
[[ 0.0047326   0.00408495 -0.00061001]]
[[ 0.00275743  0.00587877 -0.00405988]]
[[-0.00105306 -0.00066542 -0.00478702]]
[[ 0.0004451   0.00187872  0.00189984]]
[[-0.0004591   0.00172957  0.00175332]]
[[ -1.39133387e-05   3.16099983e-04   1.55350564e-03]]
[[  8.91577803e-05  -6.69226727e-04   7.58053455e-04]]
[[ 0.00065093 -0.00022794  0.00058167]]
[[ 0.00074656 -0.00051175  0.00043234]]
[[ 0.0013808  -0.00060296  0.00031   ]]
[[ 0.00113973 -0.00154239 -0.00142776]]
[[-0.00140155  0.00254129  0.0006559 ]]
[[ 0.00305122  0.00170857  0.00192335]]
[[ 0.00455362  0.00173444 -0.0013211 ]]
[[ 0.00015604  0.00171836  0.00102896]]
[[ 0.00095772  0.00124086  0.00175919]]
[[-0.00093718  0.00119322  0.00175411]]
[[-0.00141394  0.00241462  0.00396761]]
[[  8.54344817e-05   4.28922913e-04   9.31596178e-04]]
[[ 0.00043446  0.0002515   0.00148045]]
[[ 0.00033001 -0.00052494  0.00056532]]
[[-0.00065023 -0.00132714 -0.00010017]]
[[ 0.00054649 -0.00026884  0.00040069]]
[[ 0.0008654  -0.00010557  0.0008578 ]]
[[-0.00010613 -0.00067431  0.00036834]]
[[ 0.00087942 -0.00028258  0.0006908 ]]
[[  1.19606457e-03  -8.21379663e-04  -1.54699036e-05]]
[[ 0.00143241 -0.00022591  0.00113181]]
[[ 0.00012765 -0.00227539 -0.00103862]]
[[ 0.00082417 -0.00150011 -0.00078683]]
[[ 0.00199938 -0.00080356 -0.00317697]]
[[-0.00091051 -0.00086095 -0.00358556]]
[[-0.00206375 -0.002731   -0.00129183]]
[[-0.00107498 -0.00147365  0.0004162 ]]
[[  6.17397625e-05  -1.22909186e-03   5.40910361e-04]]
[[ 0.00078219 -0.00186516  0.00104354]]
[[ 0.00044979 -0.00282764 -0.00021068]]
[[-0.00107236 -0.00343479 -0.00240444]]
[[ 0.00014507  0.00144194 -0.00605924]]
[[ 0.00060677 -0.00180631  0.00040115]]
[[  2.96127721e-05  -7.06169076e-04   1.31679828e-04]]
[[ 0.00083947 -0.00073484  0.00020432]]
[[ 0.00035927 -0.00063244 -0.00051258]]
[[ 0.00075954 -0.00163152 -0.0003569 ]]
[[ -3.89647671e-05  -1.09639484e-03  -6.08603559e-04]]
[[-0.00010099 -0.0020349  -0.00022076]]
[[ -5.16824476e-04  -9.01814361e-04  -1.07644468e-05]]
[[-0.0010249  -0.00083483  0.00012215]]
[[ 0.00152831 -0.00068897  0.0009624 ]]
[[ 0.00119915 -0.00179701 -0.00052384]]
[[-0.00135312 -0.00308036 -0.000457  ]]
[[ 0.0013267  -0.00129497  0.00081125]]
[[ -7.29160137e-05  -4.80246916e-04  -4.57984248e-05]]
[[  2.65005379e-04  -6.63756081e-04   1.47719954e-05]]
[[  3.49771983e-04  -1.06102936e-03  -8.65469792e-05]]
[[  1.38178174e-03  -5.91030575e-05   6.03649689e-04]]
[[  9.77584010e-05  -4.45320311e-04  -4.39938196e-04]]
[[ 0.00034839 -0.00059865 -0.00026581]]
[[  4.18018669e-05  -2.74846970e-03  -1.47643314e-03]]
[[ 0.00148349 -0.00091507 -0.00019505]]
[[ 0.00017027 -0.00095395 -0.00029224]]
[[-0.00027335 -0.00069301 -0.00053021]]
[[-0.00142948 -0.00325575 -0.00051687]]
[[ 0.00038979 -0.00180523 -0.00015226]]
[[ -9.01980878e-05  -8.92376171e-04   1.42904077e-05]]
[[-0.00055979 -0.00057807 -0.00016335]]
[[ -4.39725939e-04  -8.68803061e-04   9.80916786e-05]]
[[-0.00043485  0.00507178  0.00511393]]
[[-0.00672575  0.00714052  0.00303285]]
[[ -5.83949217e-03   2.82723242e-03   8.31786623e-05]]
[[-0.00520909  0.00222366 -0.00230673]]
[[-0.007043    0.00361108  0.0004231 ]]
[[-0.01106649  0.00581483  0.00171931]]
[[-0.00910225  0.00766749  0.00214015]]
[[ 0.00112442 -0.00193535  0.00119789]]
[[-0.00232854  0.00123449 -0.00353513]]
[[-0.00224377  0.0008351  -0.00612133]]
[[ 0.00070328  0.00072783 -0.0053359 ]]
[[ 0.00041213 -0.00088739 -0.00468539]]
[[-0.00072688  0.0003569  -0.00437898]]
[[-0.00097991 -0.00048462 -0.00389782]]
[[-0.00067864  0.00069476 -0.00318284]]
[[-0.0001878  -0.0007946  -0.00193407]]
[[-0.00243169 -0.00134492  0.00210754]]
[[-0.00535656  0.00199711 -0.00011793]]
[[-0.01134614  0.0062105   0.00203148]]
[[-0.00404675  0.00123383 -0.00511369]]
[[-0.00226333  0.00137596 -0.00222721]]
[[-0.00365117  0.00037275 -0.00802301]]
[[ 0.00044929  0.00081047 -0.00687452]]
[[ 0.00084942  0.00166475 -0.00465066]]
[[  6.42522775e-04   7.24159678e-05  -4.62387459e-03]]
[[ 0.00058092 -0.00136915 -0.00502545]]
[[ 0.00166847 -0.00184861 -0.00316614]]
[[-0.0014044   0.00094023 -0.0049593 ]]
[[-0.00145015  0.00047424 -0.00483931]]
[[ 0.00104019 -0.00088474 -0.00288252]]
[[-0.00173945 -0.00172581 -0.00437792]]
[[-0.00219717  0.00166763 -0.00353203]]
[[-0.00139465  0.00135508 -0.00254032]]
[[ 0.00193574 -0.00166698 -0.00083776]]
[[ -5.64052290e-05  -2.19656886e-03  -2.99315012e-03]]
[[ 0.00019817  0.0001194  -0.00132675]]
[[ 0.00140381 -0.00545205 -0.00311175]]
[[ 0.00544166 -0.00943497 -0.00025931]]
[[ 0.00297847 -0.00654505  0.00185628]]
[[ 0.00166849 -0.00467233  0.00284612]]
[[ 0.00173732 -0.00522729 -0.00016284]]
[[ 0.00417745 -0.0070822  -0.00031107]]
[[ 0.00590751 -0.00846171 -0.00071327]]
[[-0.00275048  0.00149628  0.00115264]]
[[-0.00053428 -0.00406954  0.00299893]]
[[ 0.00058298 -0.00213952  0.00515119]]
[[-0.00240577 -0.00143919  0.00458636]]
[[-0.00180315  0.0003905   0.00458178]]
[[-0.00060828 -0.00075666  0.00407973]]
[[ 0.00060793  0.00128205  0.00333255]]
[[ 0.00043896 -0.00042128  0.00187389]]
[[ 0.00075596  0.0016346   0.00064627]]
[[ 0.0017198  -0.00606149  0.00244975]]
[[-0.00101919 -0.00449537  0.00041518]]
[[-0.00038797 -0.00868455 -0.00094106]]
[[ 0.00106663 -0.00552022  0.00337738]]
[[-0.00139997 -0.00304905  0.00157593]]
[[ 0.00212014 -0.00251032  0.00693719]]
[[-0.00139827 -0.00192277  0.00606874]]
[[-0.00138699 -0.00207595  0.00398464]]
[[-0.00278857 -0.00134715  0.00394233]]
[[-0.00191573  0.00040435  0.00479435]]
[[-0.00285224  0.00137361  0.00383568]]
[[-0.00026722 -0.00185047  0.00426104]]
[[-0.00027663 -0.00026591  0.00445583]]
[[ -9.26481200e-05   2.68593393e-03   3.50985056e-03]]
[[ 0.0016827   0.00093402  0.00373441]]
[[ 0.00176396 -0.00187021  0.00183304]]
[[ 0.00059898 -0.00049768  0.00114634]]
[[ -7.24923195e-04   3.12801967e-03  -8.05524124e-05]]
[[ 0.00089452  0.00227257  0.00191672]]
[[ 0.00029351  0.00073801 -0.00042011]]
[[-0.00345101  0.00900874 -0.00771194]]
[[ 0.00192294  0.00770944 -0.0024485 ]]
[[ 0.00132881  0.00458966  0.00243218]]
[[ 0.00181451  0.00309249  0.00520967]]
[[ 0.00284734  0.00268298  0.00248881]]
[[  4.75975383e-03   3.61333655e-03   5.87469645e-05]]
[[ 0.00476547  0.00572289 -0.00365356]]
[[-0.00307025  0.00372157 -0.0065086 ]]
[[ 0.00041835  0.00149803  0.00588769]]
[[ 0.00054087  0.00218488  0.0082874 ]]
[[-0.00183212  0.00199796  0.00762198]]
[[ -1.79697333e-03   2.07204624e-05   6.50093575e-03]]
[[-0.00010399 -0.00060208  0.00620942]]
[[-0.00011586 -0.00236655  0.00490305]]
[[-0.00033107 -0.00163593  0.0037677 ]]
[[-0.00088544 -0.00231252  0.00233937]]
[[-0.00225135  0.00208218 -0.00024526]]
[[ 0.00074278  0.00231691  0.00336126]]
[[ 0.00073372  0.00465058 -0.00108292]]
[[ -1.41078931e-07   9.16544848e-04   6.45277938e-03]]
[[ 0.00043795  0.00130791  0.00519814]]
[[ 0.00197142  0.00262211  0.00988153]]
[[-0.00058909  0.00248348  0.00879803]]
[[-0.00261167  0.00298828  0.00617801]]
[[-0.00130201  0.0017769   0.00726101]]
[[-0.0022908   0.00032796  0.00677421]]
[[-0.00273509 -0.00068863  0.00656338]]
[[-0.00018554 -0.00072793  0.00472831]]
[[ 0.00131704 -0.00035388  0.00660961]]
[[-0.00076406 -0.00356217  0.00547478]]
[[ 0.00041076 -0.00200037  0.00538769]]
[[-0.00027378 -0.00147012  0.00353558]]
[[ 0.0007246  -0.00115472  0.00283488]]
[[-0.00170987 -0.00373485  0.00126264]]
[[-0.00111008 -0.00277114  0.00319894]]
[[-0.00115477 -0.00098699  0.00159476]]
[[-0.00073739 -0.00418791 -0.00036327]]
[[-0.0057716   0.00018762 -0.00120045]]
[[-0.00472471  0.00200534 -0.00189131]]
[[-0.00311882  0.00357363 -0.00324019]]
[[-0.00217464  0.00254029  0.00026945]]
[[-0.00332238  0.00173383 -0.00087547]]
[[-0.00556639  0.00218743 -0.00370771]]
[[  2.74390475e-05   2.80720734e-03  -5.20672034e-03]]
[[-0.0009639   0.0019712  -0.00418486]]
[[-0.00250891  0.00180664 -0.0067884 ]]
[[ 0.00102318 -0.00062461 -0.00601822]]
[[ 0.00023122  0.00056147 -0.0063631 ]]
[[-0.00058405 -0.00034867 -0.00589405]]
[[-0.00133364  0.00151352 -0.00481666]]
[[-0.00116714 -0.00046051 -0.00342501]]
[[-0.00094446  0.00064686 -0.00223604]]
[[-0.00180903  0.00297835  0.00026938]]
[[ 0.00019802  0.0009499  -0.00072659]]
[[ 0.00054814 -0.0025983  -0.00026503]]
[[-0.00174661  0.00167329 -0.00702447]]
[[-0.00049119  0.00151338 -0.00327895]]
[[-0.00503847  0.00083002 -0.00878227]]
[[-0.00150874  0.00309345 -0.00430187]]
[[ 0.00162435 -0.00174615 -0.00601848]]
[[ 0.00132463 -0.00025608 -0.0056226 ]]
[[ -9.28845618e-06   7.81691036e-04  -7.09638641e-03]]
[[ 0.00106951  0.00135999 -0.00596857]]
[[-0.00118083 -0.00130605 -0.00594149]]
[[-0.00126695 -0.00010271 -0.00623176]]
[[-0.00105686  0.0029141  -0.00467225]]
[[-0.00213566  0.00186561 -0.00525391]]
[[-0.00219045 -0.00170256 -0.00368462]]
[[-0.00169797 -0.0005728  -0.00264342]]
[[-0.00072763  0.00161876 -0.00147007]]
[[-0.00083888  0.00116617 -0.00319549]]
[[-0.00022234 -0.00032941 -0.00159611]]
[[ 0.00350673  0.00087833  0.0007376 ]]
[[ 0.00116939 -0.00179407  0.00186557]]
[[-0.00014871 -0.0029657   0.00140159]]
[[ -6.80461213e-04  -2.01821592e-03   3.90808736e-05]]
[[-0.00087164 -0.00124691  0.00011146]]
[[-0.00054565 -0.00092721  0.00052422]]
[[-0.00011339 -0.00095996  0.00098572]]
[[ 0.00018435  0.00085985  0.00062   ]]
[[-0.00091262 -0.00243432 -0.00080172]]
[[-0.00012878 -0.00108579 -0.00084565]]
[[-0.00053844 -0.00012482 -0.00067538]]
[[ -6.07501830e-04  -2.91581123e-04  -5.48417594e-05]]
[[-0.001459   -0.00056528 -0.0003052 ]]
[[-0.00127334 -0.00028465 -0.00010151]]
[[ -2.18979833e-03   1.65185780e-05  -3.20046735e-04]]
[[-0.00138158  0.00039415  0.00118982]]
[[ 0.00212948 -0.00626765  0.00432422]]
[[-0.00084457 -0.0008896  -0.00031879]]
[[-0.00066858 -0.00067074  0.00037753]]
[[-0.00132563 -0.00359327 -0.00208961]]
[[-0.00132892 -0.00127217 -0.00113373]]
[[ 0.00013267 -0.00161384 -0.0006692 ]]
[[-0.0002974  -0.00100124 -0.00031916]]
[[ 0.00051518  0.00031003 -0.00060656]]
[[-0.00080711 -0.00034121 -0.00089233]]
[[-0.00056731 -0.00039395  0.00031593]]
[[ -6.03306598e-04  -3.26533606e-04  -5.61268397e-05]]
[[-0.00160967 -0.0008995  -0.00022198]]
[[-0.00171492 -0.00020215 -0.00080959]]
[[-0.00110203 -0.00018171  0.00023836]]
[[ -1.09278163e-03  -8.60927058e-04   8.98411854e-05]]
[[-0.00165936 -0.00034699 -0.00086448]]
[[-0.00233248  0.00047129 -0.00131371]]
[[-0.00155818  0.00061995  0.00143019]]
[[-0.00078071  0.0002101   0.00074643]]
[[-0.00187865  0.00123316  0.0025091 ]]
[[-0.00023988  0.00012001  0.00058587]]
[[-0.000492    0.00065771  0.00036453]]
[[-0.00063509  0.00045933  0.00016309]]
[[-0.00130549  0.00049897  0.00024193]]
[[-0.00296283  0.00051472 -0.00046131]]
[[-0.00452595  0.00079655  0.00013514]]
[[-0.00128364  0.00128386 -0.00012994]]
[[  7.09097405e-05  -1.07897962e-04   1.06099742e-03]]
[[-0.00090331  0.00032944  0.00014037]]
[[-0.00055812  0.00048214  0.00010691]]
[[-0.00089662  0.00010239  0.00021214]]
[[-0.00056015  0.00046677  0.00072607]]
[[-0.00044654  0.00080611  0.00081085]]
[[ 0.00020962  0.0017738   0.00074065]]
[[ 0.00017286  0.0011273   0.00017062]]
[[  4.90996081e-04   1.14862076e-03   6.73636747e-05]]
[[-0.00043117  0.00026938  0.00024932]]
[[-0.00418063 -0.00094527  0.00018433]]
[[-0.00919502 -0.00065613 -0.00030327]]
[[-0.00061567  0.0001537   0.00028022]]
[[-0.00117828  0.00018558  0.00026208]]
[[-0.00041402  0.00034816  0.00012275]]
[[ -9.18128240e-05   7.19302088e-04  -5.70242209e-04]]
[[-0.00051489  0.00013803  0.00037473]]
[[-0.00107045 -0.00054427  0.00026222]]
[[-0.0002887   0.00032371  0.00056815]]
[[-0.00074845  0.00062919  0.00123938]]
[[-0.00027276  0.00073093  0.00052522]]
[[-0.00066014  0.00077266  0.00090004]]
[[ 0.00115486  0.00276705  0.00153516]]
[[ 0.00051004  0.00077975  0.00075934]]
[[  5.82408590e-05   9.99366488e-04   2.07077880e-04]]
[[ -6.01657870e-06   1.17228846e-03   4.68126288e-05]]
[[  1.16768520e-03   1.80034854e-03  -2.88221619e-05]]
[[ 0.00063376  0.00060755  0.00025171]]
[[ 0.0002759   0.00076696 -0.00027556]]
[[-0.00128055  0.00158324 -0.00301358]]
[[-0.000491    0.00563222 -0.00140968]]
[[-0.0012161   0.00411467  0.00104865]]
[[ 0.0001608   0.00372634  0.00198816]]
[[ 0.00251856  0.00343494  0.00191297]]
[[ 0.00423949  0.0041697  -0.00047309]]
[[ 0.00228449  0.00592862 -0.00388689]]
[[-0.00151413 -0.00063263 -0.00456073]]
[[-0.00022221  0.00194801  0.00192544]]
[[-0.00114871  0.00176734  0.001804  ]]
[[-0.00095188  0.00039235  0.00156806]]
[[-0.00086067 -0.00062518  0.0008894 ]]
[[-0.00070116 -0.00011457  0.0006573 ]]
[[-0.00063302 -0.00043653  0.00076499]]
[[-0.00093267 -0.00046154  0.00055966]]
[[-0.00092678 -0.00108005  0.00014682]]
[[-0.0020044   0.00265299  0.00086884]]
[[ 0.00253544  0.00177866  0.00186341]]
[[ 0.00405214  0.00181668 -0.00116809]]
[[-0.00039231  0.00183394  0.00110241]]
[[ 0.00022733  0.00133381  0.00162877]]
[[-0.00168365  0.00122859  0.00182944]]
[[-0.00204857  0.00246859  0.00404203]]
[[-0.0006642   0.00057161  0.00103703]]
[[-0.00061479  0.00036188  0.00125047]]
[[-0.00066093 -0.00046807  0.00072533]]
[[ -1.53869509e-03  -1.27336530e-03   4.13826853e-05]]
[[ -5.45106214e-04  -3.19365750e-05   6.32133674e-04]]
[[ -6.82253576e-04   2.49324949e-05   5.77726853e-04]]
[[-0.00140491 -0.0005715   0.00069685]]
[[-0.00050201 -0.00019353  0.00109753]]
[[-0.00054982 -0.00039982  0.00045125]]
[[-0.00084531 -0.00016562  0.00031243]]
[[-0.00203731 -0.00163872 -0.00022211]]
[[-0.00096442 -0.00135942  0.0003066 ]]
[[-0.00065656 -0.00073909 -0.00012148]]
[[-0.00138177 -0.00083829 -0.00332865]]
[[-0.00258025 -0.00268686 -0.00097371]]
[[-0.00169617 -0.00138013  0.00073319]]
[[-0.00057491 -0.00118464  0.0008209 ]]
[[ 0.00017001 -0.00178977  0.0012175 ]]
[[ -1.07021857e-04  -2.74795769e-03   4.99084508e-06]]
[[-0.00157828 -0.00339014 -0.00218883]]
[[-0.00030903  0.00147589 -0.00583796]]
[[-0.00017387 -0.00182459  0.00062504]]
[[-0.00071975 -0.00072768  0.00048128]]
[[-0.00016407 -0.00077422  0.00058688]]
[[ -5.76992817e-04  -6.74306311e-04   9.84907288e-05]]
[[-0.00051246 -0.00167598  0.00028937]]
[[-0.00122043 -0.0011837   0.00038768]]
[[-0.00203534 -0.00216751  0.0007685 ]]
[[-0.00195671 -0.00089691  0.00229925]]
[[-0.00168066 -0.00074973  0.00047551]]
[[ 0.00090449 -0.0006692   0.00102233]]
[[ 0.00061925 -0.00172548 -0.00032816]]
[[-0.0020268  -0.00308542 -0.00019179]]
[[ 0.00045395 -0.00129102  0.00089099]]
[[-0.00082047 -0.00048542  0.00029805]]
[[-0.00042557 -0.00065828  0.00037802]]
[[-0.00050053 -0.00107784  0.00034929]]
[[  2.45241892e-04  -7.63444835e-05   7.92535437e-04]]
[[-0.00078307 -0.00044079  0.00014406]]
[[-0.00051975 -0.00062744  0.00035165]]
[[-0.00105062 -0.00273616 -0.00076411]]
[[  1.57461726e-05  -9.84823960e-04   2.08948800e-04]]
[[-0.00093249 -0.00103379  0.00073508]]
[[-0.00131409 -0.00069513  0.00045342]]
[[-0.00294527 -0.00317494  0.00051138]]
[[ -1.45573025e-03  -2.10430413e-03  -1.10113855e-05]]
[[-0.00160605 -0.00100674  0.0019918 ]]
[[-0.00147876 -0.00062807  0.00153895]]
[[-0.0024004  -0.00119036  0.0037886 ]]
[[ 0.00344465  0.00524033  0.00317462]]
[[ 0.00076167  0.00551662  0.00237465]]
[[ 0.00073251  0.0027832  -0.00068129]]
[[-0.0004576   0.00310355 -0.00324334]]
[[-0.00147181  0.00336567 -0.00197045]]
[[-0.00169118  0.00415487  0.00048314]]
[[-0.00259441  0.00579611  0.00471604]]
[[ 0.00015029  0.00284508  0.00448261]]
[[-0.00038014  0.00109581 -0.00390626]]
[[ 0.00087728  0.00221859 -0.0044752 ]]
[[ 0.00147055  0.00164943 -0.00420357]]
[[ 0.00099021 -0.0001372  -0.00385449]]
[[ 0.00074305 -0.00070073 -0.00380758]]
[[ 0.00035677 -0.00222567 -0.00373698]]
[[ 0.00091111 -0.00173812 -0.00288334]]
[[ 0.00110317 -0.00222589 -0.00193726]]
[[ 0.00362637 -0.00136952  0.00222176]]
[[-0.00028932  0.00350249 -0.00292095]]
[[ 0.00279354  0.00350589  0.00170846]]
[[-0.00057619  0.00025505 -0.00431298]]
[[-0.00091784  0.00129883 -0.00391468]]
[[ 0.00116875  0.00130791 -0.00466317]]
[[ 0.00134832  0.00318224 -0.00568096]]
[[ 0.00199798  0.00247035 -0.00330551]]
[[ 0.00100553  0.00156591 -0.00382561]]
[[ 0.00039487  0.00022775 -0.00361989]]
[[ 0.00203404 -0.00079455 -0.00387409]]
[[ 0.00021761 -0.00066517 -0.00289973]]
[[ 0.00059648 -0.0005919  -0.00378285]]
[[ 0.00037407 -0.0032818  -0.00458868]]
[[  8.26931037e-05  -1.29360048e-03  -4.25765891e-03]]
[[ 0.00069013 -0.00163846 -0.00279943]]
[[ 0.00050697 -0.00143018 -0.00218874]]
[[ 0.00139675 -0.00354227 -0.00122959]]
[[ 0.00130144 -0.00201443 -0.00228382]]
[[ 0.00112997 -0.00109593 -0.00136935]]
[[-0.00420784  0.00117726  0.00354949]]
[[-0.0007468   0.00232037  0.00056611]]
[[-0.00048834  0.00427172 -0.00041942]]
[[-0.00173597  0.0034965   0.00124296]]
[[-0.00355502  0.0020546  -0.00046063]]
[[-0.00499942  0.00122193  0.00058673]]
[[-0.00097573  0.0013622   0.00186186]]
[[-0.00137542  0.00286929  0.00632012]]
[[-0.00188573  0.00313299  0.00219993]]
[[-0.00183304  0.00247596  0.00254585]]
[[-0.0026893   0.00065226  0.00246461]]
[[-0.00192591  0.00092255  0.00298569]]
[[ -1.57248886e-03   4.99727777e-05   3.00304345e-03]]
[[-0.00044052  0.00129236  0.00290172]]
[[-0.00033965 -0.00074279  0.00188707]]
[[  1.64140070e-06   7.73384634e-05   1.17273117e-03]]
[[-0.00288554  0.00833563 -0.00271159]]
[[-0.00549684  0.00149585  0.00072683]]
[[-0.01024918  0.00073558  0.00034722]]
[[ 0.00066275  0.00331266  0.00499234]]
[[-0.00235361  0.00193754  0.00224506]]
[[-0.00182049  0.00297933  0.0025029 ]]
[[-0.00116663  0.00282839  0.00108505]]
[[-0.00281367  0.00010986  0.00330816]]
[[-0.00301933  0.00056001  0.00218517]]
[[-0.00144544  0.00098774  0.00235134]]
[[-0.00188736  0.00129354  0.00297264]]
[[-0.00035733 -0.0009281   0.00407027]]
[[-0.00222881  0.00024135  0.00303837]]
[[ 0.00032557  0.00241947  0.0030181 ]]
[[ -9.86333502e-05   1.10630677e-03   2.69865681e-03]]
[[ 0.00090319 -0.00213268  0.00266166]]
[[-0.00069809 -0.00071816  0.00145347]]
[[ 0.00050808  0.00068729  0.00069729]]
[[ -1.13045434e-04  -7.45836423e-05   1.36869499e-03]]
[[-0.00020692 -0.00069735  0.00077486]]
[[-0.00168928  0.00356899 -0.00255494]]
[[-0.00109207  0.00756416 -0.00067925]]
[[-0.00205719  0.00587843  0.00183993]]
[[-0.00065203  0.00565851  0.00294231]]
[[ 0.00167366  0.00560976  0.00257568]]
[[ 0.00331747  0.00656494  0.00015867]]
[[ 0.00170824  0.00812063 -0.00349177]]
[[-0.00180616  0.00163067 -0.0043821 ]]
[[-0.00082048  0.00369052  0.00281867]]
[[-0.00184475  0.0035291   0.00282465]]
[[-0.00160508  0.00160045  0.002759  ]]
[[-0.00157177  0.00041163  0.0020851 ]]
[[-0.00132578  0.00053441  0.00190951]]
[[-0.00129373 -0.00012111  0.00185564]]
[[-0.00148949 -0.00030841  0.0015608 ]]
[[-0.00145143 -0.00123371  0.00093275]]
[[-0.0028878   0.00434514  0.00162854]]
[[ 0.00186264  0.00429186  0.00242483]]
[[ 0.00325077  0.00477527 -0.00066281]]
[[-0.00082821  0.00377782  0.00189055]]
[[-0.00040618  0.00297977  0.00251084]]
[[-0.00245818  0.00255268  0.00271748]]
[[-0.00293551  0.00478026  0.00528764]]
[[-0.00121071  0.00194288  0.00199118]]
[[-0.00123274  0.00143204  0.00241092]]
[[-0.0014393   0.00038333  0.00183794]]
[[ -2.37608883e-03   5.46448214e-05   1.48914952e-03]]
[[-0.00109994  0.00072743  0.00158507]]
[[-0.00120638  0.00052609  0.00175011]]
[[-0.00216551 -0.0002344   0.00202588]]
[[-0.00120299  0.00010571  0.0021411 ]]
[[-0.00101799 -0.00014844  0.00121195]]
[[ -1.28714202e-03  -8.79902510e-05   1.19406559e-03]]
[[-0.00262991 -0.00201451  0.00062974]]
[[-0.00152723 -0.00149229  0.0010131 ]]
[[-0.00108047 -0.00078837  0.00066422]]
[[-0.00143432  0.00238991 -0.00341767]]
[[-0.00250715  0.00010071 -0.00153516]]
[[-0.00157882  0.00127878 -0.00034501]]
[[-0.00025605  0.00120698 -0.00066933]]
[[ 0.00018284  0.00037564  0.00034347]]
[[-0.0003527  -0.00051926 -0.00040132]]
[[-0.00173285 -0.00094483 -0.0024029 ]]
[[-0.00062255  0.00388877 -0.00552824]]
[[ 0.00062551  0.00063073 -0.0010442 ]]
[[ 0.00023015  0.00109745 -0.0014725 ]]
[[ 0.00112967  0.00068973 -0.00149907]]
[[ 0.00077043  0.00035604 -0.00215026]]
[[ 0.00113007 -0.00114077 -0.00192119]]
[[ 0.00041847 -0.00078653 -0.00194133]]
[[ 0.00030439 -0.00219784 -0.00134574]]
[[-0.00013458 -0.00101271 -0.00091613]]
[[-0.00133984  0.0024037  -0.00100334]]
[[  9.68284061e-04   1.45120761e-03   2.38446892e-05]]
[[ 0.00032197  0.00045647 -0.00038229]]
[[ -1.12146901e-03  -2.82971496e-06  -2.34801753e-03]]
[[ 0.00108795  0.00063948 -0.00075526]]
[[ -3.42048962e-06   1.26186471e-03  -1.70171692e-03]]
[[ 0.00040832  0.0013452  -0.00113291]]
[[ 0.00075416  0.00069147 -0.00216679]]
[[ 0.00142935  0.00101238 -0.00114139]]
[[ 0.00039986  0.00052428 -0.00209054]]
[[ 0.00069023  0.00057895 -0.00151888]]
[[ 0.00052604 -0.0022164  -0.00332774]]
[[ 0.00168076 -0.00055688 -0.00172535]]
[[ 0.00054607 -0.00049404 -0.00135521]]
[[ 0.00013237 -0.00040617 -0.00186505]]
[[-0.00095158 -0.00363895 -0.00173008]]
[[ 0.00066691 -0.00188865 -0.00115347]]
[[ 0.00024422 -0.00088216 -0.00068675]]
[[-0.00018736 -0.00070561 -0.00098519]]
[[ -8.71465954e-05  -1.22311864e-03  -8.30854418e-04]]
[[ 0.00214709 -0.00285867 -0.00691621]]
[[-0.00133714 -0.0019956  -0.00390724]]
[[-0.00196138 -0.00385112 -0.00182036]]
[[-0.00016197 -0.00264476 -0.00283948]]
[[ 0.00189344 -0.0010174  -0.00054381]]
[[ 0.00172588 -0.00010171 -0.00289893]]
[[-0.00132504 -0.00078915 -0.0065238 ]]
[[ 0.00131557 -0.00367609 -0.00998066]]
[[ 0.00078628 -0.0019715  -0.00316374]]
[[ 0.00033479 -0.00237063 -0.00405043]]
[[ 0.00138567 -0.00071729 -0.00417999]]
[[ 0.0005746  -0.00113729 -0.00469222]]
[[-0.00064773 -0.00035127 -0.00475832]]
[[-0.00110127 -0.00151634 -0.00362045]]
[[-0.00144805  0.00033519 -0.00241845]]
[[-0.00122758 -0.00041256 -0.00124608]]
[[-0.00016688 -0.0081769   0.00088411]]
[[ 0.00440133 -0.00057469 -0.00095613]]
[[ 0.00623329  0.00259759 -0.00293296]]
[[-0.0028016  -0.00152976 -0.00572463]]
[[ 0.0015412  -0.00042463 -0.00241796]]
[[ -3.72856794e-05  -3.61297410e-03  -4.27192313e-03]]
[[ 0.0005964  -0.00289642 -0.0022576 ]]
[[ 0.00104605 -0.00026472 -0.00508124]]
[[  1.77809159e-03  -8.30385655e-05  -4.42095146e-03]]
[[ -1.16629282e-05  -1.57208071e-03  -4.15140875e-03]]
[[ 0.00098635 -0.00157185 -0.00437253]]
[[-0.00126427  0.00030628 -0.00532747]]
[[-0.00125536 -0.00031625 -0.00526492]]
[[-0.00156999 -0.00269554 -0.00368621]]
[[-0.001332   -0.00143242 -0.00365676]]
[[-0.00232934  0.00137413 -0.00283645]]
[[-0.00188718  0.00042025 -0.00192134]]
[[-0.00156389 -0.00110792 -0.00077606]]
[[-0.00111607 -0.0003291  -0.00171888]]
[[-0.00075328  0.0003036  -0.00068208]]
[[ 0.00107162 -0.0080994  -0.0102556 ]]
[[ 0.00422451 -0.00731956 -0.00449213]]
[[ 0.00428949 -0.00395481  0.00124633]]
[[ 0.00355562 -0.00353143  0.00515465]]
[[ 0.00364516 -0.00375808  0.00297499]]
[[ 0.0027519  -0.00537538 -0.00038464]]
[[ 0.00480485 -0.00649926 -0.00709756]]
[[  3.82886124e-05  -2.76213522e-03  -1.03827575e-02]]
[[ 0.00274353 -0.00154969  0.00608365]]
[[ 0.00279765 -0.00163631  0.00860764]]
[[-0.00045451 -0.00145568  0.007674  ]]
[[-0.00027647  0.0010513   0.00708673]]
[[-0.00037871  0.00098108  0.00643967]]
[[ 0.00017471  0.00270667  0.00618923]]
[[ -7.45657089e-05   1.71297274e-03   5.32396926e-03]]
[[-0.00051546  0.00209369  0.00359539]]
[[ 0.00145743 -0.0010383  -0.00082552]]
[[ 0.00217522 -0.00407595  0.00435514]]
[[-0.00207372 -0.00556679 -0.00110421]]
[[ 0.00244294 -0.00089611  0.00622852]]
[[ 0.00312545 -0.00146388  0.00609707]]
[[ 0.00481904 -0.00173252  0.01065318]]
[[ 0.00032323 -0.00160551  0.00893888]]
[[-0.00112213 -0.00251508  0.00621612]]
[[ 0.0003565  -0.00120088  0.00674185]]
[[  6.72850099e-06   7.99045039e-04   8.26358842e-03]]
[[-0.00197166  0.00239866  0.00662157]]
[[ -5.62517355e-05   8.71634201e-04   5.32241830e-03]]
[[  6.25907063e-05   8.94739809e-04   6.31527948e-03]]
[[-0.00036281  0.00407307  0.00627725]]
[[ 0.00105578  0.00227175  0.0069663 ]]
[[-0.00025728  0.00174983  0.00507906]]
[[ 0.00032754  0.00119678  0.00545253]]
[[-0.00119945  0.00336326  0.00222903]]
[[-0.0008833   0.00265225  0.00430775]]
[[-0.00023744  0.00015659  0.00245451]]
[[ 0.0042982   0.00483318 -0.01202466]]
[[ 0.00681306  0.00761489 -0.00511986]]
[[ 0.00638138  0.00528358  0.00048033]]
[[ 0.00574004  0.00415205  0.00316343]]
[[ 0.00711131  0.00323149  0.00164479]]
[[ 0.0085482   0.00398771 -0.00201536]]
[[ 0.00724909  0.0061499  -0.00737717]]
[[ 0.00029203 -0.00021325 -0.01157124]]
[[ 0.004225    0.00281232  0.0038475 ]]
[[ 0.00459237  0.00237589  0.0064136 ]]
[[ 0.00148395  0.00110476  0.00572659]]
[[  1.00159770e-03  -9.12179397e-05   5.25971702e-03]]
[[ 0.00042477  0.00034586  0.00470473]]
[[ 0.00069037 -0.00031086  0.00496703]]
[[ 0.0004225  -0.00042708  0.00481773]]
[[ 0.00050034 -0.0014937   0.00377221]]
[[ 0.00577469  0.00509245  0.00136343]]
[[ 0.00631356  0.0016708   0.00251643]]
[[ 0.0079311   0.00142466 -0.00286223]]
[[ 0.00295264  0.00280314  0.0029077 ]]
[[ 0.00446638  0.00147925  0.00370256]]
[[ 0.00661538  0.00289661  0.00855661]]
[[ 0.00197703  0.00252222  0.00761368]]
[[ 0.00120058  0.00143274  0.00444736]]
[[ 0.00231141  0.00053729  0.00483551]]
[[  8.70053417e-04  -2.64055366e-06   6.67405284e-03]]
[[-0.00029548 -0.00090015  0.00417698]]
[[ 0.00012741  0.00041833  0.0040352 ]]
[[ 0.00090631  0.00014328  0.00451254]]
[[-0.00084329 -0.00061441  0.0045672 ]]
[[ 0.00172393 -0.00044661  0.00563674]]
[[ 0.0002613  -0.00049568  0.00395674]]
[[ 0.00068233 -0.0002695   0.00532017]]
[[-0.00114343 -0.00258162  0.00338806]]
[[ 0.00065646 -0.00213339  0.00439222]]
[[ 0.0007996  -0.00030107  0.00284935]]
[[ 0.00026474 -0.00062692 -0.00677101]]
[[-0.00221108 -0.00246573 -0.00470006]]
[[-0.00140605 -0.0012921  -0.00218778]]
[[-0.00082414 -0.00090922 -0.00135603]]
[[-0.00100835 -0.00180798 -0.00037157]]
[[-0.00339638 -0.00291425 -0.0028469 ]]
[[-0.00270644 -0.00307885 -0.00779413]]
[[ 0.00228505  0.00197715 -0.0105401 ]]
[[ 0.00056743 -0.00179928 -0.00107782]]
[[-0.000177   -0.00071363 -0.00170937]]
[[ 0.00028873 -0.0007957  -0.00187271]]
[[-0.0004901  -0.00068361 -0.00243921]]
[[-0.00145107 -0.00160237 -0.00239967]]
[[-0.00163623 -0.00118552 -0.00147005]]
[[-0.00207508 -0.00205469 -0.00082682]]
[[ -1.83400167e-03  -9.48297797e-04   3.51047118e-05]]
[[-0.00097197 -0.00068218 -0.00187722]]
[[-0.00018856 -0.00079347  0.00043317]]
[[-0.00410295 -0.00469547 -0.00348745]]
[[-0.00147817 -0.00307775 -0.00217624]]
[[  1.25781286e-03  -1.63251953e-03   7.74330394e-05]]
[[-0.00053461 -0.00035456 -0.00187267]]
[[ 0.00028885 -0.00061175 -0.00153389]]
[[ -6.82345492e-05  -1.06383310e-03  -2.10956968e-03]]
[[ 0.00092909 -0.00034895 -0.00221031]]
[[-0.00093436 -0.00037392 -0.00214534]]
[[-0.0003498  -0.00063821 -0.00195939]]
[[-0.00140592 -0.0024346  -0.00295642]]
[[-0.00204771 -0.00096235 -0.00292519]]
[[-0.00118785 -0.00104985 -0.00108062]]
[[-0.00176015 -0.00065328 -0.00155508]]
[[-0.00294252 -0.00305715 -0.00080616]]
[[-0.00250662 -0.00181173 -0.00063618]]
[[ -1.25700187e-03  -9.32584192e-04   6.40137884e-05]]
[[-0.00183027 -0.00057764 -0.00047332]]
[[-0.00146717 -0.00088223  0.00040083]]
