[[-0.0051588   0.00328487  0.00878552]]
[[-0.00820134 -0.0009516   0.00442053]]
[[-0.00949222 -0.00296555  0.00066846]]
[[-0.0074712  -0.00285782 -0.0024178 ]]
[[-0.00647662 -0.00268642 -0.00047424]]
[[-0.00606916 -0.00243517  0.00132714]]
[[-0.00676975 -0.00209358  0.00364327]]
[[ -4.08332788e-03   7.66844440e-05   7.30268311e-03]]
[[-0.00590926 -0.00285297 -0.00382764]]
[[-0.00659787 -0.00211932 -0.00696976]]
[[-0.00273696 -0.00077468 -0.00617894]]
[[-0.00228631 -0.00137009 -0.0061673 ]]
[[-0.00130722 -0.00118581 -0.00578436]]
[[-0.00101306 -0.00121883 -0.00582666]]
[[-0.00084635 -0.00047738 -0.00581641]]
[[ -1.97114544e-04   3.88823078e-05  -4.81396638e-03]]
[[-0.00736597 -0.00493269  0.0023676 ]]
[[-0.00534885 -0.00223131 -0.00180259]]
[[-0.00547945 -0.00236433  0.00171605]]
[[-0.00529708 -0.0040321  -0.00494203]]
[[-0.00618856 -0.00217199 -0.00410663]]
[[-0.00940722 -0.00134896 -0.009435  ]]
[[-0.00450446 -0.0031696  -0.00503849]]
[[-0.00138635 -0.00033769 -0.00548936]]
[[-0.00356969 -0.00116662 -0.0054555 ]]
[[-0.00237472 -0.0015733  -0.00805658]]
[[-0.00112853 -0.00211285 -0.00542329]]
[[-0.0013667  -0.00159986 -0.00537656]]
[[-0.00202839 -0.00080861 -0.00560643]]
[[ -3.02101775e-05  -1.58702359e-03  -4.74002448e-03]]
[[-0.00170188 -0.00220851 -0.00639347]]
[[-0.00041522 -0.00078925 -0.00610257]]
[[ -1.34259897e-03   6.88745701e-06  -6.35875221e-03]]
[[ 0.00021252 -0.00021001 -0.00337608]]
[[  9.65982192e-06  -1.02878093e-03  -5.05643594e-03]]
[[-0.00025861  0.00168796 -0.00441118]]
[[-0.00307113 -0.00085527  0.00377651]]
[[-0.00250496 -0.00034277  0.00432605]]
[[-0.00228766 -0.00050957  0.00344688]]
[[-0.00265128 -0.00027115  0.00322255]]
[[-0.00385454 -0.00033006  0.00218556]]
[[-0.00421652 -0.00048651  0.00388676]]
[[-0.00252679  0.00042132  0.00547724]]
[[-0.00429817 -0.00093513  0.00514298]]
[[-0.00245041 -0.00047592  0.00254284]]
[[ -1.55121921e-03   6.05736903e-05   2.78366345e-03]]
[[-0.00114706 -0.00029221  0.00315955]]
[[-0.00043144  0.00024577  0.00334086]]
[[ 0.00126054  0.00065328  0.00350631]]
[[ 0.00131946  0.00161231  0.00212343]]
[[ 0.00177     0.00100631  0.00126892]]
[[ 0.00148131  0.00104891  0.00046973]]
[[-0.00224331 -0.00071653  0.00283705]]
[[-0.00512172 -0.00134345  0.00189959]]
[[-0.007753   -0.00415743  0.00408394]]
[[-0.00170541 -0.00095348  0.00279006]]
[[-0.00302308 -0.00083631  0.00208654]]
[[ -1.14642317e-03   8.22581822e-05   2.51753358e-03]]
[[-0.00124394  0.00030547  0.0019733 ]]
[[-0.00085222 -0.00032191  0.00315166]]
[[-0.00140327 -0.00111803  0.00404927]]
[[ -2.48421589e-06   1.93597173e-04   2.81793917e-03]]
[[-0.00070891  0.00043386  0.00369125]]
[[ 0.00069341  0.00080513  0.00257564]]
[[ 0.00242195  0.00053174  0.00424585]]
[[ 0.00207219  0.00263144  0.00286736]]
[[ 0.00150027  0.00071718  0.00221822]]
[[ 0.00122249  0.00105378  0.00093904]]
[[ 0.00252909  0.00105508  0.00100735]]
[[ 0.0020409   0.00173823  0.00031911]]
[[ 0.00157563  0.00055276  0.00089448]]
[[  1.04817540e-03   6.36479552e-04  -5.23022690e-05]]
[[-0.00432732  0.00196174  0.00366495]]
[[-0.00125857  0.00683068  0.00381012]]
[[-0.00306131  0.00460066  0.0042083 ]]
[[-0.00209494  0.00346203  0.00480302]]
[[ 0.00016854  0.00450656  0.00315672]]
[[ 0.00247535  0.00683687  0.00320653]]
[[ 0.00213511  0.00749572  0.00348752]]
[[-0.00580888 -0.00272014  0.00526875]]
[[-0.00310053  0.00262225  0.00454393]]
[[-0.00317434  0.00183685  0.00477394]]
[[-0.00331011  0.00087315  0.00487784]]
[[-0.00204094 -0.00072319  0.00495145]]
[[-0.00051181  0.00054901  0.00461737]]
[[ 0.00043968 -0.00126578  0.00351552]]
[[ 0.00065041  0.00032424  0.00203244]]
[[ 0.0007983  -0.00140226  0.00061164]]
[[-0.0042451  0.0031417  0.0037651]]
[[-0.00071842  0.00387016  0.00286917]]
[[-0.00047985  0.00938758  0.0031376 ]]
[[-0.00166656  0.00361414  0.00517935]]
[[-0.00314217  0.00211254  0.00332846]]
[[-0.00332107  0.00113362  0.00464986]]
[[-0.00391442  0.00237098  0.0063284 ]]
[[-0.00240462  0.00133815  0.00475235]]
[[-0.0036512   0.00099941  0.00497656]]
[[-0.00116903 -0.00053172  0.0041329 ]]
[[-0.00280906 -0.00172339  0.00426326]]
[[-0.00021406  0.00165273  0.00480075]]
[[ -8.16042885e-05  -1.19891965e-05   5.07874994e-03]]
[[ 0.00038629 -0.00262837  0.00385629]]
[[ 0.00095772 -0.0004166   0.00384132]]
[[ 0.00178453  0.0015382   0.00189893]]
[[ 0.00097828  0.00030617  0.00144421]]
[[ -1.11688786e-04  -2.68504564e-03   8.87320432e-05]]
[[ 0.00086262 -0.00147037  0.00131078]]
[[ 0.00061611 -0.00066696 -0.00028588]]
[[-0.00273331 -0.00377476  0.00686183]]
[[-0.00875146 -0.00782167  0.00312095]]
[[-0.00830204 -0.00288347 -0.00096487]]
[[-0.0070677  -0.0028835  -0.00456998]]
[[-0.00830104 -0.00349099 -0.00225132]]
[[-0.01049222 -0.00549252  0.00068917]]
[[-0.01034635 -0.00857998  0.00389233]]
[[-0.00195385  0.00108886  0.00493711]]
[[-0.00467229 -0.00140567 -0.00580275]]
[[-0.0041208  -0.00125758 -0.00850291]]
[[-0.00024118 -0.00062309 -0.00768281]]
[[ 0.00045271  0.00047168 -0.00695373]]
[[ 0.00070693 -0.00083799 -0.00630542]]
[[ 0.00024899  0.00013875 -0.00614853]]
[[ -3.71339179e-05  -1.18076135e-03  -5.55824756e-03]]
[[ 0.00020653  0.00027249 -0.0037137 ]]
[[-0.00522011  0.00230527  0.00086372]]
[[-0.0067496  -0.00087649 -0.00333099]]
[[-0.00928907 -0.00201494  0.00178317]]
[[-0.00639083 -0.0014135  -0.00684603]]
[[-0.00487557 -0.00106715 -0.00527579]]
[[-0.00546085 -0.00027446 -0.01077752]]
[[-0.00138408 -0.00170282 -0.00931503]]
[[ -6.17367509e-05  -1.34167233e-03  -7.08729373e-03]]
[[-0.00112419  0.00023468 -0.00621422]]
[[ 0.00090278  0.00095035 -0.0079311 ]]
[[ 0.00159477  0.00125117 -0.00572679]]
[[-0.00019504 -0.00169359 -0.00702247]]
[[ 0.00055425 -0.00057161 -0.00598081]]
[[ 0.00197555  0.0006172  -0.00510241]]
[[-0.00052604  0.00118818 -0.00647621]]
[[-0.00125569 -0.00215831 -0.00559941]]
[[-0.00018917 -0.00163787 -0.00594007]]
[[ 0.00201922  0.0009793  -0.00232955]]
[[ 0.00050628  0.00170827 -0.00430598]]
[[-0.00023501 -0.00128086 -0.00282781]]
[[ 0.00416938 -0.00251477  0.00096474]]
[[ 0.00159995 -0.0048742   0.00160739]]
[[ 0.00029442 -0.00586447  0.00059991]]
[[-0.000233   -0.00466419 -0.00110133]]
[[-0.00081724 -0.00362302 -0.00052522]]
[[-0.00074938 -0.00339007  0.00034477]]
[[ -7.44870517e-05  -3.66660226e-03   1.00224964e-03]]
[[ 0.00031273 -0.0018013   0.00119758]]
[[ -1.28384584e-05  -5.25950379e-03  -2.16772646e-03]]
[[ 0.00107937 -0.00315895 -0.00239612]]
[[ 0.00099812 -0.00187619 -0.00234947]]
[[ 0.00112573 -0.00152677 -0.00178194]]
[[ 0.00064708 -0.00132825 -0.0019233 ]]
[[ 0.00094055 -0.00094449 -0.00178527]]
[[ 0.0009101  -0.00042464 -0.00175815]]
[[  1.21135653e-03   5.31454407e-06  -1.44288138e-03]]
[[ 0.00296429 -0.00965497  0.00317554]]
[[-0.00077662 -0.00320513 -0.00110086]]
[[-0.00098743 -0.00308159  0.00049581]]
[[-0.00030144 -0.00722618 -0.00395189]]
[[-0.00067451 -0.00344453 -0.0024851 ]]
[[ 0.00133681 -0.00354653 -0.00224146]]
[[ 0.00067316 -0.00324493 -0.0015007 ]]
[[ 0.00199544 -0.00184006 -0.00276205]]
[[ 0.00057624 -0.00163507 -0.00233515]]
[[ 0.00115706 -0.00147703 -0.00140792]]
[[ 0.0008643  -0.00173518 -0.00149696]]
[[ 0.00037047 -0.00165517 -0.00222954]]
[[ 0.00043455 -0.0008259  -0.00200211]]
[[ 0.00081983 -0.00097893 -0.0013906 ]]
[[ 0.00108254 -0.00126645 -0.00161539]]
[[ 0.00092535 -0.00040425 -0.00225856]]
[[ 0.00065736 -0.00019536 -0.00154202]]
[[  8.90550742e-04  -1.08346359e-05  -1.01686084e-03]]
[[  1.46786235e-03  -3.15539589e-05  -1.21580593e-03]]
[[ 0.00110741  0.0005118  -0.0015622 ]]
[[-0.00054268 -0.00208883  0.00125248]]
[[-0.00086191 -0.00146785  0.00132035]]
[[-0.00130039 -0.00142876  0.00116225]]
[[-0.00180256 -0.00150659  0.00133916]]
[[-0.00326846 -0.00166169  0.00040975]]
[[-0.00470159 -0.00156261  0.00092807]]
[[-0.00138518 -0.00109202  0.00057912]]
[[  1.76066142e-05  -2.62119984e-03   1.49482285e-03]]
[[-0.00127979 -0.00147113  0.00115108]]
[[-0.00115891 -0.00142527  0.00123686]]
[[-0.00148988 -0.00113701  0.00151288]]
[[-0.00126609 -0.00056207  0.00198052]]
[[-0.0010431   0.00019009  0.00210257]]
[[-0.00042997  0.00152712  0.00182722]]
[[-0.00034237  0.00101361  0.00114826]]
[[  9.57717178e-06   1.33707531e-03   8.19664259e-04]]
[[-0.00122549 -0.00152226  0.00115636]]
[[-0.00418168 -0.00332505  0.00088884]]
[[-0.00902495 -0.00338872  0.00033093]]
[[-0.00091229 -0.00181838  0.00114445]]
[[-0.00150605 -0.00148148  0.00123018]]
[[-0.00113907 -0.00106275  0.00116713]]
[[-0.00091082 -0.00182898  0.00084544]]
[[-0.00100388 -0.00124833  0.00138971]]
[[-0.00156771 -0.00165227  0.00150756]]
[[-0.00108462 -0.00049151  0.00174996]]
[[-0.00163109 -0.00068562  0.00279428]]
[[ -7.95031928e-04   8.44342886e-06   1.50017877e-03]]
[[-0.00112945  0.0002945   0.00210377]]
[[ 0.00040681  0.00253427  0.00285903]]
[[-0.00016816  0.00054588  0.00179538]]
[[-0.00037259  0.00078896  0.00095388]]
[[-0.00039989  0.00112641  0.00090683]]
[[ 0.00061761  0.00222767  0.00077468]]
[[ 0.00012445  0.00076881  0.00092945]]
[[-0.0001136   0.00084131  0.00046334]]
[[-0.00056952 -0.00360338 -0.00101764]]
[[ 0.0030926   0.00189431 -0.00195407]]
[[  3.28718824e-03  -2.07338809e-03  -7.94029597e-05]]
[[ 0.00280057 -0.0005743   0.00294585]]
[[ 0.0044504   0.00108331  0.0012916 ]]
[[ 0.00647723  0.00300723 -0.0008764 ]]
[[ 0.00582841  0.00481529 -0.00286161]]
[[ 0.00087064 -0.00552426 -0.00085964]]
[[ 0.00127287 -0.00217981  0.00417588]]
[[-0.00013107 -0.00185416  0.00498859]]
[[-0.00130058 -0.00184154  0.00474845]]
[[-0.00121805 -0.00241375  0.00431825]]
[[-0.00125971 -0.00033126  0.00397523]]
[[-0.00097663 -0.00066362  0.00390734]]
[[-0.00108957  0.00094902  0.00316335]]
[[-0.00116923 -0.00036392  0.00196978]]
[[ 0.00079885 -0.00876886 -0.0020863 ]]
[[ 0.00334579 -0.0010707   0.00214333]]
[[ 0.0056064   0.00011329 -0.00163682]]
[[ 0.00398575 -0.00284214  0.0059573 ]]
[[ 0.0016719  -0.00114501  0.00384155]]
[[-0.00049207 -0.00383776  0.00541446]]
[[-0.00179768 -0.0014909   0.0059021 ]]
[[-0.00098007 -0.00156396  0.00539587]]
[[-0.00083999 -0.00168315  0.00398182]]
[[-0.00073207 -0.00288136  0.00411383]]
[[-0.00209585 -0.00344956  0.00242881]]
[[-0.00010028  0.0004278   0.00563438]]
[[ -1.45506758e-03  -9.08176621e-05   3.77260742e-03]]
[[-0.00200165 -0.00109114  0.0028783 ]]
[[-0.00076363 -0.00126836  0.00416236]]
[[ 0.00053476  0.00216578  0.00377971]]
[[-0.00095399  0.00139605  0.00267515]]
[[-0.00248126 -0.00103321  0.00104627]]
[[-0.00140502 -0.00108407  0.00212021]]
[[-0.00090744  0.00051014  0.00166157]]
[[ 0.00175918 -0.00473613 -0.00213196]]
[[ 0.00038457 -0.01030123 -0.00182292]]
[[ 0.00218933 -0.00729065 -0.00230877]]
[[ 0.00252223 -0.00694504 -0.00342919]]
[[ 0.00234066 -0.00783276 -0.00235568]]
[[ 0.00245874 -0.01016039 -0.00199771]]
[[ -5.29805518e-04  -1.16125249e-02   8.29597278e-05]]
[[ 0.00302859 -0.00129905 -0.00313962]]
[[ 0.00260307 -0.00540075 -0.00314698]]
[[ 0.002744   -0.00365724 -0.00320074]]
[[ 0.00334563 -0.00198816 -0.00313862]]
[[  2.43440221e-03  -6.81890148e-05  -3.42639936e-03]]
[[ 0.00222339 -0.00100638 -0.00303979]]
[[ 0.00078191  0.0011001  -0.0029549 ]]
[[ 0.00091193 -0.00043082 -0.00163881]]
[[ 0.0002352   0.00153198 -0.00063692]]
[[ 0.00283791 -0.00510999 -0.00224796]]
[[ 0.00349144 -0.00668307 -0.00249309]]
[[ 0.00731759 -0.00936899 -0.00192792]]
[[ 0.00014227 -0.00694526 -0.00304311]]
[[ 0.00306023 -0.00450267 -0.0025579 ]]
[[ 0.00313698 -0.00246782 -0.0032124 ]]
[[ 0.00392406 -0.00454121 -0.00525232]]
[[ 0.00204634 -0.00262573 -0.00268567]]
[[ 0.00359744 -0.00181138 -0.00256316]]
[[ 0.00176529 -0.00012163 -0.00290332]]
[[ 0.00337261  0.00071238 -0.0031529 ]]
[[ 0.0012181  -0.00236752 -0.00351947]]
[[ 0.00292226 -0.00025981 -0.00285123]]
[[ 0.00079273  0.00242919 -0.00350146]]
[[ 0.0001831   0.00021545 -0.00319969]]
[[-0.00068034 -0.00188848 -0.0016861 ]]
[[ 0.00131851 -0.00038119 -0.00109369]]
[[ 0.00113299  0.00292531 -0.00020792]]
[[ 0.00015366  0.00156733 -0.00112868]]
[[ 0.00018083  0.00075579  0.00015528]]
[[ 0.00404183  0.0008966   0.00053854]]
[[ 0.0017113  -0.00176203  0.0016589 ]]
[[ 0.00049873 -0.00287225  0.00123517]]
[[ -5.35926734e-05  -1.99517623e-03  -2.20693529e-05]]
[[ -2.88255961e-04  -1.20464092e-03   8.43357162e-05]]
[[ -2.03113877e-05  -8.88798859e-04   4.15978329e-04]]
[[ 0.00040576 -0.00093552  0.00083646]]
[[ 0.00068869  0.00088416  0.00040653]]
[[-0.00013113 -0.00245705 -0.00078508]]
[[ 0.00066823 -0.00114837 -0.00087325]]
[[ 0.00055263 -0.00018425 -0.0006648 ]]
[[ 0.00048377 -0.00041266 -0.00019519]]
[[ 0.00010235 -0.00070605 -0.00038615]]
[[ 0.00027926 -0.00058282 -0.00051016]]
[[ 0.00036792 -0.00053308 -0.00067716]]
[[  6.90935054e-04  -8.65938700e-05  -6.11405755e-04]]
[[ 0.00282093 -0.0061753   0.00412224]]
[[-0.00027037 -0.00090988 -0.00022617]]
[[-0.0001419  -0.00065214  0.00024639]]
[[-0.0006554  -0.00358114 -0.00210015]]
[[-0.00047248 -0.00128771 -0.00093748]]
[[ 0.00098985 -0.00163072 -0.00072701]]
[[ 0.00040732 -0.00106124 -0.00040894]]
[[ 0.00141131  0.00030423 -0.00064956]]
[[ 0.00041391 -0.00038682 -0.0006015 ]]
[[ 0.00056223 -0.00042727  0.00014032]]
[[ 0.00038642 -0.00045512 -0.00028062]]
[[-0.00033626 -0.00093847 -0.000369  ]]
[[  7.37965740e-05  -3.53994855e-04  -4.91506186e-04]]
[[ 0.00032527 -0.00048459 -0.00036787]]
[[ 0.00043524 -0.00098086 -0.00039278]]
[[ 0.0002837  -0.00070889 -0.00107666]]
[[ 0.00023849 -0.00022492 -0.00056516]]
[[  4.73523979e-04   2.27886942e-06  -3.61242031e-04]]
[[ 0.00092837 -0.00017543 -0.00050324]]
[[ 0.00067752  0.00018888 -0.00070695]]
[[ 0.00024668  0.00010865  0.00034703]]
[[  4.19090756e-05   6.93259554e-04   5.55605517e-05]]
[[ -1.76089156e-05   5.47689213e-04  -1.46539270e-04]]
[[ -6.59788140e-04   5.60865620e-04  -4.13514403e-05]]
[[-0.00232696  0.00060777 -0.00063724]]
[[ -3.93003178e-03   8.91359623e-04  -8.15258198e-05]]
[[-0.00074392  0.00132824 -0.00033449]]
[[  5.60395538e-04  -9.53259668e-05   8.62360734e-04]]
[[ -1.29689896e-04   3.38047678e-04  -8.60460093e-05]]
[[ 0.00018199  0.00047463 -0.00023805]]
[[  7.86863158e-05   8.05088160e-05  -1.70764400e-04]]
[[ 0.0003465   0.00042271  0.00012209]]
[[ 0.00076086  0.00074252  0.00015809]]
[[ 0.00132177  0.00160563 -0.00025243]]
[[ 0.00197256  0.00081605 -0.00084102]]
[[ 0.00176846  0.00086255 -0.00224751]]
[[  2.09368031e-04   3.35077008e-04  -9.53016691e-05]]
[[-0.00353541 -0.00090297  0.00011867]]
[[-0.00857243 -0.00056487 -0.00050104]]
[[  2.94042084e-05   1.84997795e-04   3.22434421e-06]]
[[-0.00030766  0.00022187  0.0001735 ]]
[[ 0.00032456  0.00032932 -0.00020883]]
[[ 0.00061176  0.00074336 -0.00091709]]
[[  2.79480742e-04   1.43015057e-04  -7.46410470e-05]]
[[  3.79167568e-05  -5.19760496e-04   6.20320315e-05]]
[[  5.60603697e-04   2.88916888e-04  -9.79751401e-07]]
[[ 0.00013532  0.00059953  0.00064133]]
[[ 0.00070021  0.00071522 -0.00019206]]
[[ 0.00073705  0.00075173  0.00046375]]
[[ 0.00226863  0.00259538  0.00048664]]
[[ 0.0014731   0.00066614 -0.0002115 ]]
[[ 0.00135859  0.00084921 -0.00075551]]
[[ 0.00168479  0.00078527 -0.0001527 ]]
[[ 0.00258624  0.00131568 -0.00218377]]
[[ 0.00136079  0.00028852 -0.0014455 ]]
[[  2.00313451e-03   2.14777034e-05  -3.95365114e-03]]
[[-0.00075048  0.0015284  -0.00323173]]
[[  5.06211691e-05   5.54643612e-03  -1.64342740e-03]]
[[-0.00057038  0.00395635  0.00085154]]
[[ 0.00079373  0.00360656  0.00188509]]
[[ 0.00313512  0.00329528  0.00187794]]
[[ 0.00480294  0.00405166 -0.00059673]]
[[ 0.00281976  0.00584938 -0.00404797]]
[[-0.00100606 -0.00068849 -0.00478645]]
[[ 0.00054734  0.00182985  0.00190296]]
[[-0.00036104  0.00167716  0.00174081]]
[[ 0.00011489  0.00025204  0.00153768]]
[[ 0.00020989 -0.00074204  0.00071379]]
[[ 0.00080779 -0.00031683  0.00052942]]
[[ 0.00089096 -0.00061496  0.00033718]]
[[ 0.00157082 -0.00072612  0.00019881]]
[[ 0.00129226 -0.00168988 -0.00162287]]
[[-0.00131926  0.00249714  0.00063483]]
[[ 0.00314224  0.00166702  0.00196217]]
[[ 0.00462442  0.00170141 -0.00130701]]
[[ 0.00024098  0.00165749  0.00101528]]
[[ 0.00107905  0.00119273  0.00178343]]
[[-0.00083536  0.0011513   0.00174539]]
[[-0.0013231   0.00234957  0.00396039]]
[[ 0.00019105  0.00034873  0.00089368]]
[[ 0.00058862  0.00018633  0.00149053]]
[[ 0.00045056 -0.00058302  0.0005288 ]]
[[-0.0005359  -0.0014158  -0.00013056]]
[[ 0.00067795 -0.00038018  0.00032124]]
[[ 0.00105492 -0.00019613  0.00083223]]
[[  3.51044710e-05  -8.00018604e-04   2.98121073e-04]]
[[ 0.00101642 -0.00036335  0.00060923]]
[[ 0.00135507 -0.00097688 -0.00015652]]
[[ 0.00165888 -0.00035025  0.00105441]]
[[ 0.00029466 -0.00246109 -0.00115802]]
[[ 0.00095681 -0.00161139 -0.00092586]]
[[ 0.00216971 -0.00098476 -0.00345881]]
[[-0.00086594 -0.00088058 -0.00357435]]
[[-0.0020247  -0.00274909 -0.00128798]]
[[-0.00103847 -0.00149104  0.00041926]]
[[  9.48361223e-05  -1.24495306e-03   5.42451133e-04]]
[[ 0.00081561 -0.00188236  0.00104127]]
[[ 0.00049121 -0.00284957 -0.00021564]]
[[-0.00103187 -0.00345464 -0.00240242]]
[[ 0.0001939   0.00141935 -0.00605036]]
[[ 0.0006333  -0.00181863  0.0004033 ]]
[[  5.56857565e-05  -7.17833321e-04   1.36406627e-04]]
[[ 0.00086109 -0.00074455  0.00020799]]
[[ 0.0003807  -0.00064174 -0.00050716]]
[[ 0.00077753 -0.00163954 -0.00035209]]
[[ -2.11511840e-05  -1.10396924e-03  -6.02735747e-04]]
[[ -8.57610514e-05  -2.04154006e-03  -2.15466569e-04]]
[[ -5.01898481e-04  -9.07668414e-04  -4.25737161e-06]]
[[-0.00098781 -0.00085231  0.00012689]]
[[ 0.00155941 -0.00070495  0.00096254]]
[[ 0.00124207 -0.00182014 -0.00053523]]
[[-0.00133059 -0.00309471 -0.00045527]]
[[ 0.00135605 -0.00130685  0.00081384]]
[[ -4.28508460e-05  -4.90787997e-04  -3.62539613e-05]]
[[  2.87148317e-04  -6.79228843e-04   1.57454077e-05]]
[[  3.68579729e-04  -1.07287171e-03  -8.35585467e-05]]
[[  1.40611584e-03  -6.83025648e-05   6.08272043e-04]]
[[ 0.00012293 -0.00045416 -0.00043042]]
[[ 0.00036624 -0.00061094 -0.00026298]]
[[  5.77592420e-05  -2.75859022e-03  -1.47213012e-03]]
[[ 0.00150387 -0.00092231 -0.00018937]]
[[ 0.00018504 -0.00096419 -0.00028836]]
[[-0.00025238 -0.00070031 -0.00052095]]
[[-0.00141599 -0.00326439 -0.00051212]]
[[ 0.00040731 -0.00181127 -0.000146  ]]
[[ -7.75409023e-05  -9.01481405e-04   1.88453150e-05]]
[[-0.00054153 -0.00058401 -0.00015461]]
[[-0.00042886 -0.00087332  0.00010382]]
[[ 0.00144053  0.00409835  0.00511433]]
[[-0.00552836  0.00623905  0.00292366]]
[[ -4.63931371e-03   2.13459079e-03  -9.55832318e-05]]
[[-0.00439831  0.00149854 -0.00243226]]
[[-0.00652232  0.0029789   0.00024233]]
[[-0.01055272  0.00513598  0.00158901]]
[[-0.00829268  0.00682288  0.00201454]]
[[ 0.0024015  -0.00288076  0.00119788]]
[[-0.00157102  0.0003642  -0.00370393]]
[[-0.00122831  0.00034209 -0.00609836]]
[[ 0.00149853  0.00021671 -0.00538142]]
[[ 0.00136374 -0.00112315 -0.00452688]]
[[ -4.49022294e-05   1.22674288e-04  -4.25461505e-03]]
[[-0.00024954 -0.00058237 -0.00364333]]
[[-0.00018767  0.00057835 -0.00296941]]
[[ 0.00028467 -0.00085175 -0.00164977]]
[[-0.00085684 -0.00214469  0.00199577]]
[[-0.00496376  0.00140265 -0.00027486]]
[[-0.01093601  0.00556011  0.0019107 ]]
[[ -3.24567682e-03   3.73508028e-05  -5.40748560e-03]]
[[-0.00164236  0.00074216 -0.00240855]]
[[ -2.37714864e-03  -1.22667439e-07  -7.85140275e-03]]
[[ 0.00112419  0.00038129 -0.00690728]]
[[ 0.00168913  0.00096375 -0.00480787]]
[[ 0.00137286 -0.00030522 -0.00466756]]
[[ 0.00176263 -0.00146106 -0.00465349]]
[[ 0.00228972 -0.00202395 -0.00309231]]
[[-0.0006781   0.00063366 -0.00490863]]
[[-0.00075928  0.0002686  -0.00473835]]
[[ 0.0015142  -0.00092412 -0.00271279]]
[[-0.00086158 -0.00170546 -0.00390262]]
[[-0.00169963  0.0015275  -0.00335566]]
[[-0.00085349  0.0012418  -0.00236743]]
[[ 0.00225473 -0.00166946 -0.00065135]]
[[ 0.00051303 -0.00218508 -0.0025861 ]]
[[  4.88483221e-04   1.84935460e-05  -1.04758565e-03]]
[[ 0.00199604 -0.00631839 -0.0031041 ]]
[[ 0.00629048 -0.01028464 -0.00018721]]
[[ 0.0036862  -0.0072319   0.00201512]]
[[ 0.00266686 -0.00533051  0.00297686]]
[[  3.15933855e-03  -5.78872640e-03   3.21596219e-06]]
[[ 0.00599533 -0.00761024 -0.00031913]]
[[ 0.00723005 -0.0093297  -0.00055778]]
[[-0.00189082  0.00061298  0.00112561]]
[[ 0.0003153  -0.0047047   0.00317191]]
[[ 0.00114568 -0.00306218  0.00540194]]
[[-0.00195336 -0.00201413  0.00488816]]
[[-0.00151305 -0.00021933  0.00486775]]
[[-0.00037023 -0.00114986  0.00438593]]
[[ 0.00076209  0.00093158  0.00357999]]
[[ 0.00057813 -0.00067657  0.00211071]]
[[ 0.00084964  0.00142552  0.00085497]]
[[ 0.00225469 -0.00671111  0.00255227]]
[[ 0.00068684 -0.00503183  0.00055462]]
[[ 0.00199666 -0.00920665 -0.001023  ]]
[[ 0.00165174 -0.00611983  0.00344162]]
[[-0.00036369 -0.00350051  0.0017252 ]]
[[ 0.00260968 -0.00324715  0.00727461]]
[[-0.00088947 -0.00318122  0.00647497]]
[[-0.00104579 -0.00265493  0.00412464]]
[[-0.00219375 -0.00179148  0.00420846]]
[[ -1.67983479e-03  -9.19176067e-05   5.14435050e-03]]
[[-0.00265288  0.00058802  0.00425063]]
[[ -8.76406940e-05  -2.26018274e-03   4.43135940e-03]]
[[  6.53094100e-05  -5.65577982e-04   4.72655990e-03]]
[[  1.95170554e-07   2.26414269e-03   3.82274044e-03]]
[[ 0.0018096   0.00063995  0.00402008]]
[[ 0.00186801 -0.00214685  0.00197998]]
[[ 0.00081193 -0.00069371  0.0013535 ]]
[[-0.00066635  0.0028727   0.00012265]]
[[ 0.00099214  0.0020916   0.00212307]]
[[ 0.00036007  0.00054517 -0.00017398]]
[[ 0.00106238  0.0039795  -0.00710877]]
[[ 0.00653045  0.00486063 -0.00210119]]
[[ 0.0060407   0.00177654  0.00270118]]
[[ 0.00618227  0.00122602  0.005351  ]]
[[ 0.00759242  0.00168394  0.00213618]]
[[ 0.01036238  0.00264851 -0.00033647]]
[[ 0.00999353  0.00400368 -0.00322722]]
[[ 0.00152654  0.00045842 -0.00630079]]
[[ 0.0037484  -0.00032377  0.00616161]]
[[ 0.00309705  0.00066893  0.00892197]]
[[-0.00020957  0.0003975   0.00838187]]
[[-0.00073586 -0.00104157  0.00740392]]
[[ 0.00054905 -0.00134022  0.00703648]]
[[ 0.00025287 -0.00283959  0.00553988]]
[[ -9.27979226e-06  -1.89668869e-03   4.26901059e-03]]
[[-0.00065926 -0.00252463  0.00270355]]
[[ 0.00262807 -0.00151324  0.00032333]]
[[ 0.00542285  0.00240996  0.00316154]]
[[ 0.00672771  0.00529119 -0.00211367]]
[[ 0.00338131 -0.00148385  0.00669992]]
[[ 0.0044262   0.00018607  0.005294  ]]
[[ 0.00462586  0.00045385  0.01110568]]
[[ 0.0011734   0.00086236  0.00893665]]
[[-0.00070661  0.0008198   0.00744307]]
[[ 0.00070296  0.00086996  0.00782472]]
[[-0.00122567 -0.00101838  0.00810512]]
[[-0.00197198 -0.00186233  0.00703452]]
[[ 0.00031376 -0.00165437  0.00582846]]
[[ 0.00223355 -0.00085932  0.0073592 ]]
[[-0.00042921 -0.00415111  0.00591014]]
[[ 0.00078556 -0.00245637  0.0062003 ]]
[[ -9.09481277e-05  -1.76741897e-03   4.00600715e-03]]
[[ 0.00123892 -0.00140238  0.00329295]]
[[-0.00150035 -0.00405245  0.00153564]]
[[-0.00084765 -0.00298268  0.00359736]]
[[-0.00098757 -0.00112163  0.00193558]]
[[ 0.00474391 -0.00442623  0.00034913]]
[[-0.00136068 -0.00151696 -0.00100755]]
[[-0.000835    0.00042897 -0.00172133]]
[[ 0.00017229  0.00149366 -0.00334028]]
[[ 0.00066344 -0.00027681 -0.00046175]]
[[ 0.00053366 -0.00211718 -0.00179871]]
[[-0.00144426 -0.0008411  -0.00362187]]
[[ 0.00519003  0.00105431 -0.00472229]]
[[ 0.00146329  0.0005988  -0.00425402]]
[[ 0.00049377  0.0003016  -0.00622737]]
[[ 0.00298029 -0.00135121 -0.00573757]]
[[ 0.00243497 -0.00017536 -0.00542982]]
[[ 0.00051726 -0.00068687 -0.00519638]]
[[-0.00034465  0.00112374 -0.00399217]]
[[-0.00064296 -0.00067985 -0.00282091]]
[[-0.00054571  0.00041496 -0.00174602]]
[[ 0.00221968  0.00209904  0.0006263 ]]
[[ 0.0020625  -0.00210139 -0.0010722 ]]
[[ 0.00368927 -0.00767615 -0.0022652 ]]
[[  8.78185426e-05   3.46012850e-04  -7.02417304e-03]]
[[ 0.00183375 -0.00016348 -0.00338359]]
[[ -1.15601282e-03  -5.53005901e-05  -7.54407144e-03]]
[[ 0.00125351  0.00084999 -0.00442517]]
[[ 0.00322285 -0.00245972 -0.00567707]]
[[ 0.00329462 -0.00110042 -0.00545171]]
[[  2.91970952e-03   7.79040832e-05  -5.26058178e-03]]
[[ 0.00267138  0.00023103 -0.00562828]]
[[-0.0002128  -0.00164763 -0.00527819]]
[[ -5.32126470e-05  -4.36462306e-04  -5.71859294e-03]]
[[-0.00035193  0.00228728 -0.0040368 ]]
[[-0.00102519  0.00151515 -0.00383189]]
[[-0.00175891 -0.00194055 -0.00316394]]
[[-0.00101736 -0.00083148 -0.00217075]]
[[-0.00033497  0.00121181 -0.00109056]]
[[-0.00041879  0.00097449 -0.00258975]]
[[  3.30092510e-05  -4.41196901e-04  -1.16953555e-03]]
[[ 0.00355321  0.00086059  0.00074826]]
[[ 0.00121693 -0.00181245  0.00188157]]
[[ -8.91735281e-05  -2.98010175e-03   1.41879819e-03]]
[[ -6.20188465e-04  -2.04173359e-03   6.66326497e-05]]
[[-0.00081684 -0.00126416  0.00014314]]
[[-0.00050187 -0.0009442   0.00054938]]
[[ -6.80816748e-05  -9.75655540e-04   1.00824808e-03]]
[[ 0.00022295  0.00084644  0.00063418]]
[[-0.00083176 -0.00247168 -0.00077487]]
[[ -4.37992822e-05  -1.12285631e-03  -8.27442401e-04]]
[[-0.00042447 -0.00017005 -0.00065795]]
[[ -4.89227250e-04  -3.33920636e-04  -5.40439593e-05]]
[[-0.00129674 -0.00061432 -0.00030416]]
[[-0.00110596 -0.00032431 -0.00013257]]
[[ -1.95385592e-03  -1.88104900e-05  -3.51261920e-04]]
[[-0.00116356  0.00037935  0.00110876]]
[[ 0.00219445 -0.00628628  0.00433299]]
[[-0.00078566 -0.00091344 -0.00028134]]
[[-0.00062674 -0.0006904   0.00039763]]
[[-0.00125564 -0.00363754 -0.00206259]]
[[-0.00124027 -0.00130422 -0.00109112]]
[[ 0.00022609 -0.00163983 -0.00065334]]
[[-0.00022692 -0.00104036 -0.00031135]]
[[ 0.00061154  0.00025771 -0.00059077]]
[[-0.00068142 -0.00038067 -0.00084944]]
[[-0.0004413  -0.00042187  0.00031509]]
[[ -5.03150474e-04  -3.70336032e-04  -6.58513519e-05]]
[[-0.00146772 -0.0009542  -0.00023063]]
[[-0.00153157 -0.00024982 -0.00077309]]
[[-0.00096019 -0.00022046  0.00020074]]
[[ -9.20283522e-04  -8.84806935e-04   5.79802466e-05]]
[[-0.00145168 -0.00037345 -0.00092414]]
[[-0.00206369  0.00043045 -0.00128487]]
[[-0.00135717  0.00060276  0.00135929]]
[[-0.00054862  0.00019928  0.00067675]]
[[-0.00163841  0.00123797  0.00240343]]
[[-0.00020677  0.00010392  0.0006024 ]]
[[-0.00046202  0.00064596  0.00037722]]
[[-0.00060879  0.00045113  0.00017369]]
[[-0.00127931  0.00049103  0.00025074]]
[[-0.00293544  0.00050788 -0.00045353]]
[[-0.00449323  0.00078965  0.00014225]]
[[-0.00125016  0.00127275 -0.00011677]]
[[ 0.00010885 -0.00012305  0.00108049]]
[[-0.00088028  0.0003191   0.00014729]]
[[-0.0005361   0.00047214  0.00011533]]
[[ -8.78278789e-04   9.31627669e-05   2.19334177e-04]]
[[-0.00054239  0.00045823  0.0007342 ]]
[[-0.00043166  0.0007982   0.00081842]]
[[ 0.00022415  0.00176643  0.00074847]]
[[ 0.00018533  0.00112027  0.00017794]]
[[  5.03097913e-04   1.14242387e-03   7.56694401e-05]]
[[-0.00040535  0.00025992  0.00025831]]
[[-0.00415275 -0.00095301  0.00019157]]
[[-0.00915971 -0.00066551 -0.00030066]]
[[-0.00059632  0.00014149  0.00028482]]
[[-0.00115272  0.00017804  0.00026855]]
[[-0.00038943  0.00033972  0.00013514]]
[[ -7.39632993e-05   7.08671752e-04  -5.63070080e-04]]
[[-0.00049946  0.00012743  0.00037955]]
[[-0.00104977 -0.00055091  0.00026958]]
[[-0.00026864  0.00031661  0.00057966]]
[[-0.00073416  0.00062006  0.0012465 ]]
[[-0.00026024  0.00072214  0.00053054]]
[[-0.00064298  0.00076667  0.00090771]]
[[ 0.00116647  0.00275931  0.0015421 ]]
[[ 0.00052654  0.00077364  0.00076983]]
[[  6.85958477e-05   9.91655989e-04   2.12516884e-04]]
[[  8.61724151e-06   1.16688208e-03   5.43560738e-05]]
[[  1.17741361e-03   1.79378458e-03  -2.26139905e-05]]
[[ 0.00064843  0.00060222  0.0002611 ]]
[[ 0.00028467  0.00076023 -0.00026631]]
[[-0.00123905  0.00156352 -0.00299692]]
[[-0.00045347  0.0056149  -0.00140053]]
[[-0.00118118  0.00409786  0.00105619]]
[[ 0.00019374  0.00371151  0.00199376]]
[[ 0.00255308  0.00341965  0.00191543]]
[[ 0.00428204  0.00415039 -0.00047312]]
[[ 0.00232538  0.00591091 -0.00387889]]
[[-0.00146677 -0.0006542  -0.00454445]]
[[-0.00019546  0.00193603  0.00193089]]
[[-0.00112378  0.0017567   0.00181108]]
[[-0.00093085  0.00038284  0.00157425]]
[[-0.00084078 -0.00063374  0.0008965 ]]
[[-0.00068402 -0.00012249  0.00066401]]
[[-0.00061682 -0.00044359  0.00077206]]
[[-0.00091843 -0.0004681   0.00056636]]
[[-0.00091332 -0.0010855   0.00015428]]
[[-0.0019698   0.00263562  0.00087707]]
[[ 0.0025686   0.00176467  0.0018676 ]]
[[ 0.00409682  0.00179705 -0.00117506]]
[[-0.00036969  0.00181938  0.00110709]]
[[ 0.00025795  0.00132286  0.00163456]]
[[-0.00165539  0.00121824  0.00184129]]
[[-0.00202771  0.00245495  0.00404555]]
[[-0.00064604  0.00055953  0.00104228]]
[[-0.00059025  0.00035332  0.00125761]]
[[-0.00063792 -0.00047678  0.00073626]]
[[ -1.52227464e-03  -1.28428121e-03   4.60473229e-05]]
[[ -5.30085458e-04  -4.23844876e-05   6.38125854e-04]]
[[ -6.62133168e-04   1.81071101e-05   5.85306021e-04]]
[[-0.00139154 -0.00058066  0.00070207]]
[[-0.00048318 -0.00020077  0.00110764]]
[[-0.00053734 -0.00040867  0.0004573 ]]
[[-0.00082834 -0.00017137  0.00032005]]
[[-0.00202588 -0.00164697 -0.00021656]]
[[-0.00094804 -0.00136528  0.00031582]]
[[-0.00064666 -0.00074327 -0.00011445]]
[[-0.00132717 -0.00086007 -0.00332932]]
[[-0.00251988 -0.00271277 -0.00097211]]
[[-0.00161592 -0.00141609  0.00073442]]
[[-0.0004943  -0.00122045  0.00083182]]
[[ 0.00025121 -0.00183014  0.00124918]]
[[ -4.20799235e-05  -2.78062997e-03   2.68718680e-05]]
[[-0.00151804 -0.00341819 -0.00216884]]
[[-0.00026157  0.00145546 -0.00583052]]
[[ -7.40395776e-05  -1.86425525e-03   6.37994119e-04]]
[[-0.00061616 -0.00077452  0.00048072]]
[[ -2.74254628e-05  -8.22280297e-04   5.80214161e-04]]
[[ -4.40065496e-04  -7.35656450e-04   6.14719378e-05]]
[[-0.00033701 -0.00173318  0.0002348 ]]
[[-0.00104952 -0.00126522  0.00028202]]
[[-0.00185476 -0.00223005  0.00062504]]
[[-0.00176691 -0.00100098  0.00211491]]
[[-0.00159629 -0.00078565  0.00046452]]
[[ 0.0009888  -0.00071239  0.00106929]]
[[ 0.00068277 -0.00175887 -0.00030737]]
[[-0.00194558 -0.00313161 -0.0001931 ]]
[[ 0.00056878 -0.00133545  0.00092496]]
[[-0.0007086  -0.00052036  0.00030035]]
[[-0.00032983 -0.00072093  0.00038002]]
[[-0.00039125 -0.00113396  0.00032518]]
[[ 0.00040397 -0.00013271  0.0008143 ]]
[[-0.0006413  -0.00048592  0.00011504]]
[[-0.00038968 -0.00071032  0.00032457]]
[[-0.00090404 -0.00279957 -0.00083574]]
[[ 0.00022427 -0.00105209  0.00017745]]
[[-0.00076498 -0.00114918  0.0006518 ]]
[[-0.00114396 -0.00075155  0.00036775]]
[[-0.00277504 -0.00323217  0.00037013]]
[[-0.00126647 -0.00218022 -0.00017813]]
[[-0.00139773 -0.00116314  0.00185708]]
[[-0.00127848 -0.00069416  0.00138984]]
[[-0.00219293 -0.00129947  0.00354   ]]
[[ 0.00460928  0.00449643  0.00338047]]
[[ 0.00177472  0.00496622  0.0027408 ]]
[[ 0.00165773  0.00239073 -0.00020652]]
[[ 0.00041343  0.00275124 -0.00267983]]
[[-0.00058489  0.0031375  -0.00150148]]
[[-0.00071427  0.00391163  0.00081666]]
[[-0.0015381   0.0053656   0.00500702]]
[[ 0.00126713  0.00226714  0.00452476]]
[[ 0.00038826  0.00067522 -0.00337605]]
[[ 0.0016977   0.00178533 -0.00376314]]
[[ 0.00206405  0.00122507 -0.00351785]]
[[ 0.00160994 -0.00055166 -0.0030529 ]]
[[ 0.00115145 -0.00109517 -0.00305326]]
[[ 0.00076323 -0.00255942 -0.00296476]]
[[ 0.00115559 -0.00204714 -0.00217935]]
[[ 0.00133921 -0.00246703 -0.00121182]]
[[ 0.00454639 -0.00182573  0.00266169]]
[[ 0.00059136  0.00330814 -0.00244207]]
[[ 0.00374069  0.00328202  0.00188711]]
[[  3.15614245e-05  -2.44773487e-04  -3.84889397e-03]]
[[ -9.56025349e-05   1.02942971e-03  -3.37513602e-03]]
[[ 0.00217156  0.00087603 -0.00380618]]
[[ 0.00202515  0.00273514 -0.00504687]]
[[ 0.00241551  0.00196973 -0.00272552]]
[[ 0.0016825   0.00131044 -0.00314727]]
[[ 0.00117088 -0.00024973 -0.00264797]]
[[ 0.00256669 -0.00121109 -0.00309573]]
[[ 0.00047238 -0.00112148 -0.00231062]]
[[ 0.00110654 -0.0008154  -0.00307382]]
[[ 0.00071374 -0.00360034 -0.00380669]]
[[ 0.0005877  -0.00168615 -0.00333199]]
[[ 0.00083344 -0.00199936 -0.00225387]]
[[ 0.00086554 -0.00160773 -0.00154854]]
[[ 0.00157345 -0.00375074 -0.00058242]]
[[ 0.00161722 -0.00227251 -0.00153443]]
[[ 0.00122589 -0.0013871  -0.00056748]]
[[-0.00320382  0.00076868  0.00353023]]
[[ 0.00030202  0.00189205  0.00033164]]
[[ 0.00050967  0.00395134 -0.00076413]]
[[-0.00074642  0.0030722   0.00074912]]
[[-0.00261031  0.00153858 -0.00093013]]
[[-0.00388916  0.00069474  0.00024656]]
[[ 0.0001271   0.00080389  0.00174642]]
[[-0.0003131   0.00242326  0.00645657]]
[[-0.00103781  0.00267446  0.00169581]]
[[-0.00109049  0.00208479  0.00206171]]
[[-0.00207788  0.0003713   0.00194449]]
[[-0.00135386  0.0006855   0.00253381]]
[[ -1.13165479e-03  -8.84737919e-05   2.56495924e-03]]
[[ -2.42372193e-05   1.14640870e-03   2.53730161e-03]]
[[ -1.43376130e-05  -8.24767425e-04   1.54523465e-03]]
[[  2.92120594e-04  -1.91357324e-06   8.71563362e-04]]
[[-0.00191015  0.00804238 -0.00304662]]
[[-0.00461004  0.00082734  0.00023956]]
[[ -9.06357139e-03  -3.54893943e-07   1.25391219e-05]]
[[ 0.00152969  0.00282574  0.00440751]]
[[-0.00145751  0.00148965  0.00167017]]
[[-0.00107784  0.00264632  0.00214199]]
[[-0.00055121  0.00239803  0.00065713]]
[[-0.00217947 -0.00017592  0.00272591]]
[[-0.00241501  0.00030888  0.00163341]]
[[-0.00086867  0.00081509  0.00199807]]
[[-0.00141771  0.00100817  0.00255435]]
[[ 0.00010067 -0.0010526   0.00362321]]
[[ -1.79862801e-03   9.51542331e-05   2.59097105e-03]]
[[ 0.00066333  0.00223445  0.00267028]]
[[ 0.0003194   0.00101086  0.00241105]]
[[ 0.00122375 -0.00219551  0.00232956]]
[[-0.00038612 -0.00080912  0.00111843]]
[[ 0.0007537   0.00056371  0.0004263 ]]
[[ 0.00018601 -0.00014064  0.00115079]]
[[  2.40069177e-05  -7.21924428e-04   4.31330929e-04]]
[[-0.00058513  0.00586885 -0.00188224]]
[[ 0.00059397  0.00917242  0.00031905]]
[[-0.00082313  0.00697559  0.0028997 ]]
[[ 0.00108285  0.00625738  0.0038087 ]]
[[ 0.00396781  0.00563365  0.00352289]]
[[ 0.00638084  0.00641264  0.00084707]]
[[ 0.0043826   0.00920053 -0.00237419]]
[[ 0.00029078  0.00396194 -0.00390448]]
[[ 0.00056822  0.00431898  0.00356453]]
[[-0.00065568  0.00457579  0.00375724]]
[[-0.00075358  0.00226769  0.00369633]]
[[-0.00096064  0.00119218  0.00307315]]
[[-0.00098998  0.00092874  0.00282227]]
[[ -1.12286039e-03   6.48812413e-05   2.56568715e-03]]
[[-0.00134445 -0.00016762  0.00212821]]
[[-0.00135145 -0.00118473  0.00136768]]
[[-0.00205754  0.00553978  0.00238236]]
[[ 0.00419746  0.00377589  0.00327372]]
[[ 0.00646262  0.00385659 -0.00040184]]
[[ -1.98797598e-05   4.42907660e-03   2.40561835e-03]]
[[ 0.00116814  0.00309991  0.00319911]]
[[-0.00124756  0.00371452  0.00385357]]
[[-0.00145814  0.00615226  0.00639556]]
[[-0.00072801  0.00261647  0.00258808]]
[[-0.00015246  0.00168718  0.00325038]]
[[-0.00089053  0.00126457  0.00307953]]
[[-0.00173018  0.00105245  0.00287252]]
[[-0.00090835  0.00113908  0.00217284]]
[[-0.00064863  0.00069054  0.00250593]]
[[-0.00212473 -0.00011578  0.00287237]]
[[-0.00108104  0.00032092  0.0029964 ]]
[[ -9.35277972e-04   2.48670763e-05   1.62646790e-03]]
[[ -1.00128298e-03  -3.53786320e-05   1.68946776e-03]]
[[-0.00254345 -0.00203137  0.00098046]]
[[-0.00139674 -0.00144372  0.00142421]]
[[-0.00100472 -0.00067481  0.00111461]]
[[ 0.00211398  0.002766   -0.00318153]]
[[ 0.00052872  0.00165946 -0.00190038]]
[[ 0.00162178  0.0021633  -0.00116851]]
[[ 0.001929    0.00295421 -0.00160815]]
[[ 0.00120924  0.00244318 -0.00061148]]
[[ 0.00049558  0.00175145 -0.00085004]]
[[ 0.00027878  0.00148068 -0.00263026]]
[[ 0.00230705  0.00534814 -0.00485279]]
[[ 0.00245336  0.00201093 -0.00211447]]
[[ 0.00196528  0.00168764 -0.0022211 ]]
[[ 0.00230129  0.00077157 -0.00222387]]
[[ 0.00181565  0.00031895 -0.00255114]]
[[ 0.00180246 -0.00142526 -0.00221251]]
[[ 0.00101228 -0.00095654 -0.00202864]]
[[ 0.0007316  -0.00238814 -0.00138867]]
[[ 0.00023749 -0.00114359 -0.00089612]]
[[ 0.00208212  0.00235727 -0.00164411]]
[[ 0.00141271  0.00337469 -0.00091677]]
[[ 0.00065967  0.00259481 -0.00069559]]
[[ 0.001671    0.00160127 -0.00389745]]
[[ 0.00270326  0.00215467 -0.00198663]]
[[ 0.00179622  0.00140247 -0.00207327]]
[[ 0.00145936  0.00195143 -0.00177343]]
[[ 0.00219793  0.00062133 -0.00310237]]
[[ 0.00258638  0.00122708 -0.00195977]]
[[ 0.00151129  0.00029159 -0.00223871]]
[[ 0.00140007  0.00057403 -0.00190667]]
[[ 0.00120861 -0.00269499 -0.00358173]]
[[ 0.0023604  -0.00071631 -0.00201232]]
[[ 0.00098381 -0.00066974 -0.00150217]]
[[ 0.00078643 -0.00066747 -0.00181406]]
[[-0.00050985 -0.00390906 -0.00169387]]
[[ 0.00112514 -0.00198743 -0.00118258]]
[[ 0.00053068 -0.00105257 -0.00071547]]
[[ 0.00023344 -0.00088651 -0.00087524]]
[[ 0.00017414 -0.0013374  -0.00083684]]
[[ 0.00563886  0.00119904 -0.00633423]]
[[ 0.00154702 -0.0001495  -0.00317651]]
[[ 0.00124736 -0.00204819 -0.0010982 ]]
[[ 0.00221401 -0.00172728 -0.00189453]]
[[  3.86923882e-03  -4.17590673e-04  -4.74406012e-05]]
[[ 0.00380292  0.00056559 -0.00252572]]
[[ 0.00117434  0.00031575 -0.00607862]]
[[ 0.00419426 -0.00138051 -0.01014499]]
[[ 0.00274325 -0.00113301 -0.0022796 ]]
[[ 0.00208996 -0.00125297 -0.00290449]]
[[ 0.00254446  0.00035191 -0.00296516]]
[[ 0.00129773 -0.00036762 -0.00349128]]
[[ -2.15187958e-04   3.76774283e-05  -3.70621423e-03]]
[[-0.00092119 -0.001256   -0.00284112]]
[[-0.00129107  0.00036531 -0.00180971]]
[[-0.00112446 -0.000344   -0.00078503]]
[[ 0.00360501 -0.00566681  0.00188214]]
[[ 0.00610103 -0.00026151 -0.00033596]]
[[ 0.00809541  0.00301458 -0.00294227]]
[[-0.00031735 -0.00064047 -0.00490117]]
[[  3.67731948e-03  -4.48690293e-05  -1.54025343e-03]]
[[ 0.0018951  -0.00180875 -0.00274083]]
[[ 0.00159664 -0.00161225 -0.00158464]]
[[ 0.0026023   0.00111908 -0.00342239]]
[[ 0.00326469  0.00040795 -0.00331069]]
[[ 0.0006985  -0.00048648 -0.0025991 ]]
[[ 0.00141896 -0.00067708 -0.00358522]]
[[-0.00091718  0.00074874 -0.00405683]]
[[ -5.53027859e-04  -9.58507728e-05  -4.35240025e-03]]
[[-0.00142989 -0.00232002 -0.00308799]]
[[-0.00116426 -0.00116558 -0.0027311 ]]
[[-0.00225601  0.0013543  -0.00228893]]
[[-0.00157449  0.00047054 -0.00138326]]
[[-0.0014902  -0.00095001 -0.00040866]]
[[-0.0009836  -0.00024646 -0.00126129]]
[[-0.00067748  0.00029072 -0.00021665]]
[[ 0.00306499 -0.00753861 -0.01035546]]
[[ 0.00648847 -0.00615825 -0.0050586 ]]
[[ 0.00628988 -0.00295178  0.00066534]]
[[ 0.00555294 -0.00216474  0.00432244]]
[[ 0.00555379 -0.00175181  0.00182678]]
[[ 0.00559016 -0.00245782 -0.00167872]]
[[ 0.00738148 -0.00441001 -0.00749674]]
[[ 0.0025359  -0.00155839 -0.01012844]]
[[ 0.00421729 -0.00065965  0.00540155]]
[[ 0.00437069 -0.00110236  0.00817362]]
[[ 0.00067382 -0.00128353  0.00715285]]
[[ 0.00076317  0.00082535  0.00683573]]
[[ 0.00028131  0.00083182  0.00625874]]
[[ 0.00078901  0.00243112  0.00620104]]
[[ 0.00035139  0.00156525  0.00536556]]
[[-0.00011926  0.00194098  0.00370757]]
[[ 0.00335344 -0.00036051 -0.00130175]]
[[ 0.00339326 -0.00179716  0.00354754]]
[[ 0.00034251 -0.0014466  -0.00319722]]
[[  3.42416451e-03   7.76911215e-05   5.67767568e-03]]
[[ 0.00454598 -0.00029937  0.00541191]]
[[ 0.00658044 -0.00160905  0.01051685]]
[[ 0.00227249 -0.00088838  0.00822407]]
[[-0.00030733 -0.00225514  0.00578683]]
[[ 0.0015006  -0.00088733  0.00617565]]
[[ 0.00112777  0.00054433  0.00824586]]
[[-0.00090637  0.00204305  0.00625543]]
[[ 0.00047201  0.00078224  0.00512971]]
[[ 0.00073766  0.00080081  0.00612255]]
[[ 0.00018249  0.00371145  0.00636161]]
[[ 0.00171679  0.00199614  0.00712285]]
[[  7.42990139e-05   1.62188401e-03   5.05179387e-03]]
[[ 0.00078603  0.00114037  0.00547896]]
[[-0.00080883  0.00319045  0.00234924]]
[[-0.00043792  0.00246766  0.00450185]]
[[  2.50390253e-05   2.74137391e-05   2.56775735e-03]]
[[ 0.00593904  0.00431307 -0.0118441 ]]
[[ 0.0080959   0.00726216 -0.00481918]]
[[ 0.00772541  0.00483811  0.00088612]]
[[ 0.00680379  0.00381367  0.00371191]]
[[ 0.00808952  0.00287085  0.00203651]]
[[ 0.00960374  0.00360392 -0.00176292]]
[[ 0.00841686  0.0058051  -0.00714102]]
[[ 0.00160761 -0.0006525  -0.0115633 ]]
[[ 0.00510982  0.00254945  0.00437381]]
[[ 0.00557755  0.00199318  0.00712579]]
[[ 0.00219976  0.00080966  0.00639556]]
[[ 0.00176466 -0.00047856  0.00606673]]
[[  9.40171835e-04   7.21632481e-05   5.45659450e-03]]
[[ 0.0011832  -0.00063322  0.0057556 ]]
[[ 0.0007254  -0.00063233  0.00553142]]
[[ 0.00077517 -0.0016852   0.00450683]]
[[ 0.00728516  0.00462796  0.0018387 ]]
[[ 0.00719018  0.00131766  0.00297836]]
[[ 0.00890051  0.00101266 -0.00279584]]
[[ 0.00375053  0.00254113  0.0033921 ]]
[[ 0.00541909  0.00122233  0.00424763]]
[[ 0.00788498  0.00248036  0.00948214]]
[[ 0.00265169  0.00196354  0.00813187]]
[[ 0.00187245  0.00111526  0.00507636]]
[[ 0.00312702  0.00028062  0.00551181]]
[[ 0.00187739 -0.00047005  0.00771921]]
[[ 0.00018388 -0.00145004  0.0047977 ]]
[[ 0.00062267  0.00010536  0.00476458]]
[[  1.53562390e-03  -7.02329162e-05   5.23567568e-03]]
[[-0.0005514  -0.00108038  0.00519755]]
[[ 0.00237466 -0.00083236  0.00662889]]
[[ 0.00054642 -0.0007297   0.004646  ]]
[[ 0.00110987 -0.0004332   0.00598387]]
[[-0.00098535 -0.00292469  0.00394812]]
[[ 0.00103887 -0.00238552  0.00518157]]
[[ 0.00091676 -0.00035664  0.00361914]]
[[ 0.00124047 -0.00097743 -0.00681501]]
[[-0.00109155 -0.00286783 -0.00495644]]
[[-0.00030623 -0.00171584 -0.00249951]]
[[ 0.00033015 -0.00133913 -0.00180787]]
[[ 0.00030452 -0.0023389  -0.00078541]]
[[-0.00171587 -0.00364759 -0.00327813]]
[[-0.00138089 -0.00355619 -0.00785013]]
[[ 0.00342678  0.00160682 -0.01043236]]
[[ 0.00150799 -0.00211557 -0.00145982]]
[[ 0.00062272 -0.00089328 -0.00207294]]
[[ 0.00096272 -0.00097236 -0.00226541]]
[[  9.69761817e-05  -7.85038956e-04  -2.80554179e-03]]
[[-0.00098559 -0.00173793 -0.00276704]]
[[-0.00121562 -0.00126068 -0.00179008]]
[[-0.00174465 -0.00215652 -0.00113812]]
[[-0.00154108 -0.00101313 -0.00024556]]
[[  6.55340008e-05  -1.11846796e-03  -2.17821687e-03]]
[[  1.18369066e-03  -1.30400158e-03   6.56255602e-05]]
[[-0.00210894 -0.00555916 -0.00397627]]
[[-0.00071531 -0.00349712 -0.00256244]]
[[ 0.00233096 -0.00196713 -0.00029558]]
[[ 0.00027937 -0.00051075 -0.00210049]]
[[ 0.0010441  -0.00082364 -0.00195345]]
[[ 0.00052625 -0.0013211  -0.00251103]]
[[ 0.0016822  -0.00051588 -0.00260916]]
[[-0.00033667 -0.0004826  -0.00240304]]
[[ 0.00017873 -0.00074454 -0.00234126]]
[[-0.0009814  -0.00263281 -0.00331128]]
[[-0.0015524  -0.00108077 -0.00329464]]
[[-0.00080908 -0.00112729 -0.00140511]]
[[-0.00132988 -0.00073186 -0.00179372]]
[[-0.0026455  -0.00320915 -0.0010942 ]]
[[-0.00217478 -0.00190259 -0.00093883]]
[[-0.00098011 -0.00099715 -0.00019196]]
[[-0.0015233  -0.00063022 -0.00066629]]
[[ -1.23929987e-03  -9.80077326e-04   6.03116105e-05]]
