[[-0.00816185  0.00591476  0.00812409]]
[[-0.01002963  0.00023195  0.00373141]]
[[ -1.08573063e-02  -1.93229965e-03  -3.15110631e-05]]
[[-0.00854305 -0.00224822 -0.00303442]]
[[-0.00736347 -0.00237362 -0.00091446]]
[[-0.007105   -0.00216913  0.00095805]]
[[-0.00819737 -0.00152882  0.00321634]]
[[-0.00642506  0.00136781  0.00713274]]
[[-0.00677479 -0.0019947  -0.00430597]]
[[-0.00795129 -0.00162419 -0.00785611]]
[[ -3.51567873e-03  -5.11531835e-05  -6.87685974e-03]]
[[-0.00341209 -0.00104072 -0.0072837 ]]
[[-0.0016821  -0.00061711 -0.00662011]]
[[-0.00135402 -0.00090315 -0.00662303]]
[[ -8.97859034e-04  -6.25284391e-05  -6.38586442e-03]]
[[-0.00018135  0.00029785 -0.00522827]]
[[-0.00888965 -0.00319904  0.00170072]]
[[-0.00611231 -0.00201066 -0.00222821]]
[[-0.00637767 -0.00218056  0.00156756]]
[[-0.00583808 -0.00284131 -0.00525959]]
[[-0.00694897 -0.00172988 -0.00452892]]
[[-0.01139337 -0.00063515 -0.01064059]]
[[-0.00542574 -0.00290777 -0.00572569]]
[[-0.00192817  0.00070412 -0.00597165]]
[[-0.00428166 -0.00080525 -0.00605403]]
[[-0.00406538 -0.00123621 -0.00980411]]
[[-0.00175788 -0.00201677 -0.00627942]]
[[-0.00162062 -0.00078917 -0.0059768 ]]
[[-0.00246067 -0.00049257 -0.00622799]]
[[-0.00019856 -0.00138454 -0.0054596 ]]
[[-0.00206097 -0.00186986 -0.0076206 ]]
[[-0.00040146 -0.00023474 -0.00648571]]
[[-0.00149144  0.00026168 -0.00678455]]
[[  2.34859750e-04   3.72691839e-05  -3.75682057e-03]]
[[  7.10768064e-05  -7.58131975e-04  -5.46966760e-03]]
[[-0.00024391  0.00198325 -0.00483888]]
[[-0.00429183 -0.00046551  0.00378833]]
[[-0.00413088  0.00017622  0.0046523 ]]
[[-0.0036911  -0.00018518  0.00387567]]
[[-0.00433865  0.00032344  0.00391143]]
[[-0.00604648  0.00101478  0.00296397]]
[[-0.00688387  0.00127775  0.00447842]]
[[-0.00485918  0.00162346  0.00561337]]
[[-0.00592387 -0.00034898  0.00486099]]
[[ -3.69549974e-03   2.99320300e-05   3.14085895e-03]]
[[-0.00227877  0.00082413  0.00327489]]
[[-0.00153414  0.00014537  0.0035975 ]]
[[-0.00072284  0.00069218  0.00361445]]
[[ 0.00108608  0.00092697  0.00370447]]
[[ 0.00116456  0.00188465  0.00225144]]
[[ 0.00163513  0.00119038  0.0013595 ]]
[[ 0.00138377  0.00121525  0.00055109]]
[[-0.00342165 -0.00055572  0.00323037]]
[[-0.00754489  0.00100526  0.00270577]]
[[-0.01095103 -0.00049815  0.00485832]]
[[-0.00278224 -0.00064454  0.00346497]]
[[-0.0046245  -0.00019603  0.00291511]]
[[-0.0017701   0.00055806  0.00283069]]
[[-0.00168237  0.00132712  0.00236234]]
[[ -1.30349725e-03   7.98786499e-05   3.62217388e-03]]
[[-0.00177014 -0.00066089  0.00461923]]
[[-0.00026977  0.00049591  0.00302538]]
[[-0.00085601  0.00101254  0.00390735]]
[[ 0.00049399  0.00107852  0.00279867]]
[[ 0.00228065  0.00080108  0.00441624]]
[[ 0.00199145  0.00298282  0.00296749]]
[[ 0.00135963  0.00091221  0.00232401]]
[[ 0.00109539  0.00123857  0.00105582]]
[[ 0.00236992  0.00123061  0.00109532]]
[[ 0.00198606  0.00197018  0.00038306]]
[[ 0.00148548  0.00068641  0.00095298]]
[[  9.69544945e-04   7.60711357e-04   2.06344057e-05]]
[[-0.00308395  0.00522199  0.0038328 ]]
[[-0.00060958  0.0112918   0.00392459]]
[[-0.00218783  0.00809531  0.00392927]]
[[-0.00197428  0.00787738  0.00461826]]
[[-0.00066313  0.00962759  0.00336853]]
[[ 0.00060612  0.01311693  0.00403545]]
[[ 0.00160973  0.01345444  0.00358299]]
[[-0.00551135  0.00176664  0.00560872]]
[[-0.00271964  0.00622705  0.00406738]]
[[-0.00291233  0.0043686   0.00446504]]
[[-0.00319618  0.00237638  0.00467411]]
[[-0.00193265  0.0002492   0.00485721]]
[[-0.00046422  0.00115442  0.00456257]]
[[ 0.00048295 -0.00076605  0.00348724]]
[[ 0.00066748  0.00076014  0.00201476]]
[[ 0.00080869 -0.00106015  0.00060817]]
[[-0.00314757  0.0056976   0.00343557]]
[[-0.00132356  0.00896769  0.00269808]]
[[-0.00231622  0.01666603  0.0049437 ]]
[[ -2.21733228e-05   7.74987335e-03   4.00489012e-03]]
[[-0.00301883  0.00572916  0.00267445]]
[[-0.00319508  0.00284262  0.00438886]]
[[-0.00456575  0.00537178  0.0065988 ]]
[[-0.00188104  0.00300735  0.00407898]]
[[-0.00363386  0.00239665  0.00469206]]
[[-0.00111982  0.00024314  0.00406605]]
[[-0.00295704 -0.00060524  0.00448885]]
[[-0.00014046  0.0023155   0.00458633]]
[[ -6.39326153e-05   4.69025195e-04   4.98993614e-03]]
[[ 0.00036867 -0.00204433  0.00386588]]
[[  9.72600270e-04  -5.45536834e-06   3.82362377e-03]]
[[ 0.00184885  0.00205756  0.00185822]]
[[ 0.0009845   0.00072015  0.00140591]]
[[ -1.97769643e-04  -2.24353360e-03   9.64264192e-05]]
[[ 0.00086222 -0.00119885  0.00130278]]
[[ 0.0006309  -0.00037612 -0.00024726]]
[[-0.00483858  0.00384214  0.0068912 ]]
[[-0.00989649 -0.00290322  0.00342065]]
[[-0.01021039  0.00127814 -0.00059822]]
[[-0.00781028  0.00013426 -0.00450706]]
[[-0.0083484  -0.0011293  -0.00170641]]
[[-0.01014994 -0.00291904  0.00118036]]
[[-0.01036144 -0.00458719  0.00443612]]
[[-0.00268866  0.00719697  0.00546969]]
[[-0.00516378  0.00145511 -0.00588326]]
[[-0.00462296  0.00203778 -0.00865658]]
[[-0.00048515  0.00201094 -0.00789668]]
[[ 0.00038331  0.00274554 -0.00712183]]
[[ 0.00065948  0.00052821 -0.00639206]]
[[ 0.00027146  0.00106048 -0.00619568]]
[[ -2.09199551e-05  -6.15415265e-04  -5.57771434e-03]]
[[ 0.00021882  0.00069368 -0.00372435]]
[[-0.0079564   0.00717474  0.00065885]]
[[-0.00649936  0.00088868 -0.00303847]]
[[ -8.68963495e-03   7.09216890e-05   2.27549331e-03]]
[[-0.00772285  0.00177017 -0.0072302 ]]
[[-0.00542411  0.00076842 -0.00543861]]
[[-0.00614825  0.00350883 -0.01111145]]
[[-0.0010854   0.00229732 -0.00868562]]
[[-0.00093957  0.00177273 -0.00819524]]
[[-0.00148972  0.00180669 -0.00645155]]
[[ 0.00072929  0.00346644 -0.0081975 ]]
[[ 0.00173068  0.00400249 -0.00499983]]
[[-0.00024128 -0.00015725 -0.00773842]]
[[ 0.0004663   0.00033891 -0.00611772]]
[[ 0.00183666  0.00167312 -0.00477557]]
[[-0.00057669  0.00205003 -0.00652129]]
[[-0.00118684 -0.00153949 -0.00576969]]
[[-0.00018286 -0.0011826  -0.00599368]]
[[ 0.00199828  0.00150708 -0.00231264]]
[[ 0.00050542  0.00210232 -0.00433995]]
[[-0.00022118 -0.00091997 -0.00279601]]
[[ 0.00442973 -0.0036574   0.0008062 ]]
[[ 0.00162117 -0.00580723  0.00130798]]
[[ 0.00026273 -0.00667052  0.00020394]]
[[-0.0003596  -0.00535173 -0.00154285]]
[[-0.00106319 -0.00423748 -0.00089325]]
[[ -1.02795174e-03  -4.07154426e-03   8.62809874e-05]]
[[-0.0002308  -0.00450816  0.00074391]]
[[ 0.00035828 -0.00283265  0.00118419]]
[[ -8.45780770e-05  -5.96993877e-03  -2.62032014e-03]]
[[ 0.00114344 -0.00366911 -0.00281252]]
[[ 0.00105281 -0.00232349 -0.00279246]]
[[ 0.0012593  -0.00182884 -0.00216465]]
[[ 0.00073873 -0.00153482 -0.00229398]]
[[ 0.00107325 -0.00109225 -0.00208347]]
[[ 0.00099941 -0.00050095 -0.0020295 ]]
[[  1.30753766e-03  -4.89102447e-05  -1.67036006e-03]]
[[ 0.00309084 -0.01056989  0.00277577]]
[[-0.00105739 -0.00375159 -0.0014928 ]]
[[-0.00129486 -0.00371992  0.00036437]]
[[-0.00032494 -0.00816212 -0.0044955 ]]
[[-0.000887   -0.00395613 -0.00296283]]
[[ 0.00141261 -0.00404074 -0.00266912]]
[[ 0.00071113 -0.00379676 -0.00181172]]
[[ 0.00209609 -0.00241893 -0.00329633]]
[[ 0.0005246  -0.00195649 -0.00278826]]
[[ 0.00129228 -0.00175907 -0.00178187]]
[[ 0.00096012 -0.00207835 -0.0018001 ]]
[[ 0.00050389 -0.00190457 -0.00265432]]
[[ 0.00046274 -0.00098571 -0.00237234]]
[[ 0.00091814 -0.00115927 -0.00164005]]
[[ 0.00121519 -0.00139375 -0.00189611]]
[[ 0.00103003 -0.00048112 -0.00253836]]
[[ 0.00070324 -0.00026182 -0.00180598]]
[[  9.68390311e-04  -9.72823485e-05  -1.20134721e-03]]
[[  1.56271879e-03  -8.50288948e-05  -1.40508611e-03]]
[[ 0.00118401  0.00050514 -0.00181086]]
[[-0.00073668 -0.00289028  0.00129078]]
[[-0.0009789  -0.00233037  0.00155808]]
[[-0.00148481 -0.00216739  0.00149313]]
[[-0.00184866 -0.00225351  0.0017526 ]]
[[-0.00314093 -0.00243396  0.00084275]]
[[-0.00456942 -0.00248483  0.00124268]]
[[-0.00133017 -0.00206889  0.00073674]]
[[-0.0001001  -0.00350991  0.00138441]]
[[-0.00126921 -0.00208925  0.00154395]]
[[-0.00127268 -0.00212493  0.00165234]]
[[-0.00159452 -0.00155934  0.001975  ]]
[[-0.00143821 -0.00091544  0.00238783]]
[[ -1.17244811e-03  -3.20296894e-05   2.50578126e-03]]
[[-0.00058589  0.00140124  0.00214604]]
[[-0.00045175  0.00091817  0.00143898]]
[[-0.00010116  0.0012946   0.00106064]]
[[-0.00149432 -0.00220035  0.00143444]]
[[-0.00389208 -0.00406625  0.00129434]]
[[-0.00870125 -0.00442344  0.00061923]]
[[-0.00094377 -0.00247146  0.00144461]]
[[-0.00143497 -0.0019981   0.00161676]]
[[-0.00132177 -0.00161168  0.00156479]]
[[-0.00106258 -0.00277768  0.00142443]]
[[-0.00111149 -0.00171054  0.00172368]]
[[-0.00160234 -0.00199849  0.00194202]]
[[-0.00130261 -0.00078705  0.00214309]]
[[-0.00185377 -0.00112584  0.00332238]]
[[-0.00092295 -0.00024683  0.00179745]]
[[-0.00120151  0.00012815  0.00247611]]
[[ 0.00023285  0.00240572  0.00322891]]
[[-0.00034375  0.00042909  0.00209641]]
[[-0.00047672  0.00066676  0.00117983]]
[[-0.00046727  0.00105924  0.00117362]]
[[ 0.00050072  0.00220066  0.00100648]]
[[  8.74329325e-06   7.34365234e-04   1.13014828e-03]]
[[-0.0001996   0.00078032  0.00073383]]
[[ 0.00193631 -0.00729874 -0.00043337]]
[[ 0.00501722  0.00016263 -0.00114727]]
[[ 0.00546671 -0.00363871  0.00073483]]
[[ 0.00429395 -0.00146721  0.00395152]]
[[ 0.00565528  0.00038579  0.00190135]]
[[ 0.00775183  0.00220598 -0.00040754]]
[[ 0.00740879  0.00362184 -0.00238392]]
[[ 0.00277956 -0.00772073 -0.00104869]]
[[ 0.00245005 -0.00296667  0.00510875]]
[[ 0.00094093 -0.0028574   0.00613519]]
[[-0.00070551 -0.00271103  0.00595488]]
[[-0.00097297 -0.00300021  0.00547724]]
[[-0.00121341 -0.00049503  0.00497134]]
[[-0.0011063  -0.00074436  0.00462281]]
[[-0.00118062  0.00110257  0.0037063 ]]
[[-0.00125942 -0.00029886  0.00235904]]
[[ 0.0035248  -0.01082702 -0.00102448]]
[[ 0.00437444 -0.00159668  0.00282558]]
[[ 0.00672382 -0.00055906 -0.00149966]]
[[ 0.00559206 -0.00363381  0.00689162]]
[[ 0.00295053 -0.00157797  0.00476296]]
[[ 0.00072219 -0.00542407  0.00683261]]
[[-0.00129676 -0.00263024  0.00661544]]
[[ -2.80786940e-05  -2.65034637e-03   7.06097170e-03]]
[[ -4.70525601e-06  -2.07702047e-03   5.07697823e-03]]
[[-0.00052767 -0.00372636  0.00552688]]
[[-0.00202408 -0.00413482  0.00321175]]
[[-0.00014551  0.00030785  0.00683233]]
[[-0.0012134  -0.0001745   0.00462904]]
[[-0.0021033  -0.00125809  0.00344951]]
[[-0.00092366 -0.00132717  0.00495243]]
[[ 0.00036208  0.00244062  0.00423784]]
[[-0.0009453   0.00146718  0.00314968]]
[[-0.00256518 -0.0010179   0.00137705]]
[[-0.00148741 -0.00101172  0.00246347]]
[[-0.00096757  0.00063671  0.00206856]]
[[ 0.00292317 -0.00560164 -0.00225445]]
[[ 0.00175527 -0.01155819 -0.00242741]]
[[ 0.00335743 -0.0083311  -0.00298392]]
[[ 0.00366517 -0.00823731 -0.00435289]]
[[ 0.00335698 -0.00957563 -0.00357953]]
[[ 0.0042509  -0.01270876 -0.00327857]]
[[ 0.00107102 -0.01358853 -0.00041192]]
[[ 0.00460448 -0.00260837 -0.0028985 ]]
[[ 0.00334978 -0.00630602 -0.00393999]]
[[ 0.00355462 -0.00429968 -0.00387552]]
[[ 0.00387989 -0.00228314 -0.00387234]]
[[  2.89875531e-03  -4.82256396e-05  -3.97453364e-03]]
[[ 0.00247438 -0.0010103  -0.00350016]]
[[ 0.00102303  0.00119968 -0.00324787]]
[[ 0.00108013 -0.00040617 -0.00187483]]
[[ 0.00039982  0.00157344 -0.00082176]]
[[ 0.00395467 -0.00593948 -0.00279751]]
[[ 0.0038821  -0.00857514 -0.0034255 ]]
[[ 0.0087045  -0.01289113 -0.00390999]]
[[ 0.00060671 -0.00792951 -0.00366998]]
[[ 0.00371853 -0.0055394  -0.00337158]]
[[ 0.00401747 -0.00282435 -0.00371741]]
[[ 0.00507251 -0.00534852 -0.00617048]]
[[ 0.00244953 -0.00300709 -0.00325196]]
[[ 0.00408981 -0.0020988  -0.00334075]]
[[ 0.00224212 -0.00014371 -0.00334835]]
[[ 0.00383568  0.00082967 -0.00383641]]
[[ 0.0014642  -0.00242707 -0.00389435]]
[[ 0.00312009 -0.00020208 -0.00329649]]
[[ 0.00097331  0.00259628 -0.00376193]]
[[ 0.00043605  0.00027391 -0.0034551 ]]
[[-0.00052552 -0.00188287 -0.00190365]]
[[ 0.00145257 -0.00036563 -0.00131293]]
[[ 0.00131207  0.00299478 -0.00036475]]
[[ 0.00032475  0.0016225  -0.00126668]]
[[  3.03308796e-04   7.67958544e-04  -5.38640357e-05]]
[[ 0.00404633  0.00093245  0.00052365]]
[[ 0.00171608 -0.00173278  0.00164255]]
[[ 0.00050549 -0.00284675  0.00122173]]
[[ -4.93367303e-05  -1.97207589e-03  -3.41629003e-05]]
[[ -2.84617349e-04  -1.18262016e-03   6.94924683e-05]]
[[ -1.45971220e-05  -8.62919977e-04   3.98893316e-04]]
[[ 0.00040906 -0.000907    0.00081795]]
[[ 0.00069289  0.00092007  0.00038436]]
[[-0.00012953 -0.00243411 -0.00079328]]
[[ 0.00066954 -0.00112749 -0.0008804 ]]
[[ 0.0005539  -0.00016523 -0.00067106]]
[[ 0.0004849  -0.00039535 -0.00020077]]
[[ 0.00010353 -0.00069004 -0.00039132]]
[[ 0.00028022 -0.00056829 -0.00051458]]
[[ 0.00036887 -0.00051945 -0.00068128]]
[[  6.91653839e-04  -7.49628980e-05  -6.15492033e-04]]
[[ 0.00282823 -0.00614757  0.00411254]]
[[-0.00026958 -0.00088907 -0.00023758]]
[[-0.0001366  -0.00062369  0.00022887]]
[[-0.00065359 -0.00355327 -0.00210585]]
[[-0.00047061 -0.00126921 -0.00094443]]
[[ 0.00099163 -0.00161203 -0.00073426]]
[[ 0.00040957 -0.00103676 -0.00041784]]
[[ 0.00141333  0.00032724 -0.00065361]]
[[ 0.00041533 -0.00037183 -0.00060694]]
[[ 0.00056386 -0.00041159  0.00013472]]
[[ 0.00038811 -0.00043483 -0.00028726]]
[[-0.00033427 -0.00091919 -0.00037197]]
[[  7.48240643e-05  -3.41381233e-04  -4.95867495e-04]]
[[ 0.00032674 -0.00046753 -0.00037304]]
[[ 0.00043663 -0.00096771 -0.00039712]]
[[ 0.0002854  -0.00069243 -0.00107898]]
[[ 0.00023926 -0.000214   -0.00056852]]
[[  4.74903476e-04   1.68355173e-05  -3.64804459e-04]]
[[ 0.00092909 -0.00016452 -0.00050647]]
[[ 0.00067825  0.00020005 -0.00071274]]
[[ 0.00024778  0.00014647  0.00031998]]
[[  4.82161526e-05   7.36688367e-04   1.92101988e-05]]
[[ -6.76160284e-06   5.95338255e-04  -1.86679443e-04]]
[[ -6.49546775e-04   6.17993058e-04  -8.84354045e-05]]
[[-0.00231316  0.00066132 -0.00066898]]
[[-0.00391558  0.00094007 -0.00011038]]
[[-0.00073652  0.0013701  -0.00035934]]
[[  5.63810909e-04  -6.24015604e-05   8.40001285e-04]]
[[-0.00012689  0.00040947 -0.00013094]]
[[ 0.00018413  0.00056035 -0.00029009]]
[[  7.70847490e-05   1.71367411e-04  -2.33365889e-04]]
[[  3.44321548e-04   5.36567585e-04   4.68649442e-05]]
[[  7.48937451e-04   8.59502544e-04   6.09942602e-05]]
[[ 0.00130735  0.00175641 -0.00036815]]
[[ 0.00193256  0.00096576 -0.00099238]]
[[ 0.0017199   0.00105178 -0.00244648]]
[[ 0.00021903  0.00038635 -0.00013585]]
[[ -3.52701609e-03  -8.40494872e-04   9.33543980e-05]]
[[-0.00855681 -0.00051139 -0.00052181]]
[[  3.38264107e-05   2.65933282e-04  -5.18719227e-05]]
[[-0.00030263  0.00028983  0.00012619]]
[[ 0.00032207  0.0003904  -0.00025393]]
[[ 0.00062211  0.0008499  -0.00095151]]
[[ 0.00028241  0.00024337 -0.00014728]]
[[  3.69173032e-05  -4.30026143e-04  -8.08890173e-06]]
[[  5.51561663e-04   3.68638874e-04  -6.56718340e-05]]
[[ 0.00014437  0.00074119  0.00059346]]
[[ 0.00069778  0.00083913 -0.00029574]]
[[ 0.00072251  0.00086945  0.00035119]]
[[ 0.00227335  0.00278546  0.00041161]]
[[ 0.00144645  0.00077007 -0.00030765]]
[[ 0.00133599  0.00100172 -0.00090832]]
[[ 0.00163501  0.00093655 -0.00034293]]
[[ 0.00256749  0.0015708  -0.0022976 ]]
[[ 0.00127729  0.00041995 -0.00158135]]
[[ 0.00194312  0.00022269 -0.00424204]]
[[-0.00075257  0.0015743  -0.00322891]]
[[  4.72700302e-05   5.59589048e-03  -1.63961900e-03]]
[[-0.00058041  0.0040129   0.00085648]]
[[ 0.00078873  0.00366988  0.00188848]]
[[ 0.00312634  0.00335084  0.00187174]]
[[ 0.00479718  0.00409892 -0.0006006 ]]
[[ 0.00281568  0.0058949  -0.00405226]]
[[-0.00100885 -0.00065114 -0.00478686]]
[[ 0.00054802  0.00191793  0.00190363]]
[[-0.00036043  0.00177543  0.00173871]]
[[ 0.00011823  0.00037308  0.00153365]]
[[ 0.00021263 -0.0006036   0.00070849]]
[[ 0.00081377 -0.00014675  0.00052458]]
[[ 0.00089588 -0.00041866  0.00032809]]
[[ 0.00158222 -0.00047987  0.000189  ]]
[[ 0.00129271 -0.00142638 -0.00163421]]
[[-0.00132806  0.00256172  0.00064303]]
[[ 0.00313736  0.00173009  0.00194958]]
[[ 0.00461983  0.00174973 -0.00131195]]
[[ 0.00023958  0.00176274  0.00103094]]
[[ 0.0010746   0.00127139  0.00178129]]
[[-0.00083711  0.00122857  0.00173873]]
[[-0.00132358  0.00246498  0.00394437]]
[[ 0.00019097  0.00049315  0.00091079]]
[[ 0.00058466  0.00029764  0.0014846 ]]
[[ 0.00044802 -0.00047602  0.00051881]]
[[-0.00053558 -0.00125361 -0.00016084]]
[[ 0.00067886 -0.00017694  0.00034479]]
[[  1.05432925e-03  -3.30956704e-05   8.26571916e-04]]
[[  3.30990042e-05  -5.70689754e-04   2.49046232e-04]]
[[ 0.00101295 -0.00021222  0.00059387]]
[[ 0.0013553  -0.0006814  -0.00012192]]
[[ 0.00166306 -0.00011526  0.0010438 ]]
[[ 0.0002872  -0.00211979 -0.00125297]]
[[ 0.00094948 -0.00139552 -0.00095303]]
[[ 0.00217588 -0.00067964 -0.00344193]]
[[-0.00086613 -0.00084553 -0.00357864]]
[[-0.0020265  -0.00271932 -0.00128938]]
[[-0.00104161 -0.00146612  0.00041805]]
[[  9.21723221e-05  -1.22054649e-03   5.42031464e-04]]
[[ 0.00081175 -0.00185758  0.0010421 ]]
[[ 0.00048509 -0.00282022 -0.00021356]]
[[-0.00103456 -0.00342284 -0.00240351]]
[[ 0.00019225  0.00145766 -0.006054  ]]
[[ 0.00063335 -0.00179484  0.0004021 ]]
[[  5.59823593e-05  -6.95580821e-04   1.35654405e-04]]
[[ 0.00086154 -0.00072503  0.00020732]]
[[ 0.00038123 -0.00062362 -0.00050761]]
[[ 0.0007779  -0.00162339 -0.0003523 ]]
[[ -2.06196890e-05  -1.08900735e-03  -6.03019146e-04]]
[[ -8.53900999e-05  -2.02793619e-03  -2.15600599e-04]]
[[ -5.01549449e-04  -8.95971731e-04  -4.17721709e-06]]
[[-0.00099041 -0.00082656  0.00012461]]
[[ 0.00155662 -0.00068005  0.00096218]]
[[ 0.00123658 -0.00178721 -0.00053069]]
[[-0.0013296  -0.00306681 -0.00045795]]
[[ 0.00135472 -0.00128651  0.00081218]]
[[ -4.32559355e-05  -4.71774510e-04  -3.76718543e-05]]
[[  2.86242366e-04  -6.52546030e-04   1.71976218e-05]]
[[  3.69283388e-04  -1.04970663e-03  -8.56564197e-05]]
[[  1.40555710e-03  -5.20137268e-05   6.07060900e-04]]
[[ 0.00012259 -0.00043855 -0.0004311 ]]
[[ 0.00036588 -0.0005892  -0.00026212]]
[[  5.80764854e-05  -2.73936786e-03  -1.47382893e-03]]
[[ 0.0015038  -0.00090886 -0.00019017]]
[[ 0.00018473 -0.00094623 -0.00028774]]
[[-0.0002526  -0.00068738 -0.00052136]]
[[-0.00141583 -0.00324811 -0.00051347]]
[[ 0.00040739 -0.00179984 -0.00014675]]
[[ -7.80013925e-05  -8.86360326e-04   1.88895847e-05]]
[[-0.00054148 -0.0005733  -0.0001549 ]]
[[-0.00042853 -0.00086265  0.00010516]]
[[ 0.0011144   0.00581461  0.00528989]]
[[-0.00550732  0.007679    0.00334934]]
[[-0.00453065  0.00345743  0.00051844]]
[[-0.00418409  0.00273053 -0.00169845]]
[[-0.00607733  0.00411812  0.00085161]]
[[-0.01001245  0.00635398  0.00199768]]
[[-0.00797324  0.00818848  0.00240596]]
[[ 0.0023547  -0.00131454  0.00119505]]
[[-0.00150884  0.00166701 -0.00293883]]
[[-0.00133323  0.00136441 -0.00531668]]
[[ 0.00133781  0.00113371 -0.00455942]]
[[ 0.00108389 -0.00042699 -0.00378893]]
[[-0.00025855  0.00066734 -0.00354032]]
[[-0.00053703 -0.0001327  -0.00305581]]
[[-0.00038631  0.00091618 -0.00242023]]
[[  7.07468496e-05  -5.87301577e-04  -1.17423081e-03]]
[[-0.00096333 -0.00063519  0.00260301]]
[[-0.00449532  0.00250764  0.00037059]]
[[-0.01036475  0.00678942  0.0021228 ]]
[[-0.0032727   0.00168557 -0.00453319]]
[[-0.00138128  0.00175756 -0.00162677]]
[[-0.00247074  0.00095869 -0.00701506]]
[[ 0.00106021  0.00152241 -0.00629268]]
[[ 0.00145118  0.0021063  -0.0038575 ]]
[[ 0.00137855  0.00040676 -0.00383715]]
[[ 0.00148532 -0.00084039 -0.00391346]]
[[ 0.00208405 -0.00121713 -0.0024769 ]]
[[-0.00095947  0.00129024 -0.00412576]]
[[-0.00085606  0.00071455 -0.0040165 ]]
[[ 0.00129752 -0.0003837  -0.00220524]]
[[-0.00114442 -0.00132112 -0.00335269]]
[[-0.00192045  0.00191914 -0.00279297]]
[[-0.00096101  0.00152976 -0.00182015]]
[[ 0.00208481 -0.00130306 -0.00025374]]
[[ 0.00030533 -0.00193091 -0.00218887]]
[[ 0.00031172  0.00018501 -0.00053275]]
[[ 0.0023201  -0.00489813 -0.00315246]]
[[ 0.00647668 -0.0088318  -0.0005812 ]]
[[ 0.00401095 -0.00596675  0.00143372]]
[[ 0.00275211 -0.00410955  0.00226588]]
[[ 0.00296634 -0.00457559 -0.00069619]]
[[ 0.00578176 -0.00619098 -0.00083973]]
[[ 0.00712289 -0.00779591 -0.00081088]]
[[-0.00166916  0.00204473  0.00127115]]
[[ 0.00035042 -0.00363458  0.00250389]]
[[ 0.0013455  -0.00185172  0.00466082]]
[[-0.0017362  -0.00118603  0.00407366]]
[[-0.00119774  0.00054282  0.00411566]]
[[-0.0001288  -0.0005876   0.00362349]]
[[ 0.00105767  0.00136787  0.00295636]]
[[ 0.00078271 -0.00031132  0.00151592]]
[[ 0.00106542  0.00169645  0.00033542]]
[[ 0.00270421 -0.00545542  0.00205025]]
[[  2.47183044e-04  -3.85545648e-03  -6.25495406e-05]]
[[ 0.00154536 -0.00760777 -0.0014961 ]]
[[ 0.00178546 -0.004971    0.00290043]]
[[-0.00040503 -0.00260694  0.00109572]]
[[ 0.00288923 -0.00227268  0.00654508]]
[[-0.00062307 -0.00159229  0.00552888]]
[[-0.00080065 -0.00173344  0.00349111]]
[[-0.00206706 -0.00110353  0.00343132]]
[[-0.00128511  0.00055076  0.00441942]]
[[-0.00227641  0.00153161  0.0033442 ]]
[[ 0.00017004 -0.00161446  0.00384043]]
[[ 0.00021016 -0.00011956  0.00400595]]
[[ 0.00032084  0.00276815  0.00312322]]
[[ 0.00215381  0.00102245  0.00344346]]
[[ 0.00207345 -0.00170734  0.00151002]]
[[ 0.00093217 -0.00040195  0.00080209]]
[[-0.00043249  0.00318261 -0.0003692 ]]
[[ 0.00122048  0.00232452  0.00170041]]
[[ 0.00053157  0.00083625 -0.00079097]]
[[-0.00108194  0.01162898 -0.00709101]]
[[ 0.0053165   0.00978262 -0.00182558]]
[[ 0.00406371  0.00595312  0.00303132]]
[[ 0.00534296  0.00422649  0.0053659 ]]
[[ 0.00743982  0.00400109  0.0026322 ]]
[[ 0.01060675  0.00516915  0.0001213 ]]
[[ 0.00988027  0.00795285 -0.00270709]]
[[ 0.00071715  0.00656747 -0.00576198]]
[[ 0.0031506   0.00255447  0.00602367]]
[[ 0.00254395  0.00392683  0.00871521]]
[[-0.00052252  0.003043    0.00809516]]
[[-0.00083209  0.00120535  0.00718308]]
[[  4.58843482e-04   3.11295437e-05   6.88662970e-03]]
[[ 0.00025998 -0.00192675  0.00545493]]
[[ -1.88392199e-05  -1.32688776e-03   4.21401895e-03]]
[[-0.00065685 -0.00210211  0.00267447]]
[[ -1.51921670e-04   3.39322615e-03   8.70181201e-05]]
[[ 0.00557198  0.00412852  0.0033901 ]]
[[ 0.00722393  0.00732586 -0.00164204]]
[[ 0.00196355  0.00176852  0.00627115]]
[[ 0.00373529  0.00200801  0.00505415]]
[[ 0.00390091  0.00422825  0.01071793]]
[[ 0.00142893  0.00478097  0.00951177]]
[[-0.00162868  0.00398251  0.00627641]]
[[ 0.00023027  0.00243961  0.00750519]]
[[-0.00141163  0.00148972  0.00778685]]
[[-0.00185636  0.00083073  0.00770119]]
[[  2.41942800e-04  -9.13627194e-05   5.05952062e-03]]
[[  2.07409076e-03   5.10170383e-05   7.15915005e-03]]
[[-0.00058464 -0.00311612  0.0061894 ]]
[[ 0.00073062 -0.00159834  0.0061176 ]]
[[ -3.98606128e-05  -1.13609967e-03   3.80814525e-03]]
[[ 0.00120089 -0.00093951  0.00320937]]
[[-0.00153822 -0.00352556  0.00152838]]
[[-0.00085277 -0.00258953  0.0035444 ]]
[[-0.00098306 -0.00075612  0.00195102]]
[[ 0.00588607 -0.00125857  0.00052622]]
[[-0.00081252  0.00285905 -0.00086176]]
[[ -5.13761894e-05   3.84634762e-03  -1.97393012e-03]]
[[ 0.00020978  0.00587407 -0.0034944 ]]
[[-0.00022572  0.00485943 -0.00021287]]
[[-0.00139381  0.00419763 -0.00093724]]
[[-0.00205803  0.00510585 -0.00350242]]
[[ 0.00539219  0.00548924 -0.00438985]]
[[ 0.00178085  0.00415626 -0.00470089]]
[[ 0.00066293  0.00281262 -0.00653307]]
[[ 0.00303226  0.000138   -0.0059324 ]]
[[ 0.00247264  0.00079677 -0.00553533]]
[[  5.23816531e-04  -8.29864001e-05  -5.25717871e-03]]
[[-0.00034254  0.00162555 -0.00403579]]
[[-0.00064926 -0.00024397 -0.0028491 ]]
[[-0.0005582   0.00075993 -0.00176396]]
[[ 0.00322056  0.00457492  0.00032994]]
[[ 0.00142901  0.00302792 -0.00120955]]
[[ 0.00182477 -0.00033976 -0.00043096]]
[[ 0.00168823  0.00440699 -0.00815122]]
[[ 0.00191286  0.00344251 -0.00400391]]
[[-0.00113447  0.00161711 -0.00781336]]
[[ 0.00051098  0.00384797 -0.0041705 ]]
[[ 0.00368016 -0.00081545 -0.00633216]]
[[ 0.0032585   0.00029735 -0.00572233]]
[[ 0.00288969  0.00084189 -0.00535767]]
[[ 0.00245856  0.00135932 -0.00541398]]
[[-0.00018189 -0.00098854 -0.00549717]]
[[ -7.51563954e-05   4.70311973e-05  -5.80766451e-03]]
[[-0.00040723  0.0028808  -0.00404338]]
[[-0.00105514  0.00191986 -0.00387836]]
[[-0.00171779 -0.00142264 -0.003214  ]]
[[-0.00103544 -0.0004156  -0.00221484]]
[[-0.00044135  0.00166322 -0.00109452]]
[[-0.00044527  0.0012438  -0.0026191 ]]
[[  3.57709010e-05  -1.50723551e-04  -1.14359226e-03]]
[[ 0.00355767  0.00090445  0.00076585]]
[[ 0.001221   -0.00176795  0.00190591]]
[[ -7.71612126e-05  -2.92775136e-03   1.44585265e-03]]
[[-0.00061446 -0.00198553  0.00010364]]
[[-0.00080706 -0.00121419  0.00018326]]
[[-0.00049751 -0.0009031   0.00058122]]
[[ -6.20889675e-05  -9.34206747e-04   1.03684372e-03]]
[[ 0.00022756  0.00088148  0.00065333]]
[[-0.00082816 -0.00238979 -0.00073423]]
[[ -3.69865243e-05  -1.04021168e-03  -7.74999472e-04]]
[[ -4.16484819e-04  -6.29829842e-05  -5.93173262e-04]]
[[ -4.77683094e-04  -2.26591369e-04   2.35700783e-05]]
[[-0.00127765 -0.00047431 -0.00020922]]
[[ -1.08185006e-03  -1.84295469e-04  -1.91180474e-05]]
[[-0.001912    0.00017263 -0.00021033]]
[[-0.0011049   0.00054357  0.00128624]]
[[ 0.00220493 -0.00622466  0.00435425]]
[[-0.00077823 -0.00085601 -0.00023489]]
[[-0.00062567 -0.00064882  0.00042401]]
[[-0.00125425 -0.00353595 -0.00203558]]
[[-0.00123104 -0.00123145 -0.00104235]]
[[ 0.00024237 -0.00157056 -0.00060124]]
[[-0.00022256 -0.00094712 -0.00025468]]
[[ 0.00061572  0.00039241 -0.0005452 ]]
[[-0.00066319 -0.00028527 -0.0007727 ]]
[[-0.00041429 -0.00033298  0.00038944]]
[[ -4.94208086e-04  -2.49379050e-04   1.99797923e-05]]
[[-0.00145541 -0.00077294 -0.00016356]]
[[-0.00150028 -0.00012102 -0.00065974]]
[[ -9.38011853e-04  -6.42633159e-05   3.26718274e-04]]
[[-0.00087333 -0.00076874  0.00016301]]
[[-0.00142103 -0.00012017 -0.00082984]]
[[-0.00200173  0.00060968 -0.00110616]]
[[-0.00129814  0.00080928  0.0015488 ]]
[[-0.00045174  0.00034942  0.00082244]]
[[-0.00157958  0.00142601  0.00261776]]
[[-0.00020647  0.00013624  0.00062222]]
[[-0.00045981  0.00067333  0.00039308]]
[[-0.00060542  0.00047403  0.00018689]]
[[-0.0012756   0.00051374  0.00026192]]
[[-0.0029302   0.00053148 -0.00044239]]
[[-0.00448616  0.00081748  0.00015303]]
[[ -1.24586887e-03   1.30270823e-03  -9.97262843e-05]]
[[  1.12023718e-04  -8.76821791e-05   1.10487557e-03]]
[[-0.00087913  0.00034148  0.00015662]]
[[-0.0005354   0.00049405  0.00012324]]
[[-0.00087805  0.00011211  0.00022643]]
[[-0.00054247  0.00047631  0.00074027]]
[[-0.00043154  0.00081395  0.00082373]]
[[ 0.00022385  0.00178144  0.00075303]]
[[ 0.00018519  0.00113361  0.00018189]]
[[  5.02845049e-04   1.15405752e-03   7.90406146e-05]]
[[-0.00040332  0.00028367  0.00027024]]
[[-0.00414772 -0.00092811  0.00020225]]
[[-0.00915384 -0.00063383 -0.00029383]]
[[-0.00059612  0.00016726  0.00029457]]
[[-0.0011494   0.0001974   0.00027775]]
[[-0.00038776  0.00035863  0.00014453]]
[[ -7.27782744e-05   7.35291852e-04  -5.57652577e-04]]
[[-0.00049975  0.00014966  0.0003875 ]]
[[-0.0010477  -0.0005348   0.00027693]]
[[-0.00026757  0.00033221  0.00058641]]
[[-0.00073371  0.00064204  0.001251  ]]
[[-0.0002603   0.00074082  0.00053682]]
[[-0.00064173  0.00077998  0.00091333]]
[[ 0.00116681  0.00277757  0.00154559]]
[[ 0.00052717  0.00078664  0.00077479]]
[[  6.85896000e-05   1.00752902e-03   2.17254369e-04]]
[[  9.39501942e-06   1.17823104e-03   5.85833793e-05]]
[[  1.17776337e-03   1.80919541e-03  -1.97342887e-05]]
[[ 0.00064869  0.00061303  0.00026469]]
[[ 0.00028416  0.00077039 -0.0002639 ]]
[[-0.00124136  0.00160167 -0.00300002]]
[[-0.00045635  0.00564621 -0.00140059]]
[[-0.00118585  0.00412439  0.00105625]]
[[ 0.00019061  0.0037362   0.00199433]]
[[ 0.00254984  0.00344366  0.00191759]]
[[ 0.00427712  0.00417858 -0.00046996]]
[[ 0.00232283  0.00594262 -0.00387823]]
[[-0.00146971 -0.00061432 -0.00454576]]
[[-0.00019596  0.00196029  0.0019305 ]]
[[-0.00112383  0.00177982  0.00181112]]
[[-0.00093073  0.00040318  0.00157425]]
[[-0.00084043 -0.00061461  0.00089676]]
[[-0.00068395 -0.0001054   0.0006644 ]]
[[-0.00061644 -0.00042762  0.00077247]]
[[-0.00091831 -0.00045358  0.00056686]]
[[-0.00091304 -0.0010729   0.00015513]]
[[-0.0019743   0.00266371  0.00087556]]
[[ 0.00256678  0.00178816  0.00186836]]
[[ 0.00409274  0.00182792 -0.00116973]]
[[-0.00037024  0.00184809  0.00110496]]
[[ 0.00025613  0.0013426   0.00163363]]
[[-0.00165621  0.00123877  0.00184058]]
[[-0.00202816  0.0024826   0.00404826]]
[[-0.00064641  0.00058381  0.00104047]]
[[-0.00059114  0.0003695   0.00125703]]
[[-0.00063847 -0.00045954  0.00073625]]
[[ -1.52214513e-03  -1.26141370e-03   4.79700300e-05]]
[[ -5.30651193e-04  -2.19596400e-05   6.36643499e-04]]
[[ -6.62533155e-04   3.16649397e-05   5.85061413e-04]]
[[-0.00139148 -0.0005616   0.00070366]]
[[-0.00048354 -0.00018632  0.00110787]]
[[-0.00053789 -0.00039125  0.00045627]]
[[-0.00082853 -0.00015966  0.00031991]]
[[-0.0020261  -0.00163082 -0.00021569]]
[[-0.00094801 -0.00135329  0.00031617]]
[[-0.00064651 -0.00073171 -0.00011216]]
[[-0.00132799 -0.00081675 -0.00332434]]
[[-0.00252335 -0.00266419 -0.00096532]]
[[-0.00162471 -0.00136099  0.00074195]]
[[-0.00050073 -0.00115467  0.00083893]]
[[ 0.00023803 -0.00176912  0.00124408]]
[[ -5.24388984e-05  -2.72855502e-03   2.51600986e-05]]
[[-0.00152424 -0.00337097 -0.00217107]]
[[-0.00026433  0.00149243 -0.00582898]]
[[ -7.44314977e-05  -1.77420592e-03   6.41716135e-04]]
[[-0.00061769 -0.00067789  0.00048162]]
[[ -2.72393523e-05  -7.06972500e-04   5.79981500e-04]]
[[ -4.41148321e-04  -6.10024178e-04   6.04568983e-05]]
[[-0.0003356  -0.00158499  0.00023548]]
[[-0.00105012 -0.00110368  0.00027969]]
[[-0.00185122 -0.0020391   0.0006247 ]]
[[-0.00177117 -0.00081182  0.00211565]]
[[-0.00160285 -0.00072507  0.00047514]]
[[ 0.00097864 -0.00064102  0.00105652]]
[[ 0.00067286 -0.00170398 -0.00031127]]
[[-0.00194212 -0.0030243  -0.00017336]]
[[ 0.00056311 -0.00124986  0.00092538]]
[[-0.00071243 -0.00044894  0.00029722]]
[[-0.00033769 -0.00060656  0.00036696]]
[[-0.00038657 -0.00099627  0.00034506]]
[[  3.96917994e-04  -2.10852186e-05   8.11259150e-04]]
[[-0.00064725 -0.00039447  0.00011007]]
[[-0.00039976 -0.00056178  0.00030186]]
[[-0.00089703 -0.00262217 -0.00081175]]
[[ 0.00021963 -0.00090381  0.00017581]]
[[-0.00078111 -0.00095801  0.00061953]]
[[-0.0011515  -0.00063469  0.00036074]]
[[-0.00276406 -0.00300254  0.00039866]]
[[-0.00126835 -0.00198685 -0.00018153]]
[[-0.0014267  -0.00091688  0.0018075 ]]
[[-0.00128759 -0.00054953  0.00137899]]
[[-0.00219215 -0.00109322  0.00356492]]
[[ 0.00488038  0.00576587  0.00333076]]
[[ 0.00190017  0.00640379  0.00237492]]
[[ 0.00187966  0.00361351 -0.00074175]]
[[ 0.0004268   0.00402794 -0.00336666]]
[[-0.00080293  0.00443346 -0.0021718 ]]
[[-0.00093134  0.00542455  0.00031856]]
[[-0.0016938   0.00697431  0.00478775]]
[[ 0.00139913  0.00371919  0.00467827]]
[[ 0.00032379  0.00179031 -0.00402961]]
[[ 0.00183948  0.00303864 -0.00446691]]
[[ 0.00221636  0.00209339 -0.00429798]]
[[ 0.00188173  0.00025534 -0.00376221]]
[[ 0.00137079 -0.00049584 -0.00376928]]
[[ 0.00103443 -0.00209152 -0.00355527]]
[[ 0.0013596  -0.00166016 -0.00274089]]
[[ 0.00154716 -0.00217849 -0.0017128 ]]
[[ 0.00490955 -0.00076042  0.00221292]]
[[ 0.00014017  0.00460387 -0.00304624]]
[[ 0.00331316  0.00499759  0.00144057]]
[[ -1.43357454e-06   9.55261492e-04  -4.39317206e-03]]
[[-0.00025072  0.00200055 -0.00401328]]
[[ 0.00242655  0.00183618 -0.00447929]]
[[ 0.00225289  0.00438624 -0.00595066]]
[[ 0.00258121  0.0029369  -0.00334271]]
[[ 0.00172651  0.00205297 -0.00388149]]
[[ 0.00152453  0.00043935 -0.00333483]]
[[ 0.00290795 -0.00021552 -0.00396404]]
[[ 0.00071324 -0.00043267 -0.00284694]]
[[ 0.00123119 -0.00034225 -0.00373597]]
[[ 0.00101416 -0.00306276 -0.00448105]]
[[ 0.00090135 -0.00126133 -0.00388836]]
[[ 0.0010444  -0.00153489 -0.00268223]]
[[ 0.00099517 -0.00130545 -0.00206279]]
[[ 0.00179984 -0.00342045 -0.00106164]]
[[ 0.00183488 -0.00201218 -0.00194587]]
[[ 0.00139767 -0.00108493 -0.00116549]]
[[-0.003574    0.00262659  0.00371713]]
[[ 0.00024035  0.00344547  0.0007193 ]]
[[ 0.0005635   0.00536021 -0.00022851]]
[[-0.00058711  0.00433323  0.00140349]]
[[-0.00221464  0.00265695 -0.00037295]]
[[-0.00346063  0.00186661  0.00062156]]
[[ 0.00033477  0.00221805  0.00211552]]
[[-0.00042489  0.00407225  0.00646975]]
[[-0.0009762   0.00400526  0.00240489]]
[[-0.00123433  0.00309746  0.00275508]]
[[-0.00222119  0.0013055   0.00270813]]
[[-0.00162302  0.00138201  0.00321424]]
[[-0.00132037  0.00047308  0.00324122]]
[[-0.00028225  0.00160207  0.00310315]]
[[-0.00019308 -0.00047505  0.00207906]]
[[  9.82401393e-05   2.68693063e-04   1.34011582e-03]]
[[-0.00204681  0.00966843 -0.00250855]]
[[-0.00412725  0.00183154  0.00085509]]
[[-0.00856313  0.00105878  0.00022338]]
[[ 0.00149963  0.0045231   0.00522954]]
[[-0.0011645   0.00251291  0.00243381]]
[[-0.00123266  0.00364514  0.00284675]]
[[-0.00066963  0.00349522  0.00117383]]
[[-0.00240145  0.00100078  0.00362375]]
[[-0.00237565  0.00102242  0.00242816]]
[[-0.001132    0.00145538  0.00265535]]
[[-0.00162247  0.00180065  0.00311243]]
[[-0.0001578  -0.00037169  0.00437347]]
[[-0.00187301  0.00056001  0.00328227]]
[[ 0.00047671  0.00277532  0.0031592 ]]
[[  7.23293864e-05   1.40456256e-03   2.93974244e-03]]
[[ 0.00101987 -0.00178872  0.00287988]]
[[-0.00047861 -0.00050447  0.0016513 ]]
[[ 0.00060724  0.00093659  0.00081892]]
[[  6.20312688e-08   1.18524844e-04   1.54610218e-03]]
[[-0.00013963 -0.00054826  0.00093746]]
[[-0.00104989  0.0035836  -0.00251789]]
[[-0.00031502  0.0074201  -0.00073888]]
[[-0.00134243  0.00572306  0.00176726]]
[[ 0.000173    0.00539409  0.00277024]]
[[ 0.00265401  0.00512654  0.00243132]]
[[  4.58925018e-03   5.87251145e-03  -2.92621576e-05]]
[[ 0.00269153  0.0077691  -0.00339958]]
[[-0.00101394  0.00151698 -0.00425305]]
[[-0.00016754  0.00355832  0.0026837 ]]
[[-0.00125523  0.00357198  0.00274918]]
[[-0.0011218   0.00165119  0.00267568]]
[[-0.00114947  0.00058409  0.00204922]]
[[-0.00099738  0.00065021  0.00189136]]
[[ -1.00935021e-03   5.90370731e-05   1.86749718e-03]]
[[-0.00126556 -0.0001838   0.00158594]]
[[-0.00126257 -0.0010941   0.00098117]]
[[-0.00224463  0.00426459  0.00153985]]
[[ 0.00284827  0.00365355  0.00229025]]
[[ 0.00463987  0.00370951 -0.00090277]]
[[-0.00039022  0.00359968  0.00175888]]
[[ 0.00030926  0.00274025  0.00237395]]
[[-0.00183985  0.00265258  0.00273282]]
[[-0.0022836   0.00485018  0.00516831]]
[[-0.0008607   0.00196093  0.00188519]]
[[-0.00069686  0.00140492  0.00232891]]
[[-0.00100617  0.00055006  0.00187475]]
[[-0.00194798  0.00029593  0.00145321]]
[[-0.00085191  0.0008235   0.00153494]]
[[-0.00083687  0.00058674  0.00172972]]
[[ -1.89749551e-03   4.07986357e-06   2.05247724e-03]]
[[-0.00091552  0.0002696   0.00220569]]
[[ -8.48611904e-04  -3.29396232e-05   1.20436113e-03]]
[[ -1.02804861e-03  -7.40406813e-06   1.21571377e-03]]
[[-0.00245653 -0.00182897  0.00067803]]
[[-0.0013223  -0.00135704  0.00109024]]
[[-0.00094623 -0.00067267  0.00072739]]
[[-0.00029518  0.00176412 -0.00321854]]
[[-0.00159798 -0.00015032 -0.0013492 ]]
[[-0.00059835  0.00098028 -0.00017006]]
[[ 0.00049343  0.00114051 -0.00043929]]
[[ 0.00079134  0.00036581  0.00046419]]
[[ 0.0002766  -0.00054394 -0.00029601]]
[[-0.00095826 -0.00103887 -0.00226037]]
[[ 0.00033227  0.00356725 -0.00543552]]
[[ 0.00126715  0.00064265 -0.00085523]]
[[ 0.00086143  0.00098414 -0.00123398]]
[[ 0.00162905  0.00058943 -0.00128179]]
[[ 0.00123692  0.00020666 -0.00189451]]
[[ 0.00149479 -0.00127028 -0.00167365]]
[[ 0.00073265 -0.00091775 -0.00169061]]
[[ 0.00054882 -0.00229687 -0.00111264]]
[[  6.91863723e-05  -1.09502947e-03  -6.82135320e-04]]
[[-0.00024853  0.0019205  -0.00075748]]
[[ 0.00149697  0.00150697  0.00017091]]
[[ 0.00088497  0.00048577 -0.00037289]]
[[ -3.86575642e-04   5.95960093e-05  -2.17586511e-03]]
[[ 0.00176663  0.00070804 -0.00057856]]
[[ 0.00071817  0.00100971 -0.00134103]]
[[ 0.0008129   0.00117125 -0.00100165]]
[[ 0.00132125  0.0005734  -0.00194496]]
[[ 0.00199161  0.00099055 -0.00092487]]
[[ 0.00093699  0.00026926 -0.00172456]]
[[ 0.0009881   0.00038077 -0.00135248]]
[[ 0.0009266  -0.00238927 -0.00306198]]
[[ 0.00211401 -0.00060682 -0.00148667]]
[[ 0.00075152 -0.00066826 -0.00117523]]
[[ 0.00049112 -0.000603   -0.00152867]]
[[-0.0006995  -0.00377102 -0.00148725]]
[[ 0.00097739 -0.00193847 -0.00093187]]
[[ 0.00038617 -0.00101568 -0.00052155]]
[[  5.73830462e-05  -8.29941424e-04  -7.16629623e-04]]
[[  4.65218442e-05  -1.25920108e-03  -5.93167137e-04]]
[[ 0.00677379  0.00211467 -0.00631776]]
[[ 0.00326727  0.00081255 -0.00352873]]
[[ 0.00277343 -0.00108542 -0.00151641]]
[[ 0.00412386 -0.00080365 -0.00264485]]
[[  6.50620437e-03   4.16620080e-05  -8.70838798e-04]]
[[ 0.00719581  0.00094812 -0.00327447]]
[[ 0.00380365  0.0009771  -0.00608493]]
[[ 0.00589778 -0.00045427 -0.0097904 ]]
[[ 0.00403149 -0.00023327 -0.00285734]]
[[ 0.00288992 -0.00085497 -0.00336435]]
[[ 0.00298355  0.00083313 -0.00339013]]
[[  1.63741754e-03  -8.06467790e-05  -3.75437497e-03]]
[[ -5.26113827e-06   3.59219361e-04  -3.91251372e-03]]
[[-0.00073719 -0.00104611 -0.00296957]]
[[-0.00113643  0.00058687 -0.00191153]]
[[-0.00100874 -0.00019903 -0.00087801]]
[[ 0.00482211 -0.0046439   0.00150645]]
[[ 0.00894562 -0.00057325 -0.00113596]]
[[ 0.01208706  0.00206989 -0.00394342]]
[[ 0.00053703  0.00069216 -0.00544141]]
[[ 0.00538167  0.00068347 -0.00229632]]
[[ 0.00264495 -0.0014219  -0.00298737]]
[[ 0.00234388 -0.00124723 -0.00208686]]
[[ 0.00296572  0.00180089 -0.00377478]]
[[ 0.00373122  0.00079912 -0.00383748]]
[[ 0.00105466 -0.00021843 -0.00277942]]
[[ 0.00174539 -0.00038815 -0.00387334]]
[[-0.00075058  0.00117886 -0.00420776]]
[[-0.00036016  0.00017248 -0.00450685]]
[[-0.00123989 -0.00210119 -0.00323471]]
[[-0.00096781 -0.00097808 -0.0028277 ]]
[[-0.00214528  0.00165174 -0.00236305]]
[[-0.00138785  0.00066399 -0.00146317]]
[[-0.00136112 -0.00078425 -0.00049789]]
[[-0.00086427 -0.00011769 -0.00131689]]
[[-0.00059286  0.00043828 -0.00033885]]
[[ 0.00642972 -0.00775365 -0.00955382]]
[[ 0.00853545 -0.00555518 -0.00432861]]
[[ 0.00809458 -0.00231771  0.00136954]]
[[ 0.00681211 -0.00144066  0.00500286]]
[[ 0.00653021 -0.00098111  0.00223686]]
[[ 0.00669068 -0.00158605 -0.00133693]]
[[ 0.00890055 -0.00351967 -0.00703059]]
[[ 0.00510384 -0.00096506 -0.00989532]]
[[ 0.00515398 -0.00012977  0.00597325]]
[[ 0.00571671 -0.00013276  0.00908394]]
[[ 0.00145806 -0.00069524  0.00789034]]
[[ 0.00184617  0.00178259  0.00793568]]
[[ 0.0006748   0.00134208  0.0070767 ]]
[[ 0.00110351  0.0030843   0.00695575]]
[[ 0.00042172  0.00193786  0.00589685]]
[[-0.00014491  0.00230693  0.00406334]]
[[  5.39118299e-03  -6.64813841e-05  -5.17921458e-04]]
[[ 0.00414377 -0.00105088  0.00401061]]
[[ 0.00122389 -0.0005509  -0.0031344 ]]
[[ 0.00426367  0.00052019  0.00618919]]
[[ 0.00546688  0.00023724  0.00595016]]
[[ 0.00857614 -0.00079908  0.01178207]]
[[ 0.00301514  0.00058744  0.00874691]]
[[ 0.00044141 -0.00173918  0.00650406]]
[[ 0.00229177 -0.000343    0.00684566]]
[[ 0.00281878  0.00153853  0.00998396]]
[[-0.0004317   0.00348016  0.00689028]]
[[ 0.0008721   0.00125615  0.0059421 ]]
[[ 0.00122109  0.00123299  0.00677466]]
[[ 0.00030118  0.00465487  0.0068594 ]]
[[ 0.00209052  0.0026358   0.00829768]]
[[ 0.00014759  0.00200684  0.00558263]]
[[ 0.00096993  0.0014491   0.00591344]]
[[-0.0008237   0.00372578  0.00258925]]
[[-0.00049663  0.00283722  0.00486862]]
[[  1.28711937e-05   2.60171735e-04   2.87531875e-03]]
[[ 0.00564589  0.00574129 -0.0118404 ]]
[[ 0.00798358  0.00821068 -0.00476977]]
[[ 0.00743595  0.00573772  0.000961  ]]
[[ 0.00671103  0.0044787   0.00372052]]
[[ 0.00808378  0.00338048  0.00209989]]
[[ 0.00964197  0.00412459 -0.00171285]]
[[ 0.0084221   0.00652108 -0.0070992 ]]
[[ 0.00154523  0.00036279 -0.01152596]]
[[ 0.00506405  0.0032334   0.00436266]]
[[ 0.00555335  0.00276771  0.00714507]]
[[ 0.00216415  0.00150993  0.00639786]]
[[ 0.00172396  0.00027815  0.00606431]]
[[ 0.00089418  0.00070815  0.00545143]]
[[  1.15085641e-03  -7.46148995e-06   5.74325529e-03]]
[[ 0.00069677 -0.00013918  0.00552433]]
[[ 0.00076242 -0.00127195  0.00450844]]
[[ 0.00685818  0.00576216  0.00182462]]
[[ 0.00723672  0.00174294  0.00300309]]
[[ 0.00897734  0.00146932 -0.00273824]]
[[ 0.00355277  0.00332555  0.00332789]]
[[ 0.0053395   0.0016815   0.00422115]]
[[ 0.00782944  0.00335505  0.00949847]]
[[ 0.00277872  0.00288406  0.00826114]]
[[ 0.00168133  0.00192712  0.0049749 ]]
[[ 0.00306672  0.00073548  0.00549108]]
[[ 0.00176798  0.00040045  0.007695  ]]
[[ 0.00030689 -0.00054158  0.00493543]]
[[ 0.00044841  0.0008423   0.00462116]]
[[ 0.00147825  0.00033845  0.00520782]]
[[-0.00048086 -0.00032699  0.00533107]]
[[ 0.00229004 -0.00012097  0.00658881]]
[[ 0.00044151 -0.00015529  0.00451454]]
[[ 0.00107193 -0.00010576  0.00595583]]
[[-0.0009645  -0.00239712  0.00403212]]
[[ 0.0010062  -0.00191925  0.00516322]]
[[  9.07421511e-04  -2.31115021e-05   3.66138025e-03]]
[[ 0.00137748 -0.00039569 -0.00680189]]
[[-0.00103612 -0.00213937 -0.00492425]]
[[-0.00023405 -0.00110392 -0.00250421]]
[[ 0.00032299 -0.00054597 -0.00177669]]
[[ 0.0001264  -0.00130231 -0.00076361]]
[[-0.00213384 -0.00235613 -0.00314113]]
[[-0.00145875 -0.00254661 -0.00788849]]
[[ 0.00346452  0.00234797 -0.01041898]]
[[ 0.00158835 -0.00141498 -0.00148418]]
[[ 0.00066584 -0.00034352 -0.00210373]]
[[ 0.00099469 -0.00055    -0.0022896 ]]
[[ 0.00012059 -0.00045159 -0.00282414]]
[[-0.00096898 -0.00147009 -0.00277707]]
[[-0.00120149 -0.00104312 -0.00180057]]
[[-0.00173347 -0.00197433 -0.00114337]]
[[-0.0015334  -0.00087311 -0.00024937]]
[[ 0.00017609 -0.0006097  -0.00219255]]
[[  9.46027884e-04  -4.73469919e-05   6.32520653e-05]]
[[-0.00273722 -0.00380465 -0.00379503]]
[[-0.00046047 -0.00269705 -0.00266636]]
[[ 0.00239775 -0.00123729 -0.00035931]]
[[ 0.00029563 -0.00012827 -0.00213211]]
[[ 0.00093962 -0.00017312 -0.00191627]]
[[ 0.00063907 -0.00082943 -0.00258103]]
[[ 0.00169462 -0.00011174 -0.00265425]]
[[-0.0003325  -0.00023669 -0.00241882]]
[[ 0.00012847 -0.00034889 -0.00232609]]
[[-0.00092597 -0.00231893 -0.00335193]]
[[-0.00154273 -0.00082943 -0.00331942]]
[[-0.00083915 -0.0008689  -0.00139711]]
[[-0.00132828 -0.00056704 -0.00180227]]
[[-0.00261327 -0.00299402 -0.00111981]]
[[-0.00216701 -0.00173069 -0.00095457]]
[[-0.00100179 -0.00081748 -0.00019106]]
[[-0.00152067 -0.00051622 -0.00067149]]
[[ -1.23073536e-03  -8.58376552e-04   7.14290603e-05]]
