[[-0.00555382  0.0054313   0.00881055]]
[[-0.00847676  0.00043267  0.00438834]]
[[-0.00956382 -0.00168179  0.00061778]]
[[-0.00761221 -0.00190282 -0.00241614]]
[[-0.00660789 -0.0019739  -0.00050971]]
[[-0.00623684 -0.00170847  0.00129315]]
[[-0.00700202 -0.00109285  0.00362126]]
[[-0.00441414  0.00154469  0.00729528]]
[[-0.00609023 -0.00177697 -0.00378374]]
[[-0.00698173 -0.00109774 -0.00706304]]
[[-0.00299448  0.0002492  -0.00619826]]
[[-0.00269124 -0.00045196 -0.00631279]]
[[-0.00153784 -0.00032332 -0.00587502]]
[[-0.00134731 -0.00048467 -0.0060012 ]]
[[-0.00102278  0.00017133 -0.00594707]]
[[-0.00041982  0.00053966 -0.00500656]]
[[-0.00746973 -0.00319688  0.00239038]]
[[-0.00550252 -0.00161955 -0.0018031 ]]
[[-0.00566018 -0.00171404  0.00167404]]
[[-0.00524114 -0.00270683 -0.00480125]]
[[-0.00626916 -0.00147406 -0.00404331]]
[[-0.00993977 -0.00018965 -0.00959511]]
[[-0.00491392 -0.00206161 -0.00519598]]
[[-0.00142524  0.00093133 -0.00533409]]
[[-0.00374631 -0.00052149 -0.00544963]]
[[-0.00289529 -0.00056166 -0.00830177]]
[[-0.0015286  -0.00110885 -0.00564458]]
[[-0.00144528 -0.00053553 -0.00526344]]
[[-0.00222359 -0.00025501 -0.00565256]]
[[-0.00031965 -0.00078241 -0.00499863]]
[[-0.00210851 -0.00142645 -0.00668271]]
[[ -4.97168478e-04   7.96683970e-07  -6.05766016e-03]]
[[-0.00151437  0.00044024 -0.00643781]]
[[  4.90858322e-05   3.69354350e-04  -3.58448757e-03]]
[[-0.00026413 -0.00050195 -0.00530187]]
[[-0.00037598  0.00214088 -0.00464493]]
[[ -3.35926920e-03  -1.62305971e-05   3.77627623e-03]]
[[-0.00277716  0.00066762  0.00431091]]
[[-0.00252526  0.00032619  0.00345473]]
[[-0.00290334  0.00079218  0.00320355]]
[[-0.00410111  0.00109619  0.00217389]]
[[-0.00433041  0.00127166  0.003795  ]]
[[-0.00282755  0.00184852  0.00552247]]
[[-0.00457226  0.00011123  0.00514271]]
[[-0.00276252  0.00047122  0.00255564]]
[[-0.0017      0.00093883  0.00280142]]
[[-0.00127184  0.00033788  0.00314352]]
[[-0.00049844  0.00078571  0.00332699]]
[[ 0.00119948  0.00106251  0.00346781]]
[[ 0.00128425  0.00196111  0.00209771]]
[[ 0.00173337  0.00128719  0.00123097]]
[[ 0.00146118  0.00127336  0.00043514]]
[[ -2.47443359e-03  -8.57378528e-06   2.85912456e-03]]
[[-0.00547776  0.0004663   0.00192032]]
[[-0.00796715 -0.00162054  0.00396931]]
[[ -2.13134457e-03   6.82893561e-05   2.91005306e-03]]
[[-0.00341762  0.0001415   0.00215163]]
[[-0.00123371  0.00068788  0.00252365]]
[[-0.00116376  0.00139531  0.00188489]]
[[-0.00104847  0.00037884  0.00322206]]
[[-0.0015519  -0.00051168  0.00405892]]
[[ -3.10823867e-05   5.89267602e-04   2.79560009e-03]]
[[-0.00065173  0.00109127  0.00361884]]
[[ 0.00060043  0.0012674   0.00260055]]
[[ 0.00234043  0.00091094  0.00422463]]
[[ 0.00210942  0.00305238  0.00281126]]
[[ 0.00148788  0.00098164  0.00218859]]
[[ 0.00117042  0.00137523  0.00094323]]
[[ 0.0024774   0.00131545  0.00098303]]
[[ 0.00206817  0.00202784  0.00028042]]
[[ 0.0015619   0.000735    0.00086649]]
[[ 0.00102733  0.00083276 -0.00011695]]
[[-0.00229685  0.00442574  0.00369137]]
[[ 0.0002779   0.0101974   0.00338401]]
[[-0.00146471  0.0072122   0.00333593]]
[[-0.00135963  0.0068149   0.00385687]]
[[-0.00030226  0.00825557  0.0022834 ]]
[[ 0.00152625  0.01109223  0.00291811]]
[[ 0.00257149  0.01177507  0.0030359 ]]
[[-0.00441909  0.00060281  0.00574855]]
[[-0.00237989  0.00546343  0.00340617]]
[[-0.00244719  0.00373971  0.00389633]]
[[-0.00293666  0.00208731  0.00405217]]
[[-0.00169602  0.00019653  0.00439515]]
[[-0.00038105  0.00110776  0.00417683]]
[[ 0.00058196 -0.00074706  0.00324609]]
[[ 0.00072957  0.00073127  0.00182051]]
[[ 0.00088503 -0.00108075  0.00045021]]
[[-0.00242578  0.00498277  0.00297536]]
[[-0.00161461  0.00752913  0.00189721]]
[[-0.00191287  0.01391091  0.00315398]]
[[ 0.00018049  0.00694863  0.00350387]]
[[-0.00282038  0.0049003   0.00199643]]
[[-0.00266429  0.00246768  0.0039311 ]]
[[-0.00380604  0.0045602   0.00581729]]
[[-0.0016803   0.00266046  0.00362652]]
[[-0.00345026  0.00214597  0.00403289]]
[[-0.00086879  0.00015867  0.00366429]]
[[-0.00271956 -0.00059894  0.00389428]]
[[ -2.98531458e-05   2.22766004e-03   4.28909340e-03]]
[[ -4.91185484e-05   4.98318431e-04   4.62356828e-03]]
[[ 0.00042045 -0.00198762  0.00365182]]
[[  1.08584030e-03  -1.32699252e-05   3.59215247e-03]]
[[ 0.00191575  0.00201544  0.00168758]]
[[ 0.00100425  0.00069376  0.00123093]]
[[ -9.78288953e-05  -2.26140197e-03  -3.74005321e-05]]
[[ 0.00094144 -0.00120103  0.00117276]]
[[ 0.00068918 -0.00041031 -0.00043101]]
[[-0.00311084  0.00059625  0.00730674]]
[[-0.00854307 -0.00442434  0.00404674]]
[[ -8.63618553e-03  -6.82195372e-05   3.27543423e-05]]
[[-0.0067518  -0.00067579 -0.00372517]]
[[-0.00749074 -0.00176966 -0.00122858]]
[[-0.00924212 -0.00364444  0.00154013]]
[[-0.00924496 -0.00565416  0.00478767]]
[[-0.00139366  0.00527607  0.00521261]]
[[-0.00434149  0.00068272 -0.00514028]]
[[-0.00391929  0.00113508 -0.00774076]]
[[-0.00015878  0.00119983 -0.00689931]]
[[ 0.00037722  0.00225297 -0.00618882]]
[[ 0.00052024  0.00041813 -0.0056044 ]]
[[ -1.06552624e-05   1.03992302e-03  -5.67528903e-03]]
[[-0.00022412 -0.0004371  -0.0052091 ]]
[[  3.77601914e-05   7.81924630e-04  -3.50248907e-03]]
[[-0.00593683  0.00540977  0.00147765]]
[[-0.0057695   0.00038626 -0.00250159]]
[[-0.00789473 -0.00054999  0.00237946]]
[[-0.00652064  0.00094897 -0.0064877 ]]
[[-0.00451571  0.00032279 -0.00469483]]
[[-0.00537917  0.0021263  -0.01001197]]
[[-0.00079739  0.00130622 -0.00811182]]
[[-0.000304    0.00073673 -0.0067585 ]]
[[-0.00095924  0.0014251  -0.0055568 ]]
[[ 0.00064081  0.00279617 -0.00708607]]
[[ 0.00165811  0.0034459  -0.00436986]]
[[-0.00050075 -0.00021501 -0.00676908]]
[[ 0.00047994  0.00026422 -0.00545539]]
[[ 0.00164448  0.00159278 -0.00434973]]
[[-0.00090982  0.00209556 -0.00597793]]
[[-0.00148231 -0.00123608 -0.00549439]]
[[-0.00032509 -0.0011106  -0.00567521]]
[[ 0.00185772  0.00157318 -0.00210234]]
[[ 0.0003103   0.00222348 -0.00417703]]
[[-0.00033531 -0.00080464 -0.00256413]]
[[ 0.00144489 -0.00663295  0.00036576]]
[[-0.00058091 -0.00692622  0.00075949]]
[[-0.00216942 -0.00776376 -0.00029643]]
[[-0.00199946 -0.00582665 -0.00223127]]
[[-0.0023137  -0.00453732 -0.00122159]]
[[-0.00232781 -0.00440759 -0.00016592]]
[[-0.00195725 -0.00511477  0.00048321]]
[[-0.00185593 -0.00433034  0.00141149]]
[[-0.00141811 -0.00634887 -0.00324647]]
[[-0.0001608  -0.00440558 -0.00370786]]
[[ 0.00026649 -0.00300553 -0.00374373]]
[[ 0.00079107 -0.00230966 -0.00313216]]
[[ 0.0005262  -0.00167388 -0.00311868]]
[[ 0.00103549 -0.00116396 -0.00268129]]
[[ 0.00096724 -0.00038    -0.00247445]]
[[  1.28687033e-03  -8.02047103e-06  -1.98979836e-03]]
[[ -2.06400842e-05  -1.21221213e-02   2.01792010e-03]]
[[-0.00207419 -0.00390878 -0.00190342]]
[[-0.00239362 -0.00394076  0.00036438]]
[[-0.00211549 -0.00842247 -0.0050288 ]]
[[-0.00225047 -0.00408989 -0.00357425]]
[[ -6.41473447e-05  -5.38037139e-03  -3.85661896e-03]]
[[  3.92824431e-05  -4.65820601e-03  -2.33543025e-03]]
[[ 0.00092568 -0.00327667 -0.00462789]]
[[-0.00046205 -0.00221085 -0.00363234]]
[[ 0.00084542 -0.00251784 -0.00303744]]
[[ 0.00072423 -0.00264584 -0.00243068]]
[[ 0.00036261 -0.00201737 -0.00364782]]
[[  6.75746839e-05  -1.04013678e-03  -3.06259662e-03]]
[[ 0.00089577 -0.00131144 -0.00210728]]
[[ 0.00119648 -0.00146132 -0.00260071]]
[[ 0.00107387 -0.00026723 -0.00290468]]
[[ 0.00057427 -0.00020336 -0.00218992]]
[[ 0.00096583 -0.0001076  -0.00146819]]
[[  1.52463250e-03  -4.60912886e-05  -1.70962208e-03]]
[[ 0.00116281  0.00059505 -0.00213513]]
[[-0.00197416 -0.00314033  0.00141456]]
[[-0.00252314 -0.0029593   0.00203426]]
[[-0.00275428 -0.00267612  0.001957  ]]
[[-0.003209   -0.00303125  0.00241839]]
[[-0.00450386 -0.00369408  0.0018055 ]]
[[-0.00675747 -0.00449207  0.00235836]]
[[-0.00325084 -0.00339751  0.00113343]]
[[-0.00184681 -0.0041848   0.00125246]]
[[-0.00222484 -0.00254552  0.002078  ]]
[[-0.00217971 -0.00221352  0.00202165]]
[[-0.002191   -0.00152242  0.00237248]]
[[-0.00189602 -0.00059941  0.00263152]]
[[-0.00142     0.00014595  0.00266688]]
[[-0.0007927   0.00161773  0.00219945]]
[[-0.00060228  0.00102747  0.00145821]]
[[-0.00023891  0.0013854   0.00106154]]
[[-0.00262088 -0.00252885  0.00180723]]
[[-0.0047373  -0.00551394  0.00197104]]
[[-0.01064387 -0.00737152  0.00246862]]
[[-0.00153708 -0.00299595  0.00188002]]
[[-0.00236043 -0.00268246  0.00217536]]
[[-0.00225444 -0.00151232  0.00174154]]
[[-0.00228803 -0.00283202  0.00191246]]
[[-0.00154579 -0.00173908  0.00206398]]
[[-0.00222622 -0.00203074  0.00240893]]
[[-0.00174317 -0.00055558  0.00226817]]
[[-0.00226392 -0.00063745  0.00360601]]
[[-0.0011491  -0.00010569  0.00196459]]
[[-0.0014515   0.00031344  0.00264922]]
[[ 0.00010746  0.00269682  0.0032079 ]]
[[-0.00055108  0.00059791  0.00210706]]
[[-0.00060344  0.00077262  0.00123696]]
[[-0.00062386  0.00112856  0.00119532]]
[[ 0.00035614  0.00231278  0.00098934]]
[[-0.00013763  0.0008337   0.00110343]]
[[-0.00029816  0.00085305  0.0007381 ]]
[[-0.00070877 -0.0025373  -0.00105064]]
[[ 0.00283518  0.00273014 -0.00208845]]
[[ 0.00293794 -0.00120839 -0.00031725]]
[[ 0.00245243  0.00020122  0.00259272]]
[[ 0.00397574  0.001773    0.00099921]]
[[ 0.00594142  0.00369737 -0.00103735]]
[[ 0.00540122  0.00554619 -0.00300601]]
[[ 0.00062836 -0.00468097 -0.00081658]]
[[ 0.00102698 -0.00131514  0.00377424]]
[[-0.00026131 -0.00113303  0.00455046]]
[[-0.0013777  -0.00113646  0.0042652 ]]
[[-0.00119918 -0.00184418  0.0038621 ]]
[[-0.00124968  0.0001807   0.00351315]]
[[-0.00089722 -0.00023023  0.00349938]]
[[-0.00103822  0.00132225  0.00276527]]
[[ -1.08949484e-03  -7.44444248e-05   1.60188424e-03]]
[[ 0.00051868 -0.00768799 -0.00232353]]
[[ 0.00288154 -0.0004128   0.00178767]]
[[ 0.00506916  0.00079564 -0.00168432]]
[[ 0.00378022 -0.00176031  0.00553717]]
[[ 0.00128668 -0.00045459  0.00340243]]
[[-0.00063769 -0.00311528  0.00493574]]
[[-0.00190623 -0.00068605  0.00556052]]
[[-0.00102508 -0.00068138  0.00484981]]
[[-0.00104736 -0.00113666  0.00348038]]
[[-0.00073032 -0.00233812  0.003635  ]]
[[-0.00208003 -0.00279674  0.00205042]]
[[ -6.51170087e-05   1.06617294e-03   5.12531071e-03]]
[[-0.00153927  0.00031194  0.00330006]]
[[-0.00193508 -0.00058085  0.00253639]]
[[-0.00070314 -0.00086096  0.00375487]]
[[ 0.00059064  0.00262353  0.00335481]]
[[-0.00097893  0.00169435  0.00227263]]
[[-0.00241538 -0.00064681  0.00074693]]
[[-0.0013419  -0.00078711  0.00179152]]
[[-0.00082808  0.00072149  0.0012685 ]]
[[ 0.00133987 -0.00402827 -0.00206838]]
[[  1.93204646e-05  -9.55137826e-03  -1.59493573e-03]]
[[ 0.00175931 -0.0066213  -0.00200725]]
[[ 0.00223356 -0.00628033 -0.00306055]]
[[ 0.00217036 -0.0071098  -0.00199244]]
[[ 0.00222506 -0.00928811 -0.00168523]]
[[-0.00075001 -0.01077808  0.00021676]]
[[ 0.00265675 -0.00055434 -0.00316066]]
[[ 0.00241031 -0.00481709 -0.00280882]]
[[ 0.00246555 -0.00300279 -0.00286759]]
[[ 0.00311573 -0.00150044 -0.00274963]]
[[ 0.00216646  0.0004075  -0.00306199]]
[[ 0.00201644 -0.00062563 -0.00264856]]
[[ 0.00055475  0.00142717 -0.00261997]]
[[ 0.00073905 -0.00014836 -0.00130306]]
[[  6.32119786e-05   1.75795989e-03  -3.28062415e-04]]
[[ 0.00235486 -0.00445318 -0.00199588]]
[[ 0.00345732 -0.00588344 -0.00218961]]
[[ 0.00714479 -0.00828008 -0.00162362]]
[[ -7.87997205e-05  -6.31979850e-03  -2.75860605e-03]]
[[ 0.00291747 -0.00396311 -0.002223  ]]
[[ 0.00280176 -0.00194917 -0.00293947]]
[[ 0.00360971 -0.00369872 -0.00484728]]
[[ 0.00181093 -0.00208325 -0.00235947]]
[[ 0.00340307 -0.00136448 -0.00217482]]
[[ 0.00145616  0.00027684 -0.00258807]]
[[ 0.00307752  0.0013007  -0.00273451]]
[[ 0.00101221 -0.00192993 -0.00320082]]
[[  2.75203726e-03   7.10316582e-05  -2.47378625e-03]]
[[ 0.00054829  0.00282011 -0.00313551]]
[[ -7.14722366e-05   4.93998572e-04  -2.90734214e-03]]
[[-0.0008423  -0.00155061 -0.00141352]]
[[ 0.00118095 -0.00013627 -0.00078182]]
[[  9.43723006e-04   3.19924151e-03   8.33119805e-05]]
[[ -2.96356951e-05   1.76155973e-03  -8.88741059e-04]]
[[  4.22278394e-05   9.86819224e-04   5.38980088e-04]]
[[ 0.00403307  0.00095139  0.00052938]]
[[ 0.00170526 -0.00171788  0.00164792]]
[[ 0.00049666 -0.00283499  0.00122612]]
[[ -5.76659984e-05  -1.96059368e-03  -3.02462635e-05]]
[[ -2.92596717e-04  -1.17120195e-03   7.40473342e-05]]
[[ -2.39340727e-05  -8.49846587e-04   4.03955941e-04]]
[[ 0.00039825 -0.00089129  0.00082416]]
[[ 0.00067921  0.00093981  0.0003924 ]]
[[-0.00013763 -0.00242199 -0.00079011]]
[[ 0.00066154 -0.0011153  -0.00087868]]
[[ 0.00054694 -0.0001547  -0.00066936]]
[[ 0.00047796 -0.00038515 -0.00020001]]
[[  9.77071331e-05  -6.81244897e-04  -3.90767438e-04]]
[[ 0.00027431 -0.00055979 -0.00051458]]
[[ 0.00036384 -0.00051192 -0.00068143]]
[[  6.86732834e-04  -6.82780681e-05  -6.16293912e-04]]
[[ 0.00281892 -0.00613492  0.00411637]]
[[-0.00027735 -0.00087689 -0.00023369]]
[[-0.00014737 -0.0006085   0.00023376]]
[[-0.00066059 -0.00353942 -0.00210178]]
[[-0.0004785  -0.00125944 -0.00094135]]
[[ 0.00098308 -0.00160121 -0.0007333 ]]
[[ 0.00040289 -0.00102234 -0.00041685]]
[[ 0.00140748  0.00033933 -0.00065062]]
[[ 0.00040839 -0.00036359 -0.00060532]]
[[ 0.00055651 -0.00040261  0.00013457]]
[[ 0.00038241 -0.00042273 -0.00028696]]
[[-0.00033909 -0.00090912 -0.00037015]]
[[  6.87282338e-05  -3.34434506e-04  -4.95322469e-04]]
[[ 0.00032202 -0.0004575  -0.0003733 ]]
[[ 0.00043036 -0.00096025 -0.00039798]]
[[ 0.00028137 -0.00068383 -0.00107812]]
[[ 0.00023388 -0.00020796 -0.00056869]]
[[  4.70995834e-04   2.51796405e-05  -3.65230217e-04]]
[[ 0.00092342 -0.00015828 -0.00050774]]
[[ 0.00067451  0.00020619 -0.00071411]]
[[ 0.00023237  0.00017     0.00032882]]
[[  3.08893062e-05   7.60992686e-04   3.07008220e-05]]
[[ -2.57478246e-05   6.21686045e-04  -1.73804094e-04]]
[[ -6.72544928e-04   6.50275724e-04  -7.37929019e-05]]
[[-0.00233259  0.00068898 -0.0006561 ]]
[[ -3.93308206e-03   9.63002163e-04  -9.97919207e-05]]
[[-0.00075239  0.00139267 -0.00034989]]
[[  5.51012946e-04  -4.37322905e-05   8.47505139e-04]]
[[-0.00015916  0.0004594  -0.00011481]]
[[ 0.00015462  0.00061072 -0.00026243]]
[[  3.75194594e-05   2.36908772e-04  -1.98453189e-04]]
[[  3.09110626e-04   6.01771183e-04   9.74404651e-05]]
[[ 0.0007036   0.00094426  0.00012206]]
[[ 0.00126922  0.00183913 -0.00028163]]
[[ 0.00188541  0.00107874 -0.00088608]]
[[ 0.00169824  0.00113918 -0.0022892 ]]
[[ 0.00019743  0.00041777 -0.00012247]]
[[-0.00355003 -0.00080513  0.00010677]]
[[-0.00857564 -0.00048703 -0.00051333]]
[[  4.45754731e-06   3.26908688e-04  -4.22453609e-05]]
[[-0.00033697  0.00033531  0.00014004]]
[[ 0.00029596  0.00042905 -0.0002264 ]]
[[ 0.00059742  0.00090556 -0.00091781]]
[[ 0.00024607  0.00032409 -0.00012205]]
[[ -3.88170113e-06  -3.69491155e-04   2.43757895e-05]]
[[  5.24772756e-04   4.17727905e-04  -1.79780727e-05]]
[[ 0.00011501  0.0008135   0.00065226]]
[[ 0.00065428  0.00094601 -0.00024813]]
[[ 0.00067356  0.0009513   0.00041188]]
[[ 0.00224287  0.00287606  0.00050676]]
[[ 0.00142393  0.00083311 -0.00022867]]
[[ 0.00128957  0.00114793 -0.00082572]]
[[ 0.00158496  0.00104664 -0.00022769]]
[[ 0.00254904  0.00168075 -0.00214482]]
[[ 0.00128455  0.00049925 -0.00145923]]
[[ 0.00191697  0.00031849 -0.00403982]]
[[-0.00076971  0.00159345 -0.00321145]]
[[  2.55162465e-05   5.61899563e-03  -1.61691451e-03]]
[[-0.00060958  0.00403982  0.00088173]]
[[ 0.00075842  0.0036999   0.00191583]]
[[ 0.00309474  0.00338116  0.00188558]]
[[ 0.00476947  0.00412633 -0.00058676]]
[[ 0.00279365  0.00591782 -0.00404054]]
[[-0.00102488 -0.00063352 -0.00477407]]
[[ 0.00051425  0.00195078  0.00192947]]
[[-0.00039327  0.00181583  0.00177508]]
[[  7.65007958e-05   4.10537978e-04   1.57849317e-03]]
[[ 0.00017313 -0.00055426  0.00077079]]
[[ 0.0007659  -0.00010415  0.00060236]]
[[ 0.00085112 -0.0003596   0.0004316 ]]
[[ 0.00152766 -0.00043584  0.00031736]]
[[ 0.00125422 -0.0013562  -0.00144736]]
[[-0.00135828  0.00258879  0.00067129]]
[[ 0.00310645  0.00176337  0.00195674]]
[[ 0.00459117  0.0017795  -0.00130289]]
[[ 0.00021054  0.00179965  0.00106286]]
[[ 0.00103517  0.00130392  0.00180249]]
[[-0.00086833  0.00125745  0.00177096]]
[[-0.00135743  0.00251829  0.00397447]]
[[ 0.00015444  0.00053384  0.00096047]]
[[ 0.00053678  0.00033589  0.00152566]]
[[ 0.0004133  -0.00044064  0.000574  ]]
[[-0.00057672 -0.00118802 -0.0001086 ]]
[[ 0.00063456 -0.00013412  0.00042374]]
[[  1.00032831e-03   9.64365403e-06   9.03366301e-04]]
[[ -1.66043905e-05  -4.89510922e-04   3.37559308e-04]]
[[ 0.00097843 -0.00017123  0.0006855 ]]
[[  1.30713575e-03  -6.41709312e-04   1.68701112e-07]]
[[  1.60697201e-03  -6.75794379e-05   1.17444498e-03]]
[[ 0.000228   -0.00202237 -0.00110957]]
[[ 0.00093702 -0.00135426 -0.00081137]]
[[ 0.00212615 -0.0006102  -0.00318245]]
[[-0.0008819  -0.00082686 -0.00357253]]
[[-0.00204059 -0.00270359 -0.00128084]]
[[-0.00105555 -0.00145173  0.00042511]]
[[  8.03119293e-05  -1.20759729e-03   5.48748920e-04]]
[[ 0.00079995 -0.00184494  0.00105119]]
[[ 0.0004699  -0.00280504 -0.00020256]]
[[-0.00104847 -0.00340739 -0.00239328]]
[[ 0.00017544  0.00147665 -0.0060432 ]]
[[ 0.00062451 -0.00178287  0.00040655]]
[[  4.75558880e-05  -6.84936902e-04   1.38690364e-04]]
[[ 0.00085439 -0.00071523  0.00021014]]
[[ 0.00037426 -0.00061478 -0.00050574]]
[[ 0.00077195 -0.00161507 -0.00035059]]
[[ -2.64109243e-05  -1.08155985e-03  -6.02069788e-04]]
[[ -9.04255783e-05  -2.02088787e-03  -2.14733477e-04]]
[[ -5.06365394e-04  -8.89996790e-04  -3.73272263e-06]]
[[-0.00100483 -0.00081122  0.00012918]]
[[ 0.00154671 -0.00066858  0.00096882]]
[[ 0.00122068 -0.00177127 -0.000518  ]]
[[-0.0013372  -0.00305216 -0.00045432]]
[[ 0.001345  -0.0012763  0.0008159]]
[[ -5.29071345e-05  -4.62327417e-04  -3.59179881e-05]]
[[  2.78479037e-04  -6.39728268e-04   2.17321260e-05]]
[[  3.62782026e-04  -1.03759863e-03  -8.33660674e-05]]
[[  1.39762537e-03  -4.38297960e-05   6.09205980e-04]]
[[ 0.00011442 -0.00043048 -0.00043038]]
[[ 0.00035968 -0.0005786  -0.00025929]]
[[  5.25155726e-05  -2.72907332e-03  -1.47275259e-03]]
[[ 0.00149727 -0.000902   -0.00018909]]
[[ 0.00017959 -0.00093722 -0.00028605]]
[[-0.00025942 -0.00068055 -0.00052141]]
[[-0.00142053 -0.00323929 -0.00051313]]
[[ 0.00040182 -0.00179397 -0.00014655]]
[[ -8.24452904e-05  -8.78484394e-04   1.95602883e-05]]
[[-0.00054723 -0.00056762 -0.00015549]]
[[-0.00043221 -0.00085708  0.00010654]]
[[ 0.00060949  0.00876062  0.00464556]]
[[-0.00655442  0.01008555  0.00209243]]
[[-0.00514248  0.00525127 -0.00093295]]
[[-0.0052753   0.00410666 -0.00314658]]
[[-0.00769377  0.00509327 -0.00061327]]
[[-0.01215592  0.00742454  0.00085885]]
[[-0.00996059  0.01026554  0.0012241 ]]
[[ 0.00095155  0.00178752  0.00089509]]
[[-0.00240919  0.00291242 -0.00421109]]
[[-0.00203739  0.00295368 -0.0067955 ]]
[[ 0.00093182  0.00222266 -0.00607169]]
[[ 0.00092928  0.00070528 -0.00528079]]
[[-0.00024397  0.00138063 -0.00494735]]
[[-0.00035202  0.00028968 -0.00415989]]
[[-0.00026376  0.00128174 -0.00336311]]
[[ 0.00022366 -0.00037542 -0.00193862]]
[[-0.00118918  0.00118945  0.00148213]]
[[-0.00621636  0.00305554 -0.00096332]]
[[-0.01261274  0.00748143  0.00142426]]
[[-0.00372639  0.00304703 -0.00552655]]
[[-0.00243653  0.00248851 -0.00282151]]
[[-0.00316531  0.00250081 -0.00864746]]
[[ 0.00014597  0.00358071 -0.00802468]]
[[ 0.00135908  0.00329238 -0.00498845]]
[[ 0.00073939  0.00104594 -0.00523056]]
[[ 0.0014461   0.00032846 -0.00559585]]
[[ 0.00189245  0.00020101 -0.00440818]]
[[-0.00081752  0.0020974  -0.00513953]]
[[-0.00109316  0.00114515 -0.00524674]]
[[  1.60266876e-03   6.20588094e-06  -3.47199500e-03]]
[[-0.00087979 -0.00089959 -0.00453616]]
[[-0.00175809  0.00237946 -0.00352126]]
[[-0.00101044  0.00177229 -0.00266369]]
[[ 0.00225605 -0.00113244 -0.00091218]]
[[ 0.00044326 -0.00174612 -0.00284604]]
[[ 0.00043535  0.000481   -0.00138381]]
[[-0.00046348 -0.0032596  -0.00314838]]
[[ 0.00413482 -0.00638568  0.0001457 ]]
[[ 0.00157018 -0.00419229  0.00271342]]
[[ 0.0012087  -0.00162764  0.0037605 ]]
[[ 0.00262957 -0.00186976  0.00069037]]
[[  5.67022475e-03  -3.27015126e-03  -7.60305665e-05]]
[[ 0.0058523  -0.00461742 -0.00026775]]
[[-0.0038934   0.00448246  0.00065886]]
[[-0.00100635 -0.00150575  0.00412197]]
[[ -1.30681805e-05  -5.81381056e-04   6.01923271e-03]]
[[-0.00266261 -0.00044618  0.00542807]]
[[-0.00207306  0.00109135  0.00515511]]
[[-0.0006701  -0.00034871  0.00455369]]
[[ 0.00051443  0.00166099  0.0036293 ]]
[[ 0.00040571 -0.00011927  0.00211923]]
[[ 0.00070165  0.00186639  0.00083964]]
[[  3.81457863e-05  -4.42749181e-03   3.21293954e-03]]
[[ 0.00045811 -0.00135778  0.00135027]]
[[ 0.00190546 -0.00486413 -0.00101873]]
[[-0.00057586 -0.00244622  0.005002  ]]
[[-0.00139515 -0.00052798  0.00287779]]
[[ 0.00155663 -0.00142533  0.00765484]]
[[-0.00144401 -0.00018784  0.00662143]]
[[-0.00200065 -0.00097847  0.00508672]]
[[-0.00283905 -0.00040708  0.00489612]]
[[-0.00215601  0.00092348  0.0052875 ]]
[[-0.00291181  0.0022231   0.00425187]]
[[-0.0003885  -0.00143355  0.00477353]]
[[-0.00021845  0.00011055  0.00494102]]
[[-0.0001059   0.00315532  0.00375678]]
[[ 0.00159575  0.00122422  0.0040181 ]]
[[ 0.00167321 -0.00150568  0.00205526]]
[[ 0.00063562 -0.00020289  0.00138842]]
[[ -7.24736345e-04   3.43619600e-03   7.80344299e-05]]
[[ 0.00084857  0.00246504  0.00208715]]
[[ 0.00024572  0.00091709 -0.00022971]]
[[-0.00181147  0.009989   -0.0077059 ]]
[[ 0.00420207  0.00876978 -0.00269363]]
[[ 0.00327188  0.00534486  0.00217271]]
[[ 0.00428683  0.00403262  0.00467097]]
[[ 0.00613721  0.00419731  0.00189352]]
[[ 0.00881878  0.00546312 -0.00050187]]
[[ 0.00812656  0.00737419 -0.00363599]]
[[-0.00079148  0.00485311 -0.00623197]]
[[ 0.00231732  0.00233937  0.00547167]]
[[ 0.0017174   0.00353756  0.00804291]]
[[-0.00109057  0.00278064  0.00745903]]
[[-0.00128184  0.0008688   0.00648279]]
[[  2.46883033e-04  -8.81609316e-05   6.27391428e-03]]
[[ 0.00014922 -0.00187719  0.00498836]]
[[-0.00010011 -0.00130225  0.00387583]]
[[-0.00072317 -0.002023    0.00243322]]
[[-0.00069321  0.00267103 -0.00052091]]
[[ 0.00439434  0.00469052  0.00273033]]
[[ 0.00558234  0.00813608 -0.00189896]]
[[ 0.00149049  0.00151403  0.0058813 ]]
[[ 0.00282688  0.00211982  0.00454297]]
[[ 0.00299189  0.00361325  0.00989522]]
[[ 0.00032795  0.00432808  0.00877648]]
[[-0.0019295   0.00371814  0.00585425]]
[[-0.00045893  0.00246343  0.00693652]]
[[-0.00184158  0.00098644  0.00687855]]
[[-0.00239767  0.00041481  0.00671198]]
[[ 0.0001239  -0.00021572  0.00465792]]
[[  1.72074008e-03   7.52420690e-05   6.67057177e-03]]
[[-0.00059891 -0.00295278  0.00564491]]
[[ 0.00064253 -0.00160318  0.005527  ]]
[[ -8.94489345e-05  -1.12814891e-03   3.54702973e-03]]
[[ 0.00103759 -0.00087991  0.00292202]]
[[-0.00160255 -0.00335945  0.00137142]]
[[-0.0009502  -0.00251983  0.00331341]]
[[-0.00103345 -0.00074605  0.00172156]]
[[ 0.00357795 -0.00126047  0.00032939]]
[[-0.00304837  0.00182096 -0.00058791]]
[[-0.00244061  0.00333587 -0.00132953]]
[[-0.00143733  0.00459224 -0.00272525]]
[[-0.00092228  0.00325316  0.00055027]]
[[-0.00193378  0.00243977 -0.0006108 ]]
[[-0.00353183  0.00326509 -0.00337503]]
[[ 0.00333882  0.00458443 -0.00501552]]
[[ 0.00044839  0.00330689 -0.0038384 ]]
[[-0.00048538  0.00250561 -0.00592415]]
[[ 0.00232477  0.00028994 -0.00538109]]
[[ 0.00192423  0.00092132 -0.00521423]]
[[ 0.00021421  0.00022809 -0.00503648]]
[[-0.00058595  0.00178609 -0.00394694]]
[[ -8.26723934e-04  -8.49185946e-05  -2.79612030e-03]]
[[-0.0007063   0.00086229 -0.00173375]]
[[ 0.00085588  0.00494038  0.00086176]]
[[ 0.00121056  0.0015714  -0.00044264]]
[[ 0.00169859 -0.00196835 -0.00021676]]
[[-0.00053761  0.00353423 -0.00691374]]
[[ 0.00073172  0.00234754 -0.00300182]]
[[-0.00225638  0.001635   -0.00748889]]
[[-0.00015932  0.00350565 -0.00367316]]
[[ 0.00278976 -0.00043605 -0.00564478]]
[[ 0.00253739  0.00028889 -0.00508855]]
[[ 0.00234055  0.00105185 -0.00518699]]
[[ 0.0020706   0.00144312 -0.0051221 ]]
[[-0.00043632 -0.00049622 -0.0053317 ]]
[[-0.00038874  0.00027172 -0.00560165]]
[[-0.00061372  0.00303598 -0.00392375]]
[[-0.00131816  0.00209596 -0.00384094]]
[[-0.0018902  -0.00121127 -0.00323016]]
[[-0.00122535 -0.00031049 -0.00218141]]
[[-0.00057111  0.00178538 -0.00104774]]
[[-0.00060745  0.00135657 -0.00262561]]
[[ -7.42968538e-05  -5.64753891e-05  -1.09463601e-03]]
[[ 0.00354187  0.00092438  0.00075506]]
[[ 0.00120521 -0.00174657  0.00189077]]
[[ -9.54026102e-05  -2.90591097e-03   1.42902013e-03]]
[[ -6.35366389e-04  -1.95813428e-03   8.15251679e-05]]
[[-0.00082618 -0.00119137  0.00016276]]
[[-0.00051178 -0.00088205  0.00056449]]
[[ -7.76352252e-05  -9.15044838e-04   1.02228351e-03]]
[[ 0.00021454  0.00089739  0.0006427 ]]
[[-0.00086037 -0.00235201 -0.00075592]]
[[ -6.89818318e-05  -9.94030054e-04  -7.93823698e-04]]
[[ -4.62408963e-04  -1.03651030e-05  -6.14765523e-04]]
[[ -5.21880625e-04  -1.60414146e-04   6.91485391e-06]]
[[-0.00134165 -0.00039986 -0.00023277]]
[[ -1.14480564e-03  -8.99212483e-05  -3.40645951e-05]]
[[-0.00201097  0.00028146 -0.0002348 ]]
[[-0.00119437  0.00066867  0.00127491]]
[[ 0.00218549 -0.00619909  0.00434021]]
[[-0.00080165 -0.00082825 -0.00025644]]
[[-0.0006396  -0.00062584  0.00041099]]
[[-0.001279   -0.00349352 -0.00206062]]
[[-0.00126661 -0.00119803 -0.00107167]]
[[ 0.00020749 -0.00153599 -0.00061676]]
[[-0.0002495  -0.00089183 -0.00026334]]
[[ 0.0005818   0.00045015 -0.00057087]]
[[-0.00071494 -0.0002369  -0.0008065 ]]
[[-0.00046043 -0.00028493  0.00037692]]
[[ -5.31874425e-04  -1.69967891e-04   1.91915354e-05]]
[[-0.00150321 -0.000693   -0.00019119]]
[[ -1.57372403e-03  -4.91755628e-05  -7.00566438e-04]]
[[ -9.90791964e-04   4.88844684e-05   3.35570534e-04]]
[[-0.00093754 -0.00070034  0.00015585]]
[[ -1.49233552e-03  -4.52242273e-06  -8.62936739e-04]]
[[-0.00211337  0.00071266 -0.00116582]]
[[-0.0013829   0.00097367  0.00158078]]
[[-0.0005493   0.00044859  0.0008278 ]]
[[-0.00168923  0.00156793  0.00259152]]
[[-0.00021842  0.00015308  0.0006126 ]]
[[-0.00046974  0.00068686  0.00038458]]
[[-0.00061344  0.00048493  0.00017995]]
[[-0.00128378  0.00052413  0.00025586]]
[[-0.00293852  0.00054143 -0.00044869]]
[[-0.00449554  0.00082891  0.00014617]]
[[-0.0012569   0.00131625 -0.0001088 ]]
[[  9.87102193e-05  -7.05988459e-05   1.09239092e-03]]
[[-0.00088697  0.00035272  0.00015229]]
[[-0.00054314  0.00050413  0.00011853]]
[[-0.00088434  0.00012142  0.00022241]]
[[-0.00054869  0.00048458  0.00073598]]
[[-0.00043661  0.0008217   0.00081976]]
[[ 0.00021877  0.00178838  0.00074909]]
[[ 0.00018093  0.00114023  0.00017821]]
[[  4.98601642e-04   1.15967328e-03   7.49543517e-05]]
[[-0.00041136  0.00029548  0.00026478]]
[[-0.00415679 -0.00091798  0.0001971 ]]
[[-0.00916396 -0.00062037 -0.00029942]]
[[-0.00060298  0.00018087  0.00029178]]
[[-0.00115786  0.00020643  0.00027398]]
[[-0.00039637  0.00036717  0.00013835]]
[[ -7.83534716e-05   7.46614071e-04  -5.62368912e-04]]
[[-0.0005051   0.00016081  0.00038487]]
[[-0.00105462 -0.00052744  0.00027313]]
[[-0.00027452  0.00033925  0.00058085]]
[[-0.00073823  0.00065133  0.00124686]]
[[-0.00026454  0.00074996  0.0005342 ]]
[[-0.00064757  0.0007862   0.00090959]]
[[ 0.00116316  0.00278532  0.00154184]]
[[ 0.00052147  0.00079254  0.00076988]]
[[  6.51107605e-05   1.01530158e-03   2.14697303e-04]]
[[  4.36441053e-06   1.18361568e-03   5.50552665e-05]]
[[  1.17473630e-03   1.81576163e-03  -2.28629762e-05]]
[[ 0.00064349  0.00061799  0.00026043]]
[[ 0.00028114  0.00077609 -0.00026881]]
[[-0.0012549   0.00161588 -0.00301482]]
[[-0.00046892  0.00565909 -0.00141168]]
[[-0.00119784  0.00413589  0.00104711]]
[[ 0.00017906  0.00374735  0.00198675]]
[[ 0.00253724  0.00345549  0.00191069]]
[[ 0.00426157  0.00419292 -0.00047626]]
[[ 0.0023085   0.00595688 -0.00388978]]
[[-0.00148594 -0.00059827 -0.00456304]]
[[-0.00020482  0.00197032  0.00192416]]
[[-0.00113214  0.00178963  0.00180484]]
[[-0.00093751  0.00041154  0.0015687 ]]
[[-0.00084683 -0.00060657  0.00089133]]
[[ -6.89482217e-04  -9.84551766e-05   6.59460527e-04]]
[[-0.0006216  -0.00042098  0.00076773]]
[[-0.00092287 -0.00044771  0.00056251]]
[[-0.00091741 -0.00106778  0.0001507 ]]
[[-0.00198577  0.00267531  0.00086714]]
[[ 0.00255435  0.00180024  0.00186154]]
[[ 0.00407702  0.00184368 -0.00117239]]
[[-0.00037741  0.00185963  0.00109896]]
[[ 0.00024524  0.0013516   0.00162734]]
[[-0.00166606  0.00124758  0.00183212]]
[[-0.00203506  0.00249495  0.00404405]]
[[-0.00065203  0.00059376  0.0010351 ]]
[[-0.00059972  0.00037682  0.00125115]]
[[-0.0006464  -0.00045218  0.00072926]]
[[ -1.52739544e-03  -1.25129985e-03   4.39537777e-05]]
[[ -5.35394840e-04  -1.34636610e-05   6.31771708e-04]]
[[ -6.69482506e-04   3.76096166e-05   5.79776211e-04]]
[[-0.00139577 -0.0005532   0.00069995]]
[[-0.00048998 -0.00018018  0.00110196]]
[[-0.00054189 -0.000384    0.00045203]]
[[-0.00083436 -0.00015459  0.0003152 ]]
[[-0.00202987 -0.00162354 -0.00021919]]
[[-0.00095363 -0.00134821  0.00031119]]
[[-0.00064957 -0.00072757 -0.00011627]]
[[-0.00134677 -0.00079706 -0.00333447]]
[[-0.00254335 -0.00264423 -0.00097973]]
[[-0.0016531  -0.00133571  0.00072625]]
[[-0.00052745 -0.00112971  0.00081591]]
[[ 0.00020942 -0.00174505  0.00121538]]
[[ -7.39940886e-05  -2.70921410e-03   2.90206116e-06]]
[[-0.00154523 -0.0033516  -0.00219138]]
[[-0.00028087  0.00150876 -0.00584166]]
[[-0.00010705 -0.00174047  0.00061704]]
[[-0.00065095 -0.00064472  0.00045642]]
[[ -7.07450876e-05  -6.63901904e-04   5.50300078e-04]]
[[ -4.84404515e-04  -5.67431857e-04   3.30472939e-05]]
[[-0.00039484 -0.00152876  0.00020158]]
[[-0.00110807 -0.00104806  0.00025088]]
[[-0.0019345  -0.00196281  0.00058702]]
[[-0.00184739 -0.00074342  0.002087  ]]
[[-0.00163177 -0.00069633  0.00046505]]
[[ 0.00094857 -0.00061549  0.00102166]]
[[ 0.00065273 -0.00168529 -0.00033008]]
[[-0.00196804 -0.0029818  -0.00018994]]
[[ 0.00052295 -0.00121855  0.00089114]]
[[-0.00075159 -0.00042048  0.00027169]]
[[-0.00036637 -0.00056813  0.00034206]]
[[-0.00042055 -0.00094039  0.00032676]]
[[  3.42255700e-04   1.86109753e-05   7.68121192e-04]]
[[ -6.97866565e-04  -3.57665839e-04   8.28632024e-05]]
[[-0.00043778 -0.00051281  0.00027276]]
[[-0.0009447  -0.0025463  -0.00082985]]
[[ 0.00014554 -0.00085216  0.00012399]]
[[-0.00083304 -0.00089468  0.000587  ]]
[[-0.00121741 -0.00058618  0.00033312]]
[[-0.00283177 -0.00289568  0.0003835 ]]
[[-0.00137326 -0.00191811 -0.00024856]]
[[-0.00150028 -0.00083165  0.00176894]]
[[-0.00137554 -0.00048615  0.00135146]]
[[-0.00227344 -0.00101323  0.00353858]]
[[ 0.00459259  0.00518436  0.00331643]]
[[ 0.00167465  0.00572454  0.00251612]]
[[ 0.00160281  0.00301734 -0.00051651]]
[[ 0.0002651   0.00341249 -0.00306859]]
[[-0.00082798  0.0037811  -0.00186575]]
[[-0.00097154  0.00464733  0.00053306]]
[[-0.0017903   0.00618639  0.00484459]]
[[ 0.00116158  0.00305645  0.00453952]]
[[ 0.0002154   0.00130127 -0.00374145]]
[[ 0.00162169  0.0024944  -0.00417191]]
[[ 0.00202702  0.00178886 -0.00396182]]
[[  1.64390354e-03   3.16024385e-05  -3.48338223e-03]]
[[ 0.00118971 -0.00062219 -0.00349719]]
[[ 0.00084077 -0.00212552 -0.00335807]]
[[ 0.00122053 -0.00168511 -0.00256849]]
[[ 0.00141416 -0.00216064 -0.00158784]]
[[ 0.00456535 -0.00128872  0.00240876]]
[[ 0.00024423  0.00396446 -0.00276409]]
[[ 0.00341695  0.00411223  0.00165062]]
[[-0.00011532  0.0004447  -0.00417617]]
[[-0.00031807  0.00157417 -0.00373469]]
[[ 0.0021321   0.00142407 -0.00421605]]
[[ 0.0020024   0.00363797 -0.00549701]]
[[ 0.00242     0.00260362 -0.00310526]]
[[ 0.00158355  0.00178718 -0.00357193]]
[[ 0.0012401   0.0002607  -0.00308421]]
[[ 0.00262494 -0.0004921  -0.00358174]]
[[ 0.00055749 -0.00058436 -0.00264678]]
[[ 0.0010832  -0.00044464 -0.00348826]]
[[ 0.00080746 -0.00308126 -0.00424681]]
[[ 0.00068735 -0.0012908  -0.00371904]]
[[ 0.00092695 -0.00157945 -0.00254467]]
[[ 0.00087533 -0.00132596 -0.00190586]]
[[ 0.00166661 -0.00337918 -0.00094047]]
[[ 0.00168993 -0.00198784 -0.00185535]]
[[ 0.00130219 -0.00108484 -0.00102935]]
[[-0.00353963  0.00171659  0.00354482]]
[[  9.77284788e-05   2.74887287e-03   4.50456568e-04]]
[[ 0.00036399  0.00475527 -0.00055256]]
[[-0.00083303  0.00385459  0.00104903]]
[[-0.00252718  0.00223906 -0.00066464]]
[[-0.00380608  0.00139081  0.00040277]]
[[  6.76496882e-05   1.60663203e-03   1.87193616e-03]]
[[-0.00054004  0.00326857  0.0063993 ]]
[[-0.00116948  0.0035358   0.00206043]]
[[-0.00132091  0.00274009  0.00244188]]
[[-0.00229277  0.00099092  0.00238465]]
[[-0.00162737  0.00116063  0.00293355]]
[[-0.00133846  0.00031838  0.00297278]]
[[-0.00026177  0.00148639  0.00288787]]
[[-0.00019211 -0.00054237  0.00188471]]
[[ 0.00011369  0.00021817  0.00117602]]
[[-0.00214025  0.00895417 -0.00283142]]
[[-0.00445391  0.00148138  0.00054898]]
[[-0.00892213  0.00062952  0.00011762]]
[[ 0.00131233  0.00391451  0.00482677]]
[[-0.00146923  0.00219152  0.00208057]]
[[-0.0013177   0.00327196  0.00250154]]
[[-0.00073587  0.0031017   0.00094725]]
[[-0.00245452  0.00059211  0.00323569]]
[[-0.00253478  0.00080673  0.0021005 ]]
[[-0.00114058  0.00123119  0.00236101]]
[[-0.00162766  0.00154613  0.00289651]]
[[-0.00015274 -0.0005611   0.00406533]]
[[-0.00194704  0.00044829  0.00301616]]
[[ 0.00049053  0.00263255  0.00298401]]
[[  8.89180701e-05   1.29314052e-03   2.72147330e-03]]
[[ 0.00102926 -0.00186381  0.00268081]]
[[-0.0005176  -0.00055701  0.00146244]]
[[ 0.000621    0.00085919  0.00068966]]
[[  9.34056392e-06   6.20872802e-05   1.39801002e-03]]
[[-0.00012507 -0.00056565  0.00076186]]
[[-0.0011455   0.00333881 -0.00256325]]
[[-0.00043501  0.00720741 -0.00082358]]
[[-0.00143632  0.00554766  0.00166271]]
[[  3.96026773e-05   5.24017611e-03   2.65478959e-03]]
[[ 0.00247588  0.00500402  0.00230647]]
[[ 0.00438928  0.00573303 -0.00011886]]
[[ 0.00251636  0.0075724  -0.00348255]]
[[-0.00114659  0.00128218 -0.0042765 ]]
[[-0.00029885  0.00341053  0.0025752 ]]
[[-0.00136628  0.00338831  0.00262248]]
[[-0.00121647  0.00151744  0.0025437 ]]
[[-0.00122395  0.00043637  0.00191506]]
[[-0.00105686  0.00054378  0.0017539 ]]
[[ -1.05269908e-03  -4.38135699e-05   1.74040636e-03]]
[[-0.00130084 -0.00025955  0.00146199]]
[[-0.00128917 -0.00115844  0.00086089]]
[[-0.00231235  0.00407987  0.00145653]]
[[ 0.00264293  0.00355746  0.00216492]]
[[ 0.00440505  0.00357761 -0.00096923]]
[[-0.00047019  0.00344013  0.00167788]]
[[ 0.00015694  0.00264568  0.00226192]]
[[-0.00195406  0.00248189  0.00259279]]
[[-0.00239798  0.0046153   0.00501863]]
[[-0.00091457  0.00181634  0.00179222]]
[[-0.00081794  0.00132008  0.00219755]]
[[-0.0010807   0.00041006  0.00172557]]
[[-0.00202104  0.00011016  0.00129706]]
[[-0.00088191  0.0007099   0.00143809]]
[[-0.00092321  0.00051947  0.00159878]]
[[-0.0019355  -0.0001206   0.00190733]]
[[-0.00095836  0.0001705   0.00206719]]
[[-0.00086479 -0.00011552  0.00111464]]
[[ -1.08857159e-03  -5.52348416e-05   1.10033614e-03]]
[[-0.0024771  -0.00190253  0.00056144]]
[[-0.00135577 -0.00141977  0.00097571]]
[[-0.00095959 -0.00073648  0.00058823]]
[[-0.000528    0.00155162 -0.00322783]]
[[-0.00177673 -0.00037453 -0.00131692]]
[[-0.0007838   0.0007936  -0.00010155]]
[[ 0.00035358  0.00092755 -0.00035663]]
[[ 0.0007126   0.00015433  0.00053817]]
[[ 0.00020476 -0.00076547 -0.00025927]]
[[-0.00108386 -0.0012758  -0.0022419 ]]
[[ 0.00015642  0.00334846 -0.00547971]]
[[ 0.00112415  0.00040869 -0.00075387]]
[[ 0.00070194  0.00082845 -0.00113764]]
[[ 0.00149262  0.00045836 -0.00117304]]
[[ 0.00109577  0.00012186 -0.00180091]]
[[ 0.0013804  -0.00132566 -0.00158123]]
[[ 0.00061931 -0.00095494 -0.00161466]]
[[ 0.0004571  -0.00231188 -0.00104221]]
[[ -1.42921480e-05  -1.10227464e-03  -6.22442449e-04]]
[[-0.00047823  0.00174037 -0.00068406]]
[[ 0.00144017  0.00128886  0.00025369]]
[[ 0.00083286  0.00025441 -0.00034934]]
[[-0.00057177 -0.00024307 -0.00204248]]
[[ 0.00164482  0.00050594 -0.00046557]]
[[ 0.00054926  0.00089487 -0.00126553]]
[[ 0.00070859  0.00100624 -0.00091889]]
[[ 0.00115785  0.00041173 -0.0018123 ]]
[[ 0.00186703  0.00087503 -0.00081156]]
[[ 0.00079088  0.00021366 -0.0016542 ]]
[[ 0.0008898   0.00028605 -0.0012694 ]]
[[ 0.00079578 -0.00245032 -0.00295597]]
[[ 0.0020026  -0.00066285 -0.00139249]]
[[ 0.00066936 -0.00071183 -0.0011058 ]]
[[ 0.00037408 -0.00062091 -0.00147311]]
[[-0.00079759 -0.00377972 -0.00141304]]
[[ 0.00088659 -0.00195981 -0.0008635 ]]
[[ 0.00032124 -0.00102792 -0.00046997]]
[[ -3.13535850e-05  -8.29429354e-04  -6.79115411e-04]]
[[ -1.87481360e-05  -1.25252077e-03  -5.23308480e-04]]
[[ 0.00640972  0.00335287 -0.00645481]]
[[ 0.00261707  0.00248295 -0.00377208]]
[[ 0.00217351  0.000181   -0.00171046]]
[[ 0.00313016  0.00091083 -0.00275217]]
[[ 0.00472514  0.00279496 -0.00122401]]
[[ 0.00547635  0.00477852 -0.00382509]]
[[ 0.00250549  0.00391786 -0.00650745]]
[[ 0.00544416  0.00135849 -0.00992099]]
[[ 0.0031787   0.0010871  -0.00294749]]
[[ 0.00267456  0.00058008 -0.0034551 ]]
[[ 0.00288057  0.00159644 -0.00358933]]
[[ 0.00160606  0.00044804 -0.00394813]]
[[ -8.57671698e-05   7.04167503e-04  -4.10556675e-03]]
[[-0.00078324 -0.00077523 -0.00308199]]
[[-0.00120525  0.00081529 -0.00201403]]
[[ -1.02637974e-03  -1.58387041e-06  -9.51310434e-04]]
[[ 0.00443689 -0.00371468  0.00141672]]
[[ 0.00624808  0.00323408 -0.00116994]]
[[ 0.0092851   0.00851367 -0.00497544]]
[[-0.00029713  0.00186795 -0.00528468]]
[[ 0.00403615  0.00218623 -0.00218043]]
[[ 0.00260434 -0.00053561 -0.00313131]]
[[ 0.00271064  0.00064035 -0.00249716]]
[[ 0.00273451  0.00259119 -0.00376941]]
[[ 0.00357167  0.00154305 -0.00394497]]
[[ 0.00106534  0.00019617 -0.00297119]]
[[ 0.0018597   0.00021853 -0.0042641 ]]
[[-0.00083248  0.00156768 -0.00428361]]
[[-0.00047678  0.00043765 -0.00470803]]
[[-0.00125771 -0.00178743 -0.00335014]]
[[-0.0009838  -0.00075888 -0.00294899]]
[[-0.00220449  0.00189637 -0.00241387]]
[[-0.00152313  0.00088194 -0.00154876]]
[[-0.00131111 -0.00052136 -0.0005669 ]]
[[ -8.70652208e-04   2.84887896e-05  -1.38397751e-03]]
[[-0.00061183  0.0006046  -0.00044687]]
[[ 0.00516451 -0.00185022 -0.00978108]]
[[ 0.00811019 -0.00279972 -0.00437077]]
[[ 0.00833776  0.00011421  0.00132828]]
[[  6.85297213e-03   5.34904828e-05   5.19029872e-03]]
[[  6.56160702e-03   4.19662753e-05   2.29379508e-03]]
[[ 0.00662604 -0.00052332 -0.00133104]]
[[ 0.00866414 -0.00181942 -0.00708052]]
[[ 0.00411866  0.00229973 -0.01031163]]
[[ 0.00515195  0.00158592  0.00626173]]
[[ 0.00509648  0.00132371  0.00914321]]
[[ 0.00102492  0.00090077  0.00822244]]
[[ 0.00072537  0.0026432   0.00778732]]
[[ 0.00016444  0.00205568  0.00706185]]
[[ 0.00047742  0.00344721  0.00670705]]
[[ 0.00016312  0.00219251  0.00571841]]
[[-0.00031644  0.00249391  0.00388632]]
[[ 0.00589782  0.00347242 -0.00034542]]
[[ 0.00416153 -0.0002655   0.00415048]]
[[ 0.00117938  0.00031313 -0.00317681]]
[[ 0.0049352   0.00264895  0.00662703]]
[[ 0.00567374  0.0011996   0.00630075]]
[[ 0.00739213  0.00132321  0.01171565]]
[[ 0.00242615  0.00191048  0.00865604]]
[[ 0.00052681  0.00042419  0.00748451]]
[[ 0.00214586  0.00045819  0.00717659]]
[[ 0.0010545   0.00255923  0.00938917]]
[[-0.00111633  0.00418045  0.00669505]]
[[ 0.00034636  0.00217017  0.00634472]]
[[ 0.00081624  0.0016588   0.00684703]]
[[ -6.34793233e-05   4.97199773e-03   6.58677995e-03]]
[[ 0.00139548  0.00294595  0.00764546]]
[[-0.00013961  0.00227786  0.00550045]]
[[ 0.00068059  0.00164764  0.00582662]]
[[-0.00095221  0.00393054  0.00242682]]
[[-0.00063616  0.00300691  0.00463234]]
[[ -9.02067537e-05   4.47043821e-04   2.69340949e-03]]
[[ 0.00491648  0.00593885 -0.01196463]]
[[ 0.00749478  0.00854622 -0.00485491]]
[[ 0.00694481  0.00606194  0.00089078]]
[[ 0.00638495  0.00481274  0.00365128]]
[[ 0.00785976  0.0037229   0.00208863]]
[[ 0.00940145  0.00450954 -0.00172901]]
[[ 0.00808329  0.00692774 -0.00716862]]
[[ 0.00098547  0.00071017 -0.01160622]]
[[ 0.00481789  0.00349647  0.00431121]]
[[ 0.00518332  0.00315825  0.00702743]]
[[ 0.00190866  0.00174523  0.00633888]]
[[ 0.00136666  0.00059484  0.0059289 ]]
[[ 0.00065583  0.00088159  0.00536991]]
[[ 0.00085308  0.00019252  0.005598  ]]
[[  5.14170418e-04  -2.72740127e-05   5.41978867e-03]]
[[ 0.00055843 -0.00116244  0.00436223]]
[[ 0.00627259  0.00599417  0.00172164]]
[[ 0.00709075  0.00206976  0.00296976]]
[[ 0.00881374  0.00187187 -0.00270253]]
[[ 0.00332521  0.00357642  0.00327333]]
[[ 0.00510426  0.00192224  0.00417048]]
[[ 0.00729874  0.0036604   0.00928295]]
[[ 0.00254387  0.00346167  0.00826399]]
[[ 0.00144881  0.00215431  0.00490106]]
[[ 0.00282129  0.00095145  0.00542603]]
[[ 0.00125686  0.0006571   0.00745581]]
[[  5.60088011e-05  -6.55636147e-05   4.91874991e-03]]
[[ 0.00023582  0.0010126   0.00452262]]
[[ 0.00124375  0.00049686  0.00512505]]
[[ -7.12658393e-04  -2.05462335e-05   5.27146307e-03]]
[[  1.88446941e-03   3.59036821e-05   6.34041509e-03]]
[[  2.82941378e-04  -3.95082685e-05   4.40723356e-03]]
[[  8.78051570e-04   1.50405047e-06   5.85853119e-03]]
[[-0.00112502 -0.00220738  0.00394438]]
[[ 0.00074036 -0.00182179  0.00495509]]
[[  7.94278363e-04   4.00748044e-05   3.53408982e-03]]
[[  1.16347988e-03   3.62193785e-05  -6.83747994e-03]]
[[-0.00142149 -0.00171713 -0.004917  ]]
[[-0.00060876 -0.00069489 -0.00250237]]
[[-0.00016954 -0.00015467 -0.00171993]]
[[-0.00055533 -0.0010066  -0.00072136]]
[[-0.00294689 -0.00205113 -0.00308348]]
[[-0.00206122 -0.00218401 -0.00797423]]
[[ 0.00309694  0.00276888 -0.01049775]]
[[ 0.001217   -0.00100332 -0.00146984]]
[[ 0.0004435  -0.00010452 -0.00209303]]
[[ 0.00081937 -0.00028904 -0.00229492]]
[[  7.21411181e-06  -2.82917816e-04  -2.82919211e-03]]
[[-0.00106291 -0.00129787 -0.00279212]]
[[-0.00126356 -0.00092278 -0.00181392]]
[[-0.00178785 -0.00185618 -0.00116058]]
[[-0.00156984 -0.00079153 -0.00026436]]
[[ -9.65959602e-05  -1.72620695e-04  -2.18548165e-03]]
[[  1.93875227e-04   1.01682415e-04   9.16939632e-05]]
[[-0.00370111 -0.00370479 -0.00369186]]
[[-0.00069359 -0.00211399 -0.00265556]]
[[ 0.00188209 -0.00091057 -0.00033509]]
[[  8.63933229e-05   8.63909124e-05  -2.17219157e-03]]
[[  7.16317826e-04   7.11465409e-05  -1.87564640e-03]]
[[ 0.00052987 -0.00047025 -0.00259688]]
[[ 0.0014511   0.00010273 -0.00266228]]
[[ -4.47512892e-04  -8.59766603e-05  -2.44830879e-03]]
[[  1.18997908e-05  -1.69184885e-04  -2.31299778e-03]]
[[-0.00098411 -0.00208873 -0.00338071]]
[[-0.00167097 -0.00068479 -0.00334248]]
[[-0.00090681 -0.00073621 -0.00139795]]
[[-0.00139388 -0.00046185 -0.00182884]]
[[-0.0026468  -0.00283806 -0.00114612]]
[[-0.00224331 -0.00162867 -0.00097786]]
[[-0.00104579 -0.00071714 -0.00020021]]
[[-0.00156136 -0.00044254 -0.00069465]]
[[ -1.25658492e-03  -7.84280630e-04   6.35722506e-05]]
