[[-0.00436485  0.00469025  0.00919122]]
[[ -7.50545064e-03   9.43845504e-07   4.90798657e-03]]
[[-0.0087026  -0.00202455  0.00121943]]
[[-0.00684444 -0.0021482  -0.0017409 ]]
[[ -5.86701123e-03  -2.08244384e-03   5.15521955e-05]]
[[-0.00543667 -0.00180797  0.0017311 ]]
[[-0.00607659 -0.00132288  0.00406512]]
[[-0.00331826  0.00110941  0.00753256]]
[[-0.00541991 -0.00210574 -0.00315449]]
[[-0.00617679 -0.00142722 -0.00620263]]
[[ -2.44075608e-03  -7.73864348e-05  -5.34627618e-03]]
[[-0.00205277 -0.00078016 -0.00525401]]
[[-0.00113948 -0.00062277 -0.00480239]]
[[-0.00090367 -0.00077712 -0.00479201]]
[[ -7.10168973e-04  -5.72108632e-05  -4.71190424e-03]]
[[ -7.91935064e-05   2.84145356e-04  -3.62952480e-03]]
[[-0.0065864  -0.00373735  0.00296891]]
[[-0.00478721 -0.00168598 -0.00122289]]
[[-0.00490027 -0.00178741  0.00193657]]
[[-0.00477499 -0.00310661 -0.00424674]]
[[-0.00557214 -0.00163298 -0.0033963 ]]
[[-0.00886959 -0.00059151 -0.00857546]]
[[-0.00425748 -0.00237497 -0.00444792]]
[[-0.00105904  0.00055716 -0.00460949]]
[[-0.00312919 -0.00068188 -0.00458683]]
[[-0.00201204 -0.00093063 -0.00707489]]
[[-0.00102724 -0.0014315  -0.00467718]]
[[-0.00120518 -0.00084372 -0.00435867]]
[[-0.00173888 -0.00041487 -0.00458332]]
[[ -9.47187536e-06  -1.07611543e-03  -3.86600891e-03]]
[[-0.00146662 -0.00172952 -0.00534215]]
[[-0.00033071 -0.00020098 -0.00502406]]
[[-0.00104363  0.00031567 -0.00513378]]
[[ 0.00023973  0.00014412 -0.00243066]]
[[ 0.00027617 -0.00069372 -0.00400035]]
[[-0.00022367  0.00179708 -0.0030388 ]]
[[-0.0024822  -0.0002047   0.00390217]]
[[-0.0018091   0.00044114  0.00425855]]
[[-0.00159131  0.00021035  0.00330428]]
[[-0.00192921  0.00056308  0.00294037]]
[[-0.00307119  0.00070659  0.00193142]]
[[-0.00316786  0.00082542  0.00366021]]
[[-0.00171856  0.00145215  0.00561466]]
[[-0.00360488 -0.00014399  0.00545567]]
[[-0.001936    0.00021639  0.00228681]]
[[-0.00103236  0.00066939  0.00255228]]
[[-0.00073029  0.00016459  0.00288   ]]
[[ -2.26390913e-05   6.14726735e-04   3.09996929e-03]]
[[ 0.0015844   0.00096046  0.00324947]]
[[ 0.00163693  0.00185036  0.00190988]]
[[ 0.00202774  0.00121813  0.00105189]]
[[ 0.00172181  0.00120976  0.00027198]]
[[ -1.58096302e-03  -6.56090045e-05   2.69039426e-03]]
[[-0.00443274 -0.0001447   0.00165308]]
[[-0.0067043  -0.00239543  0.00381986]]
[[-0.00134346 -0.00016349  0.00257119]]
[[-0.00247222 -0.00014366  0.00182382]]
[[-0.00056931  0.00052022  0.00239225]]
[[-0.00064773  0.00107761  0.00163894]]
[[-0.00052393  0.00022199  0.00291477]]
[[-0.00096499 -0.00068225  0.00377663]]
[[ 0.00045048  0.00048489  0.00265425]]
[[-0.00027757  0.00088226  0.00339663]]
[[ 0.00097052  0.0011798   0.00236337]]
[[ 0.00275128  0.0008066   0.00400507]]
[[ 0.00239273  0.00291703  0.00262661]]
[[ 0.00184749  0.00091282  0.00206393]]
[[ 0.0014443   0.00132045  0.00075857]]
[[ 0.00278762  0.00124605  0.00081017]]
[[ 0.00228995  0.00193953  0.00012921]]
[[ 0.00183774  0.00068369  0.0007673 ]]
[[ 0.00123344  0.00080001 -0.00031164]]
[[-0.00172695  0.00379811  0.00382542]]
[[ 0.00094698  0.00943235  0.00332736]]
[[-0.00079683  0.00650861  0.00320013]]
[[-0.00065962  0.00599342  0.00358033]]
[[ 0.00048365  0.00723518  0.0020437 ]]
[[ 0.00258666  0.00980637  0.00269969]]
[[ 0.0033674   0.01077335  0.00318353]]
[[-0.00374755 -0.00015953  0.00606932]]
[[-0.00188194  0.00478109  0.00315444]]
[[-0.00194773  0.00314485  0.00366459]]
[[-0.0025334   0.00163841  0.00377499]]
[[-0.00130349 -0.00016146  0.0041539 ]]
[[ -6.93690376e-05   8.07467368e-04   3.92176675e-03]]
[[ 0.00088676 -0.00097698  0.00303319]]
[[ 0.00097918  0.0005267   0.00160571]]
[[ 0.00111771 -0.00123553  0.00025308]]
[[-0.00178626  0.00435046  0.00283362]]
[[-0.00090591  0.00634284  0.00166388]]
[[-0.00083271  0.01217678  0.00289787]]
[[ 0.0005185   0.0061737   0.00328296]]
[[-0.00228184  0.00420581  0.0017384 ]]
[[-0.00210956  0.00203711  0.00380058]]
[[-0.00322708  0.00381156  0.0054846 ]]
[[-0.00136942  0.00212669  0.0033882 ]]
[[-0.0030236   0.00171163  0.00376311]]
[[-0.00043581 -0.00012765  0.00349625]]
[[-0.00230229 -0.00102895  0.00360296]]
[[ 0.00023342  0.00186229  0.00407718]]
[[ 0.00026823  0.00022522  0.00438475]]
[[ 0.00072976 -0.00226019  0.00341269]]
[[ 0.00141844 -0.00020586  0.00343439]]
[[ 0.00212996  0.00175868  0.00150987]]
[[ 0.00125409  0.00050825  0.00103715]]
[[ 0.00014306 -0.00245312 -0.00022575]]
[[ 0.00119448 -0.00132987  0.00104327]]
[[ 0.00087052 -0.0005685  -0.00068832]]
[[-0.00229298 -0.00077288  0.00771785]]
[[-0.00784836 -0.00534007  0.00454012]]
[[-0.00784272 -0.00096493  0.00058177]]
[[-0.00613712 -0.0013349  -0.0030497 ]]
[[-0.00690104 -0.00233585 -0.00070542]]
[[-0.00863301 -0.00423851  0.00194504]]
[[-0.00857538 -0.00639495  0.00521335]]
[[-0.00063507  0.0042763   0.00544876]]
[[ -3.85392140e-03   1.78281154e-05  -4.47435460e-03]]
[[-0.0034836   0.00051142 -0.00698666]]
[[ 0.00016406  0.00059676 -0.00608894]]
[[ 0.00064444  0.00174724 -0.00531233]]
[[  7.36240713e-04  -3.07856733e-05  -4.67305495e-03]]
[[ 0.00014724  0.00070222 -0.00471583]]
[[ -6.36019688e-05  -7.18335671e-04  -4.19985353e-03]]
[[ 0.00020123  0.00066338 -0.00238434]]
[[-0.00513417  0.00426643  0.00208182]]
[[-0.00521823 -0.00012104 -0.00192761]]
[[-0.00733188 -0.00109415  0.00260486]]
[[-0.00599499  0.00014121 -0.00578785]]
[[-0.00391389 -0.0001588  -0.00399332]]
[[-0.00482388  0.00141533 -0.00916814]]
[[-0.00054551  0.00058873 -0.00754424]]
[[  5.11952978e-05  -3.08820976e-05  -5.88673475e-03]]
[[-0.00050152  0.00101341 -0.00470608]]
[[ 0.00103366  0.00220901 -0.00614129]]
[[ 0.00178456  0.00285977 -0.00367298]]
[[-0.00028763 -0.00081806 -0.00578499]]
[[  8.19045893e-04  -3.16880369e-05  -4.48381225e-03]]
[[ 0.00170583  0.0011981  -0.00355967]]
[[-0.00063512  0.00169168 -0.00499387]]
[[-0.00135148 -0.00163899 -0.00448178]]
[[ -2.53260349e-05  -1.29475250e-03  -4.59934782e-03]]
[[ 0.00193342  0.00137672 -0.00125517]]
[[ 0.00063364  0.00199329 -0.00320333]]
[[-0.00024467 -0.00077273 -0.00123131]]
[[ 0.0041548  -0.0020314   0.00117868]]
[[ 0.00161327 -0.00447546  0.00188331]]
[[ 0.00033953 -0.00548973  0.0009092 ]]
[[-0.00019066 -0.00432525 -0.00073996]]
[[-0.00073187 -0.00330789 -0.00020038]]
[[-0.00067023 -0.00306597  0.00060617]]
[[ -1.47994957e-05  -3.29068907e-03   1.26242868e-03]]
[[ 0.00033971 -0.00137718  0.00137627]]
[[  8.72119721e-06  -4.87263722e-03  -1.80509775e-03]]
[[ 0.00107393 -0.00285016 -0.00200636]]
[[ 0.00099173 -0.00156618 -0.00191556]]
[[ 0.00109949 -0.00130026 -0.00132921]]
[[ 0.00064959 -0.00112054 -0.00142816]]
[[ 0.00092697 -0.00081114 -0.00128213]]
[[ 0.00094158 -0.00032135 -0.00121866]]
[[  1.25698690e-03   2.13733156e-05  -8.53595727e-04]]
[[ 0.00296849 -0.00922104  0.00347309]]
[[-0.00067713 -0.00288927 -0.00076336]]
[[-0.000916   -0.00275741  0.00068359]]
[[-0.00030639 -0.00672958 -0.00357412]]
[[-0.00059564 -0.00314121 -0.0020918 ]]
[[ 0.00136623 -0.00324404 -0.00184985]]
[[ 0.000655   -0.00290699 -0.00117561]]
[[ 0.00196636 -0.00143399 -0.00230719]]
[[ 0.0006317  -0.0014046  -0.00186796]]
[[ 0.0011773  -0.00124687 -0.00096786]]
[[ 0.00082685 -0.00148343 -0.00111318]]
[[ 0.00034213 -0.00136485 -0.00171839]]
[[ 0.00049229 -0.00067806 -0.00146766]]
[[ 0.00079154 -0.00082988 -0.00096427]]
[[ 0.00112224 -0.00111644 -0.00113891]]
[[ 0.00093092 -0.00024292 -0.00170951]]
[[ 0.00075519 -0.00013744 -0.0009549 ]]
[[  9.02175548e-04   3.40289802e-05  -5.72549909e-04]]
[[  1.59429256e-03   4.11562580e-05  -7.26538317e-04]]
[[ 0.00113796  0.00043701 -0.0008537 ]]
[[-0.00049395 -0.00171101  0.00138765]]
[[-0.00081512 -0.00108646  0.00139982]]
[[-0.00122101 -0.00107441  0.00119964]]
[[-0.00174971 -0.00112726  0.00134471]]
[[-0.00322607 -0.00126747  0.00044391]]
[[-0.0046508  -0.00113489  0.00098309]]
[[-0.00134741 -0.0006738   0.00071143]]
[[  6.60232530e-05  -2.23588160e-03   1.70331628e-03]]
[[-0.00126591 -0.00108896  0.0011405 ]]
[[-0.00111398 -0.00100131  0.00120662]]
[[-0.00145268 -0.00078876  0.00145246]]
[[-0.00120447 -0.00019894  0.00191041]]
[[-0.00098728  0.0004879   0.00200456]]
[[-0.00035639  0.00182256  0.00173118]]
[[-0.00027789  0.00126033  0.00103355]]
[[  8.33571353e-05   1.56048490e-03   6.99647274e-04]]
[[-0.00113914 -0.00116588  0.0011807 ]]
[[-0.0041774  -0.00288726  0.00092645]]
[[-0.00901802 -0.00289169  0.00037535]]
[[-0.0008989  -0.00139502  0.00113343]]
[[-0.00148613 -0.00113691  0.00121735]]
[[-0.00106893 -0.00072485  0.00116197]]
[[-0.00085235 -0.0012857   0.00078801]]
[[-0.00096848 -0.00085698  0.00134834]]
[[-0.00152871 -0.00134183  0.00145146]]
[[-0.00099569 -0.00019731  0.00169757]]
[[-0.00155434 -0.00022485  0.00270127]]
[[-0.00073793  0.00034514  0.00143329]]
[[-0.00108033  0.0005544   0.00201454]]
[[ 0.00049563  0.00290644  0.00274417]]
[[ -7.19544870e-05   7.89191029e-04   1.71604714e-03]]
[[-0.00030864  0.00107229  0.00087192]]
[[-0.00034623  0.00134166  0.00080464]]
[[ 0.00070861  0.00252375  0.0006612 ]]
[[ 0.0002098   0.00096042  0.00084331]]
[[ -5.32951954e-05   1.04670411e-03   2.89320984e-04]]
[[-0.00076247 -0.00270934 -0.00088027]]
[[ 0.00286149  0.00262063 -0.00186968]]
[[  2.97405941e-03  -1.35476318e-03  -6.85337883e-05]]
[[  2.54777586e-03   4.15305728e-05   2.87793066e-03]]
[[ 0.0041683   0.00161735  0.00127494]]
[[ 0.00617697  0.00355549 -0.00081553]]
[[ 0.00557485  0.00543609 -0.00277828]]
[[ 0.00065591 -0.00481079 -0.00062118]]
[[ 0.00108875 -0.00150477  0.00404227]]
[[-0.00024581 -0.00126603  0.00482306]]
[[-0.00139024 -0.00124881  0.00453702]]
[[-0.00124628 -0.00191392  0.00410162]]
[[-0.00128735  0.00014625  0.00373294]]
[[-0.00094852 -0.00026466  0.00367684]]
[[-0.00107193  0.00131597  0.00292374]]
[[ -1.12279718e-03  -8.42233788e-05   1.74014579e-03]]
[[ 0.00051229 -0.00790394 -0.00212385]]
[[ 0.0030881  -0.00057895  0.00205425]]
[[ 0.00529526  0.00064113 -0.00153034]]
[[ 0.00379472 -0.00198923  0.00579093]]
[[ 0.00140884 -0.00062866  0.00366668]]
[[-0.00062797 -0.0032582   0.00522393]]
[[-0.0018821  -0.00083084  0.0058086 ]]
[[-0.00108245 -0.00081163  0.00513626]]
[[-0.00100817 -0.00124045  0.00374438]]
[[-0.00078148 -0.00239013  0.00388265]]
[[-0.00210853 -0.00288367  0.00227345]]
[[-0.00013011  0.00103347  0.00533879]]
[[-0.00154227  0.00027203  0.00351177]]
[[-0.0019774  -0.0006342   0.00269947]]
[[-0.00075212 -0.00088488  0.00392856]]
[[ 0.00054992  0.00262513  0.00350412]]
[[-0.00098894  0.00168474  0.0024236 ]]
[[-0.00244728 -0.00067483  0.00086347]]
[[-0.00136963 -0.00079814  0.00191266]]
[[-0.00085937  0.00073569  0.00141907]]
[[ 0.00154366 -0.00418855 -0.00189851]]
[[ 0.00014952 -0.00970017 -0.00143637]]
[[ 0.00193185 -0.00674954 -0.00188175]]
[[ 0.00230175 -0.00635655 -0.0029156 ]]
[[ 0.00213985 -0.00719556 -0.00186683]]
[[ 0.00215084 -0.00939565 -0.00155575]]
[[-0.00074548 -0.01092601  0.0003817 ]]
[[ 0.0028026  -0.00068683 -0.00297034]]
[[ 0.00248274 -0.00488234 -0.00268184]]
[[ 0.00259791 -0.00312269 -0.00271197]]
[[ 0.00323495 -0.00159569 -0.00259528]]
[[ 0.00231585  0.00031025 -0.00287406]]
[[ 0.00216436 -0.00072756 -0.00243597]]
[[ 0.000725    0.00135017 -0.00236377]]
[[ 0.00093065 -0.00026173 -0.00100598]]
[[  2.81644959e-04   1.69463062e-03   3.49981077e-05]]
[[ 0.00255654 -0.00460108 -0.00186957]]
[[ 0.00337944 -0.0060073  -0.00204463]]
[[ 0.00703476 -0.00843342 -0.0015206 ]]
[[  4.35736384e-05  -6.36948663e-03  -2.61808851e-03]]
[[ 0.00295535 -0.00402361 -0.00208276]]
[[ 0.00298594 -0.00206682 -0.00276572]]
[[ 0.00371498 -0.00385144 -0.00472094]]
[[ 0.0019342  -0.00218897 -0.00220976]]
[[ 0.00352072 -0.00146    -0.00200186]]
[[ 0.00166073  0.00017889 -0.00239122]]
[[ 0.00320829  0.00118629 -0.00257935]]
[[ 0.00113311 -0.00207186 -0.00301197]]
[[  2.91555297e-03  -2.88221314e-05  -2.22054345e-03]]
[[ 0.00069837  0.00273783 -0.0028999 ]]
[[ 0.00015867  0.00041931 -0.00265258]]
[[-0.00070072 -0.0017249  -0.00116664]]
[[ 0.00141564 -0.00025654 -0.00041542]]
[[ 0.00113822  0.00310933  0.0003975 ]]
[[ 0.00027786  0.00168659 -0.00057658]]
[[ 0.00022779  0.00093146  0.00097543]]
[[ 0.00409226  0.00109762  0.00068846]]
[[ 0.00177923 -0.00163758  0.00182212]]
[[ 0.00060648 -0.00273289  0.00139172]]
[[  2.41964476e-05  -1.91098899e-03   1.62478134e-04]]
[[-0.0002183  -0.00113799  0.00025053]]
[[  4.17336734e-05  -8.22317906e-04   5.73561148e-04]]
[[ 0.00048035 -0.00084507  0.00101283]]
[[ 0.00075392  0.00100645  0.00058873]]
[[ -7.12136100e-05  -2.37372877e-03  -6.18346064e-04]]
[[ 0.00070762 -0.00106223 -0.00070041]]
[[ 0.00055856 -0.00013268 -0.00049908]]
[[  4.67212085e-04  -3.73368860e-04  -5.21462725e-05]]
[[  8.50117077e-05  -6.96755488e-04  -2.58675375e-04]]
[[ 0.0002548  -0.00056908 -0.00040474]]
[[ 0.00034798 -0.0005326  -0.00058191]]
[[  6.72585931e-04  -8.34475568e-05  -5.22648067e-04]]
[[ 0.0029195  -0.00594992  0.00425303]]
[[ -1.98898758e-04  -8.46005562e-04  -6.79567293e-05]]
[[ -9.30503063e-05  -5.91408172e-04   3.71368972e-04]]
[[-0.00055619 -0.0034962  -0.00191759]]
[[-0.00039547 -0.00123799 -0.00077632]]
[[ 0.00102887 -0.00149446 -0.00053421]]
[[ 0.00041297 -0.00096583 -0.00027645]]
[[ 0.00142246  0.00035191 -0.00045501]]
[[ 0.00044525 -0.00035415 -0.00044934]]
[[ 0.00054373 -0.00038174  0.0002939 ]]
[[ 0.0003661  -0.00040432 -0.00016092]]
[[-0.00036123 -0.00093644 -0.0002433 ]]
[[  7.38021891e-05  -3.42639276e-04  -3.72484347e-04]]
[[ 0.00030189 -0.00046188 -0.00027177]]
[[ 0.00041383 -0.00096971 -0.00028664]]
[[ 0.00026103 -0.00071363 -0.00099063]]
[[ 0.00023097 -0.00022012 -0.00047545]]
[[  4.54083107e-04   1.50404327e-05  -2.85675073e-04]]
[[ 0.00091496 -0.00017044 -0.00042425]]
[[ 0.00065741  0.00017908 -0.00060808]]
[[ 0.00030057  0.00018928  0.00052173]]
[[  8.68616695e-05   7.79656468e-04   2.56935311e-04]]
[[  3.26783475e-05   6.40211846e-04   5.97806180e-05]]
[[-0.00062279  0.00067666  0.00019021]]
[[-0.00228847  0.00074242 -0.00041766]]
[[-0.00388359  0.00102784  0.0001022 ]]
[[-0.00068472  0.00144626 -0.00013751]]
[[  6.25851255e-04  -4.84314003e-06   1.04638810e-03]]
[[-0.00010541  0.00048653  0.00012569]]
[[  2.43839768e-04   6.30123990e-04   5.20850557e-06]]
[[  1.24402554e-04   2.38263628e-04   7.75002703e-05]]
[[ 0.00041691  0.00056999  0.00040101]]
[[ 0.00083019  0.00090192  0.0004555 ]]
[[  1.41598652e-03   1.75750538e-03   7.78802054e-05]]
[[ 0.00209744  0.00100166 -0.0004794 ]]
[[ 0.00192811  0.0010121  -0.00183355]]
[[  2.52389991e-04   4.30326235e-04   8.74734855e-05]]
[[-0.00353699 -0.00071408  0.0003504 ]]
[[-0.00856031 -0.00036639 -0.00037418]]
[[  2.99070444e-05   3.51384675e-04   1.92518224e-04]]
[[-0.00028417  0.00038341  0.00039278]]
[[  4.28368991e-04   4.36015173e-04   4.59600519e-05]]
[[ 0.0006928   0.00093259 -0.00067315]]
[[ 0.00029234  0.00033052  0.0001477 ]]
[[  9.83860085e-05  -3.52110307e-04   3.24559882e-04]]
[[ 0.00068304  0.0003987   0.00028285]]
[[ 0.00021133  0.00077592  0.00091179]]
[[  7.37442765e-04   9.21789172e-04   6.84762619e-05]]
[[ 0.00082733  0.00090938  0.00079205]]
[[ 0.00235141  0.00277776  0.00080743]]
[[ 0.00162966  0.00078925  0.00011171]]
[[ 0.00144264  0.00110203 -0.00045573]]
[[ 0.00185631  0.00096621  0.00027896]]
[[ 0.00271829  0.00153084 -0.00180941]]
[[ 0.00160825  0.00043584 -0.00108655]]
[[ 0.00214255  0.0001588  -0.00347197]]
[[-0.00024467  0.00457804 -0.00232897]]
[[ 0.0010239   0.00804307 -0.00016389]]
[[ -6.47367005e-05   5.87937478e-03   2.46896735e-03]]
[[ 0.00178316  0.00513719  0.00348092]]
[[ 0.00461705  0.00442196  0.00348798]]
[[ 0.00675947  0.00527781  0.00070364]]
[[ 0.00468453  0.00801891 -0.00267707]]
[[ 0.00040254  0.00250894 -0.00424241]]
[[ 0.00141066  0.00323865  0.00330453]]
[[ 0.00031885  0.00344583  0.00334382]]
[[ 0.00054295  0.00146685  0.00321897]]
[[ 0.00042048  0.00053426  0.00244889]]
[[ 0.00083602  0.00049143  0.00224747]]
[[  7.78856591e-04  -5.12281084e-05   1.84472014e-03]]
[[ 0.00153034 -0.00025426  0.00161715]]
[[ 0.00126702 -0.00130601 -0.00026235]]
[[-0.00120588  0.00445499  0.00190776]]
[[ 0.00475851  0.00239318  0.00343344]]
[[ 0.0066793   0.00259635 -0.00046172]]
[[ 0.00064931  0.00320007  0.00213403]]
[[ 0.00209893  0.00206887  0.00313946]]
[[-0.00015162  0.00284523  0.00344711]]
[[-0.00044024  0.00464127  0.00581715]]
[[ 0.00029982  0.00165912  0.00216698]]
[[ 0.00124864  0.00094305  0.00308372]]
[[ 0.00060841  0.00069297  0.00242968]]
[[-0.00032799  0.00019002  0.00201662]]
[[ 0.00056327  0.00050032  0.00162756]]
[[ 0.00133362  0.0003279   0.00240794]]
[[-0.00023974 -0.00022484  0.00191941]]
[[ 0.00089252  0.00015298  0.00217524]]
[[ 0.00123464 -0.00043671  0.00101463]]
[[  1.82238193e-03  -9.04085898e-06   2.44351026e-03]]
[[  1.95090640e-04  -2.08903317e-03  -4.31139671e-05]]
[[ 0.00105493 -0.00131893  0.00021459]]
[[ 0.0021409  -0.00046877 -0.001847  ]]
[[ 0.00183951  0.00093445 -0.00340127]]
[[ 0.00028514 -0.00017837 -0.00177647]]
[[ 0.00134052  0.00037958 -0.00061119]]
[[ 0.00163813  0.00126937 -0.00070905]]
[[  1.21934845e-03   8.59398664e-04  -8.70593552e-05]]
[[ 0.00066424  0.00014289 -0.00072333]]
[[ 0.00028699 -0.00018804 -0.00268962]]
[[ 0.00235525  0.00396524 -0.00521727]]
[[ 0.00197366  0.00032586 -0.00101415]]
[[ 0.00137406  0.00058659 -0.00101745]]
[[  1.71841039e-03   1.40768285e-05  -9.45935121e-04]]
[[  1.17966723e-03  -7.71702957e-05  -1.35947226e-03]]
[[ 0.00126267 -0.00138299 -0.0011033 ]]
[[ 0.00046076 -0.00080756 -0.00113281]]
[[ 0.00026078 -0.0018342  -0.00068721]]
[[-0.0001682  -0.00073053 -0.00039846]]
[[ 0.00158728  0.00032206 -0.00082937]]
[[ 0.00144361  0.00182392 -0.00023727]]
[[ 0.00092904  0.00100645 -0.00077557]]
[[ 0.0009579  -0.00056183 -0.0023926 ]]
[[ 0.00237479  0.00078787 -0.00079419]]
[[ 0.00125893  0.00040072 -0.00091241]]
[[ 0.00105285  0.00076398 -0.00088119]]
[[ 0.00147685 -0.00029957 -0.00150099]]
[[ 0.00213064  0.00064438 -0.00066259]]
[[  9.15542576e-04  -5.87363169e-05  -1.10709735e-03]]
[[  9.21348502e-04   9.34666076e-05  -9.81527085e-04]]
[[ 0.0005477  -0.00255522 -0.00224546]]
[[ 0.00189711 -0.00068225 -0.00094521]]
[[ 0.00055478 -0.00058151 -0.00078253]]
[[ 0.00024213 -0.00049084 -0.00096544]]
[[-0.00105016 -0.00304058 -0.00093823]]
[[ 0.00069395 -0.00160061 -0.00060189]]
[[ 0.00018484 -0.00064981 -0.00033265]]
[[-0.00019551 -0.00043902 -0.00045049]]
[[-0.00016528 -0.00076977 -0.00033499]]
[[ 0.0011067   0.00579389  0.00551094]]
[[-0.00559506  0.00764485  0.00352234]]
[[-0.00461351  0.00338346  0.00062626]]
[[-0.00427777  0.00261053 -0.00160207]]
[[-0.00621793  0.00398292  0.00097265]]
[[-0.01023963  0.00620052  0.00213947]]
[[-0.00813144  0.00811863  0.00256589]]
[[ 0.00232504 -0.00136533  0.00142129]]
[[-0.00150659  0.00156111 -0.002851  ]]
[[-0.00132304  0.00124796 -0.0052546 ]]
[[ 0.00143485  0.00108534 -0.00444928]]
[[ 0.00120652 -0.00049027 -0.00362769]]
[[-0.00011298  0.00067416 -0.00330506]]
[[-0.00036872 -0.0001682  -0.00274006]]
[[-0.00020669  0.00094566 -0.00202662]]
[[ 0.00029895 -0.00062694 -0.00064842]]
[[-0.00103194 -0.00072028  0.00270444]]
[[-0.00459768  0.00232473  0.0005049 ]]
[[-0.01060104  0.00656717  0.00226153]]
[[-0.00327694  0.00158292 -0.00446092]]
[[-0.00136382  0.00165832 -0.00148034]]
[[-0.00244289  0.00086222 -0.00700813]]
[[ 0.00105091  0.00136339 -0.00622994]]
[[ 0.00153821  0.00208739 -0.00378651]]
[[ 0.00149387  0.00035343 -0.00366675]]
[[ 0.00166839 -0.00086563 -0.00378458]]
[[ 0.00215792 -0.00131466 -0.00233581]]
[[-0.00083636  0.00135002 -0.00392069]]
[[-0.00069019  0.0007114  -0.00372389]]
[[ 0.00141259 -0.00045007 -0.00192303]]
[[-0.00090057 -0.00131949 -0.00305196]]
[[-0.00177804  0.00201423 -0.00244449]]
[[-0.00074737  0.0015539  -0.00134924]]
[[ 0.00225653 -0.0013463   0.00017172]]
[[ 0.00065723 -0.00191936 -0.00175892]]
[[ 0.00049853  0.0001274   0.00013741]]
[[ 0.00219502 -0.00508888 -0.00297738]]
[[ 0.00640021 -0.00896684 -0.00032107]]
[[ 0.00389545 -0.00607972  0.00172879]]
[[ 0.00269613 -0.00413678  0.00256502]]
[[ 0.00299575 -0.00457452 -0.00040381]]
[[ 0.00583834 -0.00621011 -0.00056945]]
[[ 0.00714085 -0.00786321 -0.00055349]]
[[-0.00177732  0.00195288  0.00147646]]
[[ 0.00025256 -0.0036498   0.00275774]]
[[ 0.00125615 -0.00187082  0.00494248]]
[[-0.00186218 -0.00120081  0.00435028]]
[[-0.00131724  0.00054407  0.0043807 ]]
[[-0.00021935 -0.00059931  0.00387483]]
[[ 0.00096682  0.00138179  0.00316042]]
[[ 0.00073508 -0.00031596  0.00170238]]
[[ 0.00102123  0.00170615  0.00048986]]
[[ 0.00256078 -0.00563502  0.00230551]]
[[ 0.00032092 -0.00381021  0.00016622]]
[[ 0.00161016 -0.00762401 -0.00125531]]
[[ 0.00164254 -0.00498982  0.00312962]]
[[-0.00048757 -0.00260721  0.00131134]]
[[ 0.0028245  -0.00230952  0.0068579 ]]
[[-0.000731   -0.00160199  0.00579841]]
[[-0.00094507 -0.00175642  0.00374501]]
[[-0.00218109 -0.0011097   0.00370232]]
[[-0.00140155  0.00053986  0.00468695]]
[[-0.00239599  0.00154828  0.0036069 ]]
[[  6.62599160e-05  -1.63565550e-03   4.06592485e-03]]
[[ 0.00014396 -0.00011959  0.0042594 ]]
[[ 0.000239    0.00280024  0.00332294]]
[[ 0.00206284  0.00102558  0.00363029]]
[[ 0.00201906 -0.00172096  0.00167557]]
[[ 0.00091377 -0.00039941  0.00098834]]
[[-0.00047155  0.00321408 -0.00023023]]
[[ 0.00118155  0.00233255  0.00183026]]
[[ 0.00049814  0.00082238 -0.00062423]]
[[-0.001551    0.00876018 -0.00758327]]
[[ 0.00437169  0.00746506 -0.00282994]]
[[ 0.00355225  0.00419279  0.00188502]]
[[ 0.00437236  0.00285941  0.00426554]]
[[ 0.00601139  0.00300389  0.00148804]]
[[ 0.00869896  0.00408216 -0.00075068]]
[[ 0.00808736  0.00593237 -0.00363217]]
[[-0.00061723  0.00353608 -0.00588699]]
[[ 0.002307    0.00130639  0.00506377]]
[[ 0.00188011  0.00235663  0.00759734]]
[[-0.00095923  0.00198189  0.00693359]]
[[-0.00105135  0.0001145   0.00600825]]
[[ 0.0004242  -0.00062616  0.00577271]]
[[ 0.00037408 -0.00231856  0.0045758 ]]
[[  6.98898577e-05  -1.65389882e-03   3.47275359e-03]]
[[-0.00054375 -0.00229669  0.00207366]]
[[-0.00031375  0.00157566 -0.00077356]]
[[ 0.00405674  0.00348555  0.00234473]]
[[ 0.00522778  0.00656629 -0.00213341]]
[[ 0.0015514   0.00041096  0.00558072]]
[[ 0.00275149  0.00125516  0.00413484]]
[[ 0.00326262  0.00266558  0.00949849]]
[[ 0.00052084  0.00275953  0.00810687]]
[[-0.00177469  0.00284005  0.00549598]]
[[-0.00040551  0.00180257  0.00643895]]
[[-0.00153011  0.00034947  0.00644134]]
[[-0.00211771 -0.00053532  0.00607522]]
[[ 0.0003145  -0.00082355  0.00430705]]
[[ 0.00182846 -0.00035186  0.00620847]]
[[-0.00034819 -0.0034787   0.00514929]]
[[ 0.00091343 -0.00198999  0.00514991]]
[[  8.14834593e-05  -1.54303591e-03   3.24867938e-03]]
[[ 0.00115489 -0.00116194  0.00255692]]
[[-0.0014044  -0.00369169  0.00102158]]
[[-0.00075435 -0.00275918  0.00302898]]
[[-0.00089189 -0.00101603  0.00127771]]
[[ 0.00328583 -0.00292523  0.0007227 ]]
[[ -3.06258782e-03   4.55621750e-04   8.52458251e-06]]
[[-0.00236201  0.00212044 -0.00060556]]
[[-0.0012552   0.00351178 -0.00189189]]
[[-0.00055558  0.00226575  0.0012873 ]]
[[ -1.54842430e-03   1.38733295e-03  -6.07815612e-05]]
[[-0.00330392  0.00200179 -0.00282491]]
[[ 0.00331201  0.00309776 -0.00479384]]
[[ 0.00057388  0.00215323 -0.00298843]]
[[-0.00051616  0.00163706 -0.00509114]]
[[ 0.00232341 -0.00052534 -0.00447454]]
[[ 0.00182655  0.0003366  -0.00435453]]
[[ 0.00020091 -0.0002534  -0.00414575]]
[[-0.00065613  0.00143635 -0.00312727]]
[[-0.00079919 -0.00035267 -0.00196358]]
[[-0.00067411  0.0007146  -0.00089271]]
[[ 0.00073059  0.00354812  0.00156802]]
[[ 0.00162749  0.0006548   0.0003472 ]]
[[ 0.00210147 -0.00298119  0.00012534]]
[[-0.00051449  0.00204522 -0.00596996]]
[[ 0.0010719   0.00145984 -0.00207887]]
[[-0.00225869  0.0008143  -0.00664948]]
[[-0.00016378  0.0025568  -0.00300248]]
[[ 0.00269247 -0.00149036 -0.00464495]]
[[ 0.00272086 -0.00033217 -0.00411801]]
[[ 0.00229974  0.00050716 -0.00434593]]
[[ 0.00200283  0.00078012 -0.00440259]]
[[-0.00054412 -0.00112024 -0.00439243]]
[[-0.00026275 -0.00011048 -0.00465352]]
[[-0.00066591  0.0026237  -0.0032212 ]]
[[-0.00132299  0.00177042 -0.0030583 ]]
[[-0.0019249  -0.00156739 -0.00240673]]
[[-0.00107022 -0.00052501 -0.00128731]]
[[-0.00055718  0.00155693 -0.00038475]]
[[-0.00047571  0.00116484 -0.00191859]]
[[ -4.29108313e-05  -7.95667655e-05  -1.15928200e-04]]
[[ 0.00355078  0.00089981  0.00061004]]
[[ 0.00123096 -0.00176216  0.00171321]]
[[ -7.05232768e-05  -2.92612762e-03   1.24654562e-03]]
[[-0.00059931 -0.00197829 -0.00012473]]
[[ -7.94400745e-04  -1.20828108e-03  -2.49594853e-05]]
[[-0.00046826 -0.00088629  0.00039521]]
[[ -5.60621019e-05  -9.31942424e-04   8.60137991e-04]]
[[ 0.0002254   0.00088011  0.00049947]]
[[-0.00082322 -0.0024004  -0.00094876]]
[[ -4.70636193e-05  -1.03766776e-03  -1.01884125e-03]]
[[ -4.31086622e-04  -8.20922693e-05  -8.66196177e-04]]
[[-0.00050824 -0.00022198 -0.00028461]]
[[-0.00133344 -0.0004941  -0.00056172]]
[[-0.00115857 -0.0001745  -0.00040941]]
[[-0.00204258  0.00014731 -0.0006588 ]]
[[-0.00127794  0.00057574  0.00075222]]
[[ 0.00221424 -0.00622787  0.00417255]]
[[-0.00077403 -0.0008575  -0.00043572]]
[[-0.00058216 -0.00062589  0.0002735 ]]
[[-0.00123991 -0.00355564 -0.00224163]]
[[-0.0012331  -0.00124027 -0.00127101]]
[[ 0.00020062 -0.00158095 -0.00083766]]
[[-0.00021242 -0.00093406 -0.00047525]]
[[ 0.00061914  0.00035354 -0.00080309]]
[[-0.00069518 -0.00029847 -0.00107364]]
[[ -4.90167982e-04  -3.43120689e-04   9.73847687e-05]]
[[-0.00050266 -0.00023473 -0.00025834]]
[[-0.00148136 -0.00082898 -0.00048568]]
[[-0.00158131 -0.00013641 -0.00105705]]
[[ -9.84477269e-04  -4.18444655e-05  -2.47038533e-05]]
[[-0.00101105 -0.00077925 -0.00019722]]
[[-0.00150847 -0.00019793 -0.0012294 ]]
[[-0.00218007  0.00058741 -0.00163979]]
[[-0.00142709  0.00083664  0.00111632]]
[[-0.00073182  0.00033684  0.00039397]]
[[-0.00174256  0.00148466  0.00195051]]
[[-0.00019201  0.00014283  0.00048999]]
[[-0.00044914  0.00068008  0.00026183]]
[[ -5.92865268e-04   4.82295834e-04   7.25166032e-05]]
[[-0.0012724   0.00051696  0.00015555]]
[[-0.00293543  0.00052945 -0.00055666]]
[[ -4.48706296e-03   8.17850058e-04   3.52709829e-05]]
[[-0.00124832  0.00130157 -0.00023913]]
[[  1.16426695e-04  -8.56162834e-05   9.40933448e-04]]
[[ -8.77154684e-04   3.43571097e-04   7.24977367e-05]]
[[ -5.32139962e-04   4.90942441e-04   4.68099800e-05]]
[[-0.00087184  0.00011207  0.00015497]]
[[-0.00053474  0.0004735   0.00067465]]
[[-0.00042416  0.00081514  0.00076169]]
[[ 0.0002331   0.0017798   0.00069701]]
[[ 0.00019377  0.00113508  0.0001289 ]]
[[  5.11016291e-04   1.15506899e-03   2.73410126e-05]]
[[-0.00038326  0.00029378  0.00017486]]
[[-0.00416426 -0.00093841  0.00010257]]
[[-0.00915166 -0.00063338 -0.00039648]]
[[-0.00059056  0.00017436  0.00021787]]
[[-0.00115619  0.00019631  0.00019815]]
[[ -3.87772750e-04   3.55024077e-04   6.20560759e-05]]
[[ -6.46962701e-05   7.28916266e-04  -6.29522593e-04]]
[[-0.0004897   0.00015188  0.00032076]]
[[-0.00105001 -0.000537    0.00020743]]
[[-0.00026357  0.00033029  0.00051799]]
[[-0.00072362  0.00063568  0.00118927]]
[[-0.00024972  0.00074279  0.00047982]]
[[-0.00064144  0.00077919  0.00085326]]
[[ 0.00117734  0.00277294  0.00149269]]
[[ 0.00053335  0.00078557  0.00071787]]
[[  7.86183105e-05   1.00992546e-03   1.69177891e-04]]
[[  1.11882861e-05   1.17825597e-03   7.95086008e-06]]
[[  1.18803058e-03   1.80615871e-03  -6.38614436e-05]]
[[ 0.0006535   0.00061214  0.00021844]]
[[ 0.00029402  0.00077759 -0.00032276]]
[[-0.00124068  0.00157866 -0.00312772]]
[[-0.00045711  0.00562686 -0.00152664]]
[[-0.00118263  0.00410581  0.00094631]]
[[ 0.00018469  0.00372227  0.00189196]]
[[ 0.0025353   0.00343542  0.00180831]]
[[ 0.00426563  0.00416747 -0.00058204]]
[[ 0.00230899  0.00593091 -0.0040118 ]]
[[-0.00147994 -0.00063373 -0.0047036 ]]
[[-0.00020276  0.00194678  0.00184911]]
[[-0.00112835  0.00177029  0.00173595]]
[[-0.00093182  0.00039329  0.00150349]]
[[-0.00083924 -0.00062209  0.00083125]]
[[-0.00068251 -0.00011474  0.00060183]]
[[-0.00061274 -0.0004342   0.00071563]]
[[-0.00091492 -0.00046166  0.00051266]]
[[-0.00090976 -0.00107983  0.00010186]]
[[-0.00196398  0.00264268  0.00078378]]
[[ 0.00254047  0.00178715  0.00177282]]
[[ 0.00408306  0.00181513 -0.00126704]]
[[-0.00037195  0.00182837  0.00103182]]
[[ 0.00024033  0.00133464  0.00155633]]
[[-0.00166406  0.00123228  0.00175889]]
[[-0.00202639  0.00247301  0.00397652]]
[[-0.00064239  0.00057052  0.00097588]]
[[-0.00060124  0.00036404  0.00118791]]
[[-0.00064097 -0.00046592  0.00066731]]
[[ -1.51741169e-03  -1.26793264e-03  -1.41406564e-05]]
[[ -5.24905341e-04  -3.29561903e-05   5.80564205e-04]]
[[ -6.68870099e-04   2.62141575e-05   5.24259535e-04]]
[[-0.00138545 -0.00056719  0.0006494 ]]
[[-0.00048295 -0.00019208  0.00104957]]
[[-0.0005319  -0.00040102  0.00040828]]
[[-0.00083258 -0.00016459  0.0002679 ]]
[[-0.00202036 -0.00163526 -0.00026143]]
[[-0.00094869 -0.00135798  0.00026813]]
[[-0.00064052 -0.00074424 -0.00017319]]
[[-0.00135199 -0.00083176 -0.00347263]]
[[-0.00253236 -0.00269163 -0.00114927]]
[[-0.00163948 -0.00138652  0.00055238]]
[[-0.00050922 -0.00119241  0.00062115]]
[[ 0.00023071 -0.00180057  0.00104583]]
[[ -4.15279069e-05  -2.76629768e-03  -1.52741579e-04]]
[[-0.00153533 -0.00339353 -0.00234076]]
[[-0.00028034  0.00147812 -0.0059766 ]]
[[ -9.99860846e-05  -1.81477475e-03   4.40015785e-04]]
[[-0.00065807 -0.00073074  0.0002612 ]]
[[ -7.95041546e-05  -7.58597124e-04   3.40330815e-04]]
[[-0.00050886 -0.00068127 -0.00019959]]
[[ -4.35550320e-04  -1.65629333e-03  -5.51263133e-05]]
[[ -1.16811962e-03  -1.19746033e-03  -2.47028977e-05]]
[[-0.00202895 -0.0021283   0.00028313]]
[[-0.00196821 -0.00093219  0.00173485]]
[[-0.00161864 -0.00074981  0.00030322]]
[[ 0.00095999 -0.00067121  0.00086613]]
[[ 0.00069705 -0.00174873 -0.00045502]]
[[-0.00195501 -0.00306953 -0.00037615]]
[[ 0.00053003 -0.00128521  0.0007093 ]]
[[ -7.82808644e-04  -4.77394458e-04   8.30655976e-05]]
[[-0.00035318 -0.00067376  0.00017685]]
[[-0.00041665 -0.00104824  0.00011007]]
[[  3.28613973e-04  -6.84382799e-05   5.43383985e-04]]
[[-0.00075432 -0.00043516 -0.00013796]]
[[ -4.39410998e-04  -6.48172554e-04   8.01049571e-05]]
[[-0.00096599 -0.00268554 -0.00108546]]
[[  9.40879548e-05  -9.71308976e-04  -1.57981358e-04]]
[[-0.00086028 -0.00107049  0.00036269]]
[[ -1.31709879e-03  -6.88217766e-04   7.69665892e-05]]
[[ -2.89771577e-03  -3.07475319e-03   8.86579189e-05]]
[[-0.00149429 -0.00207256 -0.00059966]]
[[-0.00157366 -0.00105604  0.00152565]]
[[-0.00156506 -0.00061517  0.00106942]]
[[-0.0023837  -0.00124506  0.00309114]]
[[ 0.00462217  0.0045486   0.00355242]]
[[ 0.00172274  0.00511919  0.00288508]]
[[  1.59031950e-03   2.48550541e-03  -9.94607255e-05]]
[[ 0.00032949  0.00289673 -0.0025931 ]]
[[-0.00068849  0.0032946  -0.00140441]]
[[-0.00084642  0.00408493  0.00091828]]
[[-0.00165111  0.00558083  0.00515979]]
[[ 0.00124169  0.00242534  0.00471969]]
[[ 0.00032186  0.00082957 -0.00330271]]
[[ 0.00169363  0.00195155 -0.00367845]]
[[ 0.00208616  0.00140165 -0.0034205 ]]
[[ 0.00167983 -0.00037961 -0.00290864]]
[[ 0.00122944 -0.00090006 -0.00287292]]
[[ 0.00086886 -0.00238663 -0.00272992]]
[[ 0.00127204 -0.00183413 -0.00190588]]
[[ 0.00149081 -0.00229577 -0.0008704 ]]
[[ 0.00449966 -0.00183107  0.00277199]]
[[ 0.00046448  0.0034956  -0.00232942]]
[[ 0.00359536  0.0034857   0.00197249]]
[[ -7.94576977e-05  -6.86737873e-05  -3.79919772e-03]]
[[-0.00017568  0.00119936 -0.00328484]]
[[ 0.00221748  0.0009573  -0.0037272 ]]
[[ 0.00205375  0.00293877 -0.00495351]]
[[ 0.00241242  0.00218875 -0.00266312]]
[[ 0.001697    0.00149021 -0.00301658]]
[[ 0.0013007  -0.00010961 -0.00251405]]
[[ 0.00263983 -0.00101339 -0.00296194]]
[[ 0.00053198 -0.00086509 -0.00214954]]
[[ 0.00119042 -0.00063825 -0.00285149]]
[[ 0.00081108 -0.00340628 -0.00357685]]
[[ 0.0007535  -0.00153717 -0.00310386]]
[[ 0.0009261  -0.00171501 -0.0020198 ]]
[[ 0.00101343 -0.00140679 -0.00122404]]
[[ 0.00170745 -0.00351841 -0.0002612 ]]
[[ 0.00185041 -0.00210722 -0.00123585]]
[[ 0.00134112 -0.00122029 -0.00016886]]
[[-0.00330713  0.00101347  0.00368306]]
[[ 0.00023738  0.00209285  0.00051941]]
[[ 0.00047448  0.00415123 -0.00056969]]
[[-0.00075628  0.0032444   0.00097858]]
[[-0.00255111  0.00166172 -0.00070937]]
[[-0.00385535  0.00079166  0.00044741]]
[[ 0.00012508  0.00097021  0.00195357]]
[[-0.00039408  0.00262682  0.0066346 ]]
[[-0.00105113  0.00285695  0.00192218]]
[[-0.00115663  0.00220471  0.00228811]]
[[-0.00214705  0.00047533  0.00219057]]
[[-0.00145048  0.00075137  0.00275013]]
[[ -1.19255055e-03  -5.44879030e-05   2.77576347e-03]]
[[ -9.11654621e-05   1.18083424e-03   2.70882044e-03]]
[[ -5.10361891e-05  -8.15124258e-04   1.70323180e-03]]
[[  2.59420200e-04   1.27177887e-05   1.00751323e-03]]
[[-0.00196201  0.00829692 -0.00288178]]
[[-0.00448578  0.00089916  0.00044654]]
[[ -9.00654856e-03   8.71728623e-06   1.91121857e-04]]
[[ 0.00149587  0.00305338  0.0046408 ]]
[[-0.00140857  0.00161825  0.00190523]]
[[-0.00115041  0.0028172   0.00236752]]
[[-0.00064966  0.00251192  0.00082872]]
[[ -2.27288323e-03  -5.01503982e-05   2.99868257e-03]]
[[-0.00243613  0.00037554  0.00188758]]
[[-0.00096549  0.0008844   0.00220246]]
[[-0.00151534  0.00108548  0.00274111]]
[[  1.75786316e-05  -1.01868087e-03   3.83107758e-03]]
[[-0.00182823  0.00012794  0.00280646]]
[[ 0.00060474  0.00228421  0.00282752]]
[[ 0.00025787  0.00103746  0.00256869]]
[[ 0.00117933 -0.00219266  0.00247735]]
[[-0.00039957 -0.00079548  0.00127516]]
[[ 0.0007263   0.00059845  0.00054375]]
[[ 0.00016017 -0.00012681  0.0012669 ]]
[[ -2.98998956e-06  -7.31795473e-04   5.78316662e-04]]
[[-0.00109471  0.00296246 -0.00244449]]
[[-0.00039552  0.0068239  -0.00076065]]
[[-0.0013642   0.00519162  0.00168131]]
[[  7.59965406e-05   4.86554868e-03   2.63979144e-03]]
[[ 0.00249434  0.00462447  0.00231508]]
[[  4.41576703e-03   5.32145900e-03  -8.20244666e-05]]
[[ 0.00253626  0.00716114 -0.00336932]]
[[-0.00110376  0.00090317 -0.0040909 ]]
[[-0.00030128  0.00303771  0.00254519]]
[[-0.00133733  0.00296756  0.00257238]]
[[-0.00119721  0.00117739  0.00246397]]
[[ -1.17947893e-03   7.57414897e-05   1.82678226e-03]]
[[-0.00101709  0.00025239  0.00163917]]
[[-0.00099439 -0.0003355   0.00162964]]
[[-0.00124931 -0.00050068  0.00133543]]
[[-0.00122749 -0.00137854  0.00073022]]
[[-0.00222733  0.00372272  0.00146705]]
[[ 0.00262534  0.00314598  0.00217229]]
[[ 0.00439033  0.00310748 -0.00093833]]
[[-0.00046227  0.00302834  0.0016531 ]]
[[ 0.00015841  0.00232163  0.00222811]]
[[-0.00189969  0.00213963  0.00256808]]
[[-0.00236545  0.00407321  0.00493387]]
[[-0.00088547  0.00143532  0.00173821]]
[[-0.00080054  0.00103049  0.00212122]]
[[-0.0010093   0.00010877  0.00165376]]
[[-0.00197083 -0.00034948  0.00117997]]
[[-0.00083128  0.00038172  0.00136077]]
[[-0.00089324  0.00027682  0.00149323]]
[[-0.00186949 -0.00048835  0.00177247]]
[[ -8.77673560e-04  -7.84640556e-05   1.97084764e-03]]
[[-0.00080638 -0.00039193  0.00102524]]
[[-0.00105067 -0.00025651  0.00098778]]
[[-0.00240482 -0.002192    0.00043642]]
[[-0.00128357 -0.00161556  0.00087674]]
[[-0.00090614 -0.00093985  0.00040497]]
[[-0.00055384  0.00109462 -0.00303645]]
[[-0.00177095 -0.00075558 -0.00106998]]
[[-0.00075148  0.00044209  0.00017497]]
[[  3.90137416e-04   6.00712481e-04  -3.76240695e-05]]
[[ 0.00079922 -0.00015554  0.00082786]]
[[  2.89393689e-04  -1.08639961e-03  -2.83615752e-05]]
[[-0.00102899 -0.00164327 -0.00200736]]
[[ 0.00017132  0.00293716 -0.00532053]]
[[  1.13984692e-03   4.93072854e-05  -4.35139857e-04]]
[[ 0.00069258  0.00054345 -0.00080425]]
[[ 0.00148659  0.00018385 -0.00080944]]
[[  1.07333629e-03  -8.32121975e-05  -1.43165151e-03]]
[[ 0.00138422 -0.00150471 -0.00118653]]
[[ 0.00060943 -0.00107953 -0.00122514]]
[[ 0.000481   -0.00240448 -0.00063577]]
[[  1.59026451e-05  -1.13501772e-03  -1.93588399e-04]]
[[-0.00048385  0.00134084 -0.00041582]]
[[ 0.00154528  0.00097898  0.00055565]]
[[  9.16013182e-04  -6.70342531e-05  -1.84431615e-04]]
[[-0.00059005 -0.00069795 -0.00170629]]
[[ 0.00171558  0.00021407 -0.00012162]]
[[ 0.00056813  0.0006265  -0.00092751]]
[[ 0.0006969   0.00069007 -0.00064257]]
[[  1.12178197e-03   5.74734928e-05  -1.43176236e-03]]
[[ 0.00191704  0.00066076 -0.00041977]]
[[  8.07015261e-04   1.45560202e-05  -1.29306102e-03]]
[[  8.63619951e-04   5.28776294e-05  -9.56746772e-04]]
[[ 0.00076898 -0.00269197 -0.00254833]]
[[ 0.0020552  -0.00079913 -0.00096784]]
[[ 0.00065138 -0.0008571  -0.00077505]]
[[ 0.00040479 -0.00075142 -0.00109923]]
[[-0.00079892 -0.00391237 -0.00100339]]
[[ 0.00096617 -0.00202457 -0.00042632]]
[[ 0.00033099 -0.00109193 -0.00014253]]
[[  5.46683487e-05  -8.96570738e-04  -3.14997196e-04]]
[[ -1.15753459e-06  -1.21563205e-03  -1.92183648e-05]]
[[ 0.00499667  0.00183448 -0.00608686]]
[[ 0.0009793   0.00051369 -0.0027545 ]]
[[ 0.00071011 -0.00149734 -0.00058498]]
[[ 0.00177006 -0.00107729 -0.00129209]]
[[ 0.0035829   0.00028766  0.00054703]]
[[ 0.00347237  0.00130521 -0.00207612]]
[[ 0.00071591  0.0010936  -0.00569862]]
[[ 0.0036204  -0.00068167 -0.00999259]]
[[ 0.00235123 -0.00042523 -0.00166908]]
[[ 0.00172177 -0.00071069 -0.00230501]]
[[ 0.00227403  0.00082781 -0.00232049]]
[[  1.04052504e-03   3.08006893e-06  -2.88053570e-03]]
[[-0.00036028  0.00034755 -0.0030737 ]]
[[-0.00106275 -0.001001   -0.00225354]]
[[-0.0013295   0.00058726 -0.00120592]]
[[-0.00113694 -0.00019756 -0.0001754 ]]
[[ 0.00299809 -0.00515708  0.00235978]]
[[ 0.00589234  0.00052006  0.00028096]]
[[ 0.00778032  0.00385722 -0.00257941]]
[[-0.00085471  0.00022113 -0.00423404]]
[[ 0.00334944  0.00060997 -0.00085809]]
[[ 0.00156213 -0.00138195 -0.00220531]]
[[ 0.00134621 -0.00100912 -0.00105133]]
[[ 0.0022422   0.00169105 -0.00275094]]
[[ 0.00306432  0.00083505 -0.0026037 ]]
[[ 0.00048719 -0.00018967 -0.00204981]]
[[ 0.00123474 -0.00024685 -0.00303239]]
[[-0.00113265  0.00113234 -0.00343425]]
[[-0.00063004  0.00019135 -0.00366195]]
[[-0.00152946 -0.0020179  -0.00255053]]
[[-0.00125588 -0.00095656 -0.00220004]]
[[-0.002348    0.00164134 -0.00172145]]
[[-0.00153211  0.00067948 -0.00071745]]
[[-0.00149347 -0.00073504  0.00010287]]
[[ -9.24298940e-04  -9.06536949e-05  -7.63523876e-04]]
[[-0.0006719   0.00036202  0.00049153]]
[[ 0.00261687 -0.00660979 -0.01024832]]
[[ 0.00600494 -0.00539192 -0.00509506]]
[[ 0.00590497 -0.00228736  0.00051772]]
[[ 0.00509231 -0.00157352  0.00411438]]
[[ 0.00502606 -0.00128188  0.00165233]]
[[ 0.00499954 -0.00196613 -0.00174128]]
[[ 0.00680713 -0.00374503 -0.00748461]]
[[ 0.00203579 -0.00076356 -0.00989333]]
[[  3.76739222e-03  -3.45055613e-05   5.17726233e-03]]
[[ 0.00392626 -0.00036126  0.00782729]]
[[ 0.00032725 -0.00067641  0.0067831 ]]
[[ 0.00044892  0.00149091  0.00639137]]
[[  7.48236977e-05   1.34849757e-03   5.79476267e-03]]
[[ 0.00062333  0.00293332  0.00573229]]
[[ 0.00024834  0.001957    0.00490452]]
[[-0.00019698  0.00227683  0.00324206]]
[[ 0.00301652  0.00040251 -0.00143429]]
[[ 0.00283727 -0.00137063  0.00335119]]
[[-0.00029754 -0.00098469 -0.00320116]]
[[ 0.00314636  0.00077056  0.00551263]]
[[ 0.00407489  0.00013543  0.00516952]]
[[ 0.00607961 -0.00088065  0.01012318]]
[[  1.80648599e-03   1.74172562e-05   7.82751783e-03]]
[[-0.00050363 -0.00158275  0.00553886]]
[[ 0.00110754 -0.00047234  0.00580875]]
[[ 0.00079014  0.00119839  0.00773443]]
[[-0.00123371  0.00285875  0.00573242]]
[[ 0.00037539  0.00135018  0.00481475]]
[[ 0.00046209  0.00115602  0.00569157]]
[[  3.56417457e-05   4.30994077e-03   5.81681540e-03]]
[[ 0.00154716  0.00248642  0.00659567]]
[[  4.23108501e-05   2.05999906e-03   4.72785897e-03]]
[[ 0.00060386  0.00141448  0.00505413]]
[[-0.000853    0.00358606  0.00190342]]
[[-0.00053931  0.00279031  0.00405994]]
[[ -3.80469582e-06   3.51592401e-04   2.01465031e-03]]
[[ 0.00446108  0.00503387 -0.01186877]]
[[ 0.00700018  0.00778796 -0.00490323]]
[[ 0.00653912  0.00540847  0.00073159]]
[[ 0.0059031   0.00422249  0.00342464]]
[[ 0.00730279  0.00325423  0.0018913 ]]
[[ 0.00878448  0.00401874 -0.0018064 ]]
[[ 0.0074924   0.00626496 -0.00717273]]
[[  4.78545541e-04  -7.28900682e-05  -1.13866634e-02]]
[[ 0.00434138  0.00287174  0.00406629]]
[[ 0.00472018  0.00240872  0.00666036]]
[[ 0.00153871  0.00113959  0.00594205]]
[[  1.04181928e-03  -7.79798792e-05   5.46310707e-03]]
[[ 0.00043411  0.00036752  0.00487963]]
[[ 0.00068269 -0.0003095   0.00510967]]
[[ 0.00040352 -0.00041182  0.00493801]]
[[ 0.00047831 -0.00148698  0.00388302]]
[[ 0.00591112  0.00525323  0.00158314]]
[[ 0.00649612  0.00164861  0.00274231]]
[[ 0.00813763  0.00141157 -0.00271696]]
[[ 0.00302657  0.00288352  0.00308919]]
[[ 0.00460123  0.00149544  0.00390218]]
[[ 0.00678185  0.00294806  0.00887162]]
[[ 0.00206813  0.00253173  0.00785209]]
[[ 0.001231    0.0014831   0.00462788]]
[[ 0.00239542  0.0005436   0.00502931]]
[[  9.15233935e-04   1.76234813e-05   6.92397595e-03]]
[[-0.00027179 -0.00090312  0.00437809]]
[[ 0.00012332  0.00044841  0.00418388]]
[[ 0.00094404  0.00014853  0.00466771]]
[[-0.00085569 -0.00062805  0.00470662]]
[[ 0.00171498 -0.00043991  0.00579506]]
[[ 0.00024103 -0.00047064  0.00406502]]
[[ 0.00068158 -0.00026293  0.00541604]]
[[-0.00116809 -0.00258653  0.00348089]]
[[ 0.00063847 -0.00212895  0.00449839]]
[[ 0.00076416 -0.00027626  0.00297019]]
[[ 0.00049642 -0.00059261 -0.00660351]]
[[-0.00199891 -0.00236983 -0.00451243]]
[[-0.00115906 -0.00122767 -0.00200793]]
[[-0.00061427 -0.00077809 -0.00114364]]
[[-0.00084081 -0.00168077 -0.0001528 ]]
[[-0.00327997 -0.00276454 -0.00265234]]
[[-0.00252485 -0.00294601 -0.00761239]]
[[ 0.0025098   0.00207355 -0.01036028]]
[[ 0.00082995 -0.00167274 -0.0008851 ]]
[[  6.32407046e-05  -5.96567595e-04  -1.53570773e-03]]
[[ 0.00054473 -0.00070549 -0.00169862]]
[[-0.00026309 -0.00059209 -0.00228141]]
[[-0.00122008 -0.00153856 -0.00222961]]
[[-0.00142187 -0.00111161 -0.00130536]]
[[-0.00185172 -0.00200171 -0.00064567]]
[[-0.00161467 -0.00088079  0.00024098]]
[[-0.00072561 -0.00066343 -0.00172587]]
[[ -1.99897979e-06  -6.27793375e-04   6.76649515e-04]]
[[-0.00401825 -0.00450813 -0.00334076]]
[[-0.00122051 -0.00293731 -0.00200368]]
[[ 0.00156705 -0.00151785  0.00031988]]
[[-0.00027233 -0.0002982  -0.00167826]]
[[ 0.00045336 -0.00047281 -0.00138894]]
[[ 0.00016449 -0.000974   -0.00196595]]
[[ 0.00124802 -0.0002648  -0.00200765]]
[[-0.00068371 -0.00032938 -0.00196283]]
[[-0.0001856  -0.00052815 -0.00182528]]
[[-0.00120698 -0.00238638 -0.0028193 ]]
[[-0.00176365 -0.00090546 -0.00273126]]
[[-0.001026   -0.00096164 -0.00093972]]
[[-0.0015154  -0.00061552 -0.00137327]]
[[-0.00275648 -0.0030241  -0.00065532]]
[[-0.00223749 -0.00176629 -0.00041925]]
[[-0.0010803  -0.00085843  0.00021855]]
[[-0.00155389 -0.00054118 -0.00028359]]
[[-0.00128043 -0.0008018   0.00064766]]
