[[-0.00474166  0.00410391  0.00896651]]
[[-0.00783697 -0.00044376  0.00462844]]
[[-0.00909934 -0.0024885   0.00090558]]
[[-0.00715728 -0.00252299 -0.00214057]]
[[-0.00617611 -0.00241141 -0.00028516]]
[[-0.00574281 -0.00213614  0.00146573]]
[[-0.0064098  -0.00170643  0.00379431]]
[[-0.00367223  0.00065154  0.00735403]]
[[-0.00567937 -0.0025283  -0.00355948]]
[[-0.00642615 -0.00182422 -0.00668497]]
[[-0.00262721 -0.00050426 -0.00588532]]
[[-0.00223276 -0.00115316 -0.00588044]]
[[-0.00128293 -0.00101522 -0.00550258]]
[[-0.00104116 -0.00109459 -0.00557983]]
[[-0.00087744 -0.00040482 -0.00558905]]
[[ -2.51727911e-04   8.05317029e-05  -4.61897860e-03]]
[[-0.00698781 -0.00430979  0.00265671]]
[[-0.00507652 -0.00199917 -0.00159157]]
[[-0.00517798 -0.00209746  0.0017667 ]]
[[-0.00503662 -0.00363463 -0.00464475]]
[[-0.00589646 -0.00195326 -0.00383801]]
[[-0.00921027 -0.00100729 -0.00909651]]
[[-0.00440606 -0.00283154 -0.00483865]]
[[ -1.25311293e-03   5.17636836e-06  -5.15027264e-03]]
[[-0.00339285 -0.00099181 -0.00516579]]
[[-0.00230593 -0.00132888 -0.0077307 ]]
[[-0.00111183 -0.00186137 -0.00520506]]
[[-0.00134314 -0.00138074 -0.00505352]]
[[-0.00195093 -0.00069724 -0.00533688]]
[[ -6.10917847e-05  -1.43787217e-03  -4.54207134e-03]]
[[-0.0017286  -0.00207845 -0.00612907]]
[[-0.00045803 -0.00070391 -0.00585642]]
[[ -1.33126850e-03   6.00396147e-05  -6.14525295e-03]]
[[ 0.00016688 -0.00014367 -0.00322522]]
[[ -4.65228557e-05  -9.82861497e-04  -4.88004707e-03]]
[[-0.00030872  0.00168576 -0.00420148]]
[[-0.00276084 -0.00053791  0.00377078]]
[[ -2.12906692e-03   6.83271766e-05   4.20325895e-03]]
[[-0.00192731 -0.00014476  0.00328568]]
[[-0.00227561  0.00016652  0.00297035]]
[[-0.00345368  0.00024752  0.00192732]]
[[-0.00363275  0.00028402  0.00365815]]
[[-0.00209062  0.00099728  0.0054698 ]]
[[-0.003928   -0.0005258   0.00523698]]
[[-0.0022085  -0.00014593  0.00231769]]
[[-0.00130306  0.00032817  0.00258711]]
[[-0.00096753 -0.00011528  0.00294307]]
[[-0.00025599  0.00036213  0.00316269]]
[[ 0.00138161  0.00074443  0.00333046]]
[[ 0.00143815  0.00166174  0.00198478]]
[[ 0.00185484  0.0010519   0.00113818]]
[[ 0.00155907  0.00107253  0.00035719]]
[[-0.00190105 -0.00040268  0.0026902 ]]
[[-0.00479242 -0.00066042  0.00163561]]
[[-0.00717987 -0.00306872  0.00384802]]
[[-0.0015414  -0.0005816   0.00260834]]
[[-0.00278513 -0.00049805  0.00184799]]
[[-0.00087362  0.00026497  0.00237369]]
[[-0.00093782  0.00064354  0.00171264]]
[[-0.00070885 -0.0001096   0.00297461]]
[[-0.00123302 -0.00095042  0.00382831]]
[[ 0.00018676  0.0002862   0.00267434]]
[[-0.00051849  0.00056702  0.00348301]]
[[ 0.00080153  0.00091943  0.0024324 ]]
[[ 0.00252969  0.00060773  0.00407362]]
[[ 0.0021913   0.00268254  0.00271696]]
[[ 0.00162553  0.0007605   0.00210271]]
[[ 0.0012985   0.00111538  0.00083044]]
[[ 0.00260248  0.0010923   0.00088293]]
[[ 0.00212038  0.00175844  0.00021261]]
[[ 0.00165577  0.00057028  0.00080944]]
[[ 0.00110683  0.00066942 -0.00018416]]
[[-0.00241489  0.00309598  0.0037291 ]]
[[ 0.0003551   0.00868502  0.00336066]]
[[-0.00137358  0.00589278  0.0033411 ]]
[[-0.00114371  0.0052738   0.00378083]]
[[ 0.00015021  0.00647937  0.00223181]]
[[ 0.0022485   0.00899127  0.00276622]]
[[ 0.00286776  0.0099255   0.00317238]]
[[-0.00435392 -0.00093031  0.00583089]]
[[-0.00234513  0.0040168   0.0034153 ]]
[[-0.00240895  0.00256376  0.003906  ]]
[[-0.00290927  0.00114087  0.00404902]]
[[-0.00167792 -0.00055362  0.00438669]]
[[-0.00036633  0.00048757  0.00415569]]
[[ 0.00058866 -0.00124592  0.00323198]]
[[ 0.00073482  0.00030608  0.00179973]]
[[ 0.00088846 -0.00140448  0.00042763]]
[[-0.00243352  0.00378128  0.00299274]]
[[-0.00118578  0.00553607  0.00189714]]
[[-0.0011244   0.01125881  0.00293476]]
[[ -6.68820814e-05   5.23510927e-03   3.63127487e-03]]
[[-0.00270461  0.00351677  0.00205394]]
[[-0.00257908  0.00159793  0.00397417]]
[[-0.00352615  0.0031673   0.00568346]]
[[-0.00180408  0.00153301  0.0037211 ]]
[[-0.00336987  0.00127446  0.00406333]]
[[-0.00081227 -0.00042602  0.00366588]]
[[-0.00256619 -0.00147854  0.00380714]]
[[ -9.00705785e-05   1.48918501e-03   4.34705780e-03]]
[[ -1.67869688e-05  -6.22981711e-05   4.63137624e-03]]
[[ 0.00051143 -0.00257174  0.00359202]]
[[ 0.00111852 -0.00041142  0.00358209]]
[[ 0.00188041  0.00150679  0.00172198]]
[[ 0.00101743  0.00030718  0.0012338 ]]
[[ -3.49784316e-05  -2.67049868e-03  -7.20857703e-05]]
[[ 0.00095466 -0.00147605  0.00116139]]
[[ 0.000687   -0.00069526 -0.00049159]]
[[-0.00274689 -0.00176813  0.0074535 ]]
[[-0.00832428 -0.0061964   0.00409374]]
[[ -8.20844396e-03  -1.72049911e-03   3.82208106e-05]]
[[-0.0065913  -0.00202937 -0.00367244]]
[[-0.00744062 -0.00288855 -0.0012751 ]]
[[-0.00921895 -0.0048192   0.00151241]]
[[-0.00917026 -0.00713677  0.00483529]]
[[-0.00116392  0.00341159  0.00528595]]
[[-0.00430958 -0.0007054  -0.00506591]]
[[-0.00393576 -0.00035597 -0.00772591]]
[[-0.0001856  -0.00011258 -0.00688017]]
[[ 0.00032514  0.00093936 -0.00620883]]
[[ 0.00050779 -0.00066896 -0.00563584]]
[[ -4.95298649e-05   4.10919343e-05  -5.71625689e-03]]
[[-0.00023069 -0.00124072 -0.00525202]]
[[  1.79063757e-05   1.31547944e-04  -3.55678963e-03]]
[[-0.00542957  0.00341868  0.00159528]]
[[-0.00582123 -0.00060516 -0.00249016]]
[[-0.00795912 -0.00164751  0.00229747]]
[[-0.0062629  -0.00066055 -0.00631275]]
[[-0.0044064  -0.00066939 -0.0046069 ]]
[[-0.00536374  0.00060744 -0.00995218]]
[[-0.00098866 -0.00049054 -0.00829828]]
[[-0.00012611 -0.00080631 -0.00654438]]
[[-0.00092554  0.0005136  -0.00551152]]
[[ 0.00064815  0.00146534 -0.00709   ]]
[[ 0.00148421  0.00185585 -0.00460164]]
[[-0.00037877 -0.00149563 -0.00657174]]
[[ 0.00048907 -0.00049431 -0.00544265]]
[[ 0.00157076  0.0003934  -0.00457902]]
[[-0.00089507  0.00110123 -0.00602232]]
[[-0.00141376 -0.00218608 -0.00534966]]
[[-0.00032528 -0.0016873  -0.00567046]]
[[ 0.00184579  0.00074828 -0.00224675]]
[[ 0.00031101  0.00155766 -0.00421849]]
[[-0.00034357 -0.00134665 -0.00268296]]
[[ 0.00409925 -0.00234656  0.000987  ]]
[[ 0.00155582 -0.00472786  0.00164641]]
[[ 0.00025509 -0.00573549  0.0006525 ]]
[[-0.00026028 -0.00453881 -0.00104147]]
[[-0.00082249 -0.00350485 -0.00047234]]
[[-0.00075112 -0.00326453  0.0003805 ]]
[[ -9.62942279e-05  -3.52574523e-03   1.03577894e-03]]
[[ 0.00026927 -0.00164718  0.00120275]]
[[ -4.91097455e-05  -5.11960104e-03  -2.10254789e-03]]
[[ 0.00102865 -0.00305122 -0.00233202]]
[[ 0.00094996 -0.00177527 -0.00227786]]
[[ 0.0010677  -0.0014514  -0.00171632]]
[[ 0.00059657 -0.00126505 -0.00185634]]
[[ 0.00088303 -0.0008968  -0.00172651]]
[[ 0.00086079 -0.00038864 -0.0017013 ]]
[[  1.16210260e-03   2.92579820e-05  -1.39185269e-03]]
[[ 0.0029033  -0.00951188  0.0032301 ]]
[[-0.00077588 -0.00308605 -0.0010435 ]]
[[-0.00098465 -0.00295241  0.00051784]]
[[-0.00034823 -0.00704704 -0.00387514]]
[[-0.00069495 -0.00333205 -0.00241514]]
[[ 0.00128357 -0.00345197 -0.00218031]]
[[ 0.00063746 -0.00312723 -0.00144808]]
[[ 0.00194074 -0.001713   -0.0026786 ]]
[[ 0.00054091 -0.00155474 -0.0022623 ]]
[[ 0.00109747 -0.00141302 -0.00134838]]
[[ 0.00082132 -0.00165064 -0.0014406 ]]
[[ 0.0003136  -0.00157724 -0.00215309]]
[[ 0.00039121 -0.00077278 -0.00193523]]
[[ 0.00077703 -0.00092449 -0.00133866]]
[[ 0.00102338 -0.00122864 -0.00156437]]
[[ 0.000873   -0.00036293 -0.00219706]]
[[ 0.00061335 -0.00016285 -0.00148719]]
[[  8.52171879e-04   2.09006767e-05  -9.73575065e-04]]
[[  1.41561740e-03  -1.13045434e-05  -1.17730097e-03]]
[[ 0.00106648  0.00052475 -0.00150422]]
[[-0.00055874 -0.00194191  0.00124967]]
[[-0.00088496 -0.001325    0.00129479]]
[[-0.00130984 -0.00130084  0.00112406]]
[[-0.00182979 -0.00137578  0.0012906 ]]
[[-0.00331226 -0.00153341  0.00036505]]
[[-0.0047479  -0.00142178  0.00089811]]
[[-0.00142648 -0.00094327  0.00056529]]
[[ -8.37585592e-06  -2.47604136e-03   1.50966236e-03]]
[[-0.00131687 -0.00134148  0.00110315]]
[[-0.00118064 -0.00127498  0.00118042]]
[[-0.00150911 -0.00102024  0.00144704]]
[[-0.00127282 -0.00043862  0.00191257]]
[[-0.00104848  0.00028547  0.00202645]]
[[-0.00042617  0.00161969  0.00175556]]
[[-0.00033981  0.00108657  0.00107296]]
[[  1.66704727e-05   1.40128717e-03   7.44352718e-04]]
[[-0.00122554 -0.00139213  0.00112324]]
[[-0.00424717 -0.00319002  0.00084662]]
[[-0.00909495 -0.00322859  0.00030739]]
[[-0.00093508 -0.00167684  0.0011048 ]]
[[-0.00155113 -0.00137267  0.00118029]]
[[-0.00115652 -0.00093943  0.00111204]]
[[-0.00092649 -0.0016353   0.00077854]]
[[-0.00101251 -0.0011198   0.00134024]]
[[-0.00159686 -0.00155526  0.00144204]]
[[-0.00108636 -0.0003884   0.00168184]]
[[-0.00163036 -0.00052898  0.00271575]]
[[-0.00079185  0.00011327  0.00144429]]
[[-0.00114649  0.00037196  0.00203062]]
[[ 0.00041792  0.00264954  0.00277851]]
[[-0.00016068  0.00062459  0.00172443]]
[[-0.00036464  0.00087058  0.00089766]]
[[-0.0004096   0.00118551  0.000836  ]]
[[ 0.0006323   0.00230862  0.0007032 ]]
[[ 0.00013026  0.00082438  0.00086465]]
[[-0.00010517  0.00090229  0.00036893]]
[[-0.00078448 -0.00321954 -0.00102157]]
[[ 0.00287787  0.00217105 -0.00198268]]
[[ 0.0030285  -0.00178572 -0.00013279]]
[[ 0.00258756 -0.0003656   0.00285188]]
[[ 0.00424382  0.00124972  0.00123049]]
[[ 0.00626587  0.00317684 -0.00090688]]
[[ 0.00561381  0.00502449 -0.0028916 ]]
[[ 0.00065945 -0.00525336 -0.0008297 ]]
[[ 0.00109342 -0.00195974  0.00406768]]
[[-0.00027324 -0.00165554  0.00486583]]
[[-0.00141774 -0.00164082  0.0046099 ]]
[[-0.00130056 -0.00224799  0.00417786]]
[[-0.00133191 -0.00017933  0.00382653]]
[[-0.0010177  -0.00054303  0.00376962]]
[[-0.00112871  0.0010495   0.00302677]]
[[-0.00119084 -0.00029251  0.00184037]]
[[ 0.00054436 -0.00839417 -0.00215804]]
[[ 0.00315379 -0.00093427  0.00205612]]
[[ 0.0053999   0.00025991 -0.00163309]]
[[ 0.00378569 -0.00256199  0.00583681]]
[[ 0.001451   -0.00099714  0.00371879]]
[[-0.00065141 -0.00361025  0.00526574]]
[[-0.00189138 -0.00126753  0.00582412]]
[[-0.00111145 -0.00130316  0.00523335]]
[[-0.00100116 -0.00155084  0.00383339]]
[[-0.00082928 -0.00269457  0.0039534 ]]
[[-0.00214681 -0.00326163  0.00232793]]
[[-0.00017527  0.00062665  0.00546098]]
[[ -1.56375681e-03   1.05428944e-05   3.61882470e-03]]
[[-0.00202678 -0.00095108  0.00277277]]
[[-0.00081519 -0.00113688  0.00401243]]
[[ 0.00049648  0.00229471  0.00362926]]
[[-0.00102512  0.00146677  0.00253697]]
[[-0.00249548 -0.00093593  0.00094909]]
[[-0.0014375  -0.00100028  0.00199655]]
[[-0.00091831  0.00055403  0.0015226 ]]
[[ 0.00157525 -0.00458331 -0.00210313]]
[[ 0.00018784 -0.01010947 -0.00174109]]
[[ 0.00199461 -0.00711912 -0.00221689]]
[[ 0.00233213 -0.00674883 -0.00330916]]
[[ 0.00214663 -0.00758724 -0.00223274]]
[[ 0.0022009  -0.0098441  -0.00187526]]
[[-0.00073917 -0.01135663  0.00012927]]
[[ 0.00282559 -0.00109542 -0.00314085]]
[[ 0.00245927 -0.00524989 -0.00304504]]
[[ 0.00258919 -0.00352952 -0.00311151]]
[[ 0.00321386 -0.00190544 -0.00303945]]
[[  2.30125513e-03  -1.80860431e-05  -3.34458112e-03]]
[[ 0.00211649 -0.00097111 -0.0029579 ]]
[[ 0.00067648  0.00110709 -0.00289165]]
[[ 0.00082757 -0.00042507 -0.00157939]]
[[ 0.00015712  0.00152296 -0.00058996]]
[[ 0.00264164 -0.00496381 -0.00216722]]
[[ 0.00332898 -0.00641121 -0.00238652]]
[[ 0.00706829 -0.0089538  -0.00179344]]
[[  4.07831878e-05  -6.77561851e-03  -2.95486590e-03]]
[[ 0.00291441 -0.00434331 -0.00246037]]
[[ 0.00296224 -0.0023845  -0.00314561]]
[[ 0.00374547 -0.00437477 -0.0051325 ]]
[[ 0.00194592 -0.00252684 -0.00259962]]
[[ 0.00346537 -0.00172196 -0.00247036]]
[[  1.61956275e-03  -8.82648653e-05  -2.84111581e-03]]
[[ 0.00322733  0.00077159 -0.00305511]]
[[ 0.0011315  -0.00232102 -0.00344908]]
[[ 0.00281609 -0.00022137 -0.00277518]]
[[ 0.00068441  0.00243349 -0.00343076]]
[[  7.06204283e-05   2.17655766e-04  -3.15293924e-03]]
[[-0.00074908 -0.00187479 -0.00163405]]
[[ 0.00123466 -0.00037114 -0.00103983]]
[[ 0.00105378  0.0029089  -0.00016121]]
[[  6.89548493e-05   1.55405335e-03  -1.09936266e-03]]
[[ 0.00012183  0.00075299  0.00021018]]
[[ 0.00402709  0.00088256  0.00055378]]
[[ 0.00169833 -0.00177383  0.00167535]]
[[ 0.00048542 -0.0028839   0.00124897]]
[[ -6.43151461e-05  -2.00492802e-03  -9.64951907e-06]]
[[ -2.98065380e-04  -1.21331674e-03   9.91054938e-05]]
[[ -3.25687345e-05  -8.98933252e-04   4.32590569e-04]]
[[ 0.00039407 -0.00094573  0.00085464]]
[[ 0.0006742   0.00087145  0.00042806]]
[[-0.00013958 -0.00246635 -0.00077617]]
[[ 0.00066014 -0.00115638 -0.00086618]]
[[ 0.0005454  -0.00019212 -0.0006584 ]]
[[ 0.0004767  -0.00041964 -0.00019   ]]
[[  9.61260767e-05  -7.13083252e-04  -3.81442184e-04]]
[[ 0.00027318 -0.00058899 -0.00050647]]
[[ 0.00036252 -0.00053926 -0.00067383]]
[[  6.85867559e-04  -9.17879066e-05  -6.08598462e-04]]
[[ 0.00280665 -0.00618832  0.00413285]]
[[-0.00027773 -0.00091696 -0.00021455]]
[[-0.00015479 -0.0006624   0.00026303]]
[[-0.00066339 -0.00359307 -0.00209231]]
[[-0.00048113 -0.00129509 -0.00092964]]
[[ 0.00098091 -0.00163814 -0.00072058]]
[[ 0.00039988 -0.00107064 -0.000401  ]]
[[ 0.00140417  0.00029423 -0.00064387]]
[[ 0.00040645 -0.00039297 -0.00059588]]
[[ 0.00055436 -0.00043395  0.0001447 ]]
[[ 0.00038016 -0.00046325 -0.00027488]]
[[-0.00034252 -0.00094735 -0.00036509]]
[[  6.73611870e-05  -3.59429162e-04  -4.87527046e-04]]
[[ 0.00031991 -0.00049185 -0.00036371]]
[[ 0.00042842 -0.00098676 -0.00038993]]
[[ 0.00027838 -0.00071679 -0.00107405]]
[[ 0.00023287 -0.00022981 -0.00056256]]
[[  4.68862519e-04  -4.30483764e-06  -3.58559216e-04]]
[[ 0.00092261 -0.00018045 -0.00050162]]
[[ 0.00067347  0.00018369 -0.00070304]]
[[  2.33708540e-04   9.83820382e-05   3.71881084e-04]]
[[  2.39214603e-05   6.79619142e-04   8.78681985e-05]]
[[ -3.94416236e-05   5.33077737e-04  -1.11928051e-04]]
[[ -6.84161183e-04   5.44115379e-04  -2.10327702e-06]]
[[-0.00235202  0.00058928 -0.00060794]]
[[ -3.95493375e-03   8.71938993e-04  -5.45124343e-05]]
[[-0.00076215  0.00131369 -0.00031087]]
[[ 0.00054736 -0.0001063   0.00088377]]
[[ -1.55348483e-04   3.24308774e-04  -4.90746372e-05]]
[[ 0.0001589   0.00045761 -0.00019146]]
[[  5.03312326e-05   7.03408744e-05  -1.16275834e-04]]
[[ 0.00032237  0.00040848  0.00019027]]
[[ 0.0007348   0.00073813  0.00023842]]
[[ 0.00130232  0.00159835 -0.00015502]]
[[ 0.00195673  0.00082519 -0.00072726]]
[[ 0.00176894  0.00086377 -0.00210351]]
[[  1.86924096e-04   3.21888690e-04  -6.07430368e-05]]
[[-0.00355972 -0.00092212  0.00014343]]
[[-0.00859954 -0.00058737 -0.00048042]]
[[  7.30735110e-06   1.70410159e-04   4.15984293e-05]]
[[-0.00033631  0.00020711  0.00020888]]
[[ 0.00030568  0.00031897 -0.00016533]]
[[ 0.0005854   0.00071896 -0.00087418]]
[[  2.54314107e-04   1.33943148e-04  -2.13587694e-05]]
[[  7.54944565e-06  -5.32169085e-04   1.16598766e-04]]
[[  5.44552923e-04   2.80456832e-04   6.17278586e-05]]
[[ 0.00010708  0.00057851  0.00070524]]
[[ 0.00067542  0.00071589 -0.00011823]]
[[ 0.00070963  0.00074583  0.00054793]]
[[ 0.002243    0.00258189  0.00058009]]
[[ 0.00146691  0.00066351 -0.00012316]]
[[ 0.00134254  0.00086857 -0.00065775]]
[[  1.67341760e-03   7.92959382e-04  -2.70521206e-05]]
[[ 0.00257446  0.0013198  -0.00205376]]
[[ 0.00138518  0.00029786 -0.00133042]]
[[  2.00047804e-03   2.35040346e-05  -3.77175205e-03]]
[[-0.00076655  0.00150862 -0.00321933]]
[[  3.20012198e-05   5.52706209e-03  -1.62779931e-03]]
[[-0.0005917   0.00393665  0.00086865]]
[[ 0.00076875  0.00358358  0.00190397]]
[[ 0.00311275  0.00327655  0.00189202]]
[[ 0.00478283  0.00403543 -0.00058415]]
[[ 0.00280208  0.0058316  -0.00403604]]
[[-0.00101968 -0.00070408 -0.004776  ]]
[[ 0.00051397  0.0017941   0.00192283]]
[[-0.00039339  0.00164443  0.00177155]]
[[  7.26089789e-05   2.09023164e-04   1.57626177e-03]]
[[ 0.00016955 -0.00077943  0.0007675 ]]
[[ 0.00075815 -0.00036713  0.0005949 ]]
[[ 0.00084316 -0.00065627  0.00042543]]
[[ 0.00150872 -0.00078825  0.00030603]]
[[ 0.00124667 -0.00172146 -0.00146359]]
[[-0.00134317  0.00247288  0.0006532 ]]
[[ 0.00311788  0.00164398  0.00197476]]
[[ 0.00460307  0.00168489 -0.00129718]]
[[ 0.00021123  0.00161242  0.00103269]]
[[ 0.00104372  0.00116271  0.00180062]]
[[-0.00086503  0.0011239   0.00177538]]
[[-0.00135262  0.00231528  0.0039921 ]]
[[ 0.00015363  0.00029338  0.00092897]]
[[ 0.00054466  0.00015122  0.00152632]]
[[ 0.00041686 -0.00061443  0.00057879]]
[[ -5.73394331e-04  -1.45465718e-03  -7.69267356e-05]]
[[ 0.00063286 -0.00044786  0.00038172]]
[[ 0.00100261 -0.00023786  0.00089666]]
[[ -9.70782765e-06  -8.40667412e-04   3.84448322e-04]]
[[ 0.00098038 -0.00039891  0.00069042]]
[[  1.29872419e-03  -1.06326152e-03  -6.08072239e-05]]
[[ 0.00159691 -0.00040377  0.00115969]]
[[ 0.00024723 -0.00249901 -0.00102295]]
[[ 0.00093462 -0.00164805 -0.00080058]]
[[ 0.00210887 -0.00101243 -0.0032478 ]]
[[-0.00088042 -0.00089543 -0.0035668 ]]
[[-0.00203664 -0.00276132 -0.00128044]]
[[-0.00104875 -0.00150053  0.00042552]]
[[  8.55878765e-05  -1.25491416e-03   5.48052325e-04]]
[[ 0.00080714 -0.00189237  0.00104798]]
[[ 0.00048108 -0.00286066 -0.00020822]]
[[-0.00104337 -0.00346799 -0.00239364]]
[[ 0.00017913  0.00140337 -0.00603965]]
[[ 0.00062455 -0.00182938  0.00040774]]
[[  4.70634179e-05  -7.28664051e-04   1.39180708e-04]]
[[ 0.0008536  -0.00075392  0.00021061]]
[[ 0.00037329 -0.00065088 -0.0005056 ]]
[[ 0.00077131 -0.00164746 -0.0003508 ]]
[[ -2.73876222e-05  -1.11166561e-03  -6.02054940e-04]]
[[ -9.10749148e-05  -2.04839850e-03  -2.14941776e-04]]
[[ -5.07008548e-04  -9.13721793e-04  -4.35634757e-06]]
[[-0.0009988  -0.00086219  0.0001321 ]]
[[ 0.00155153 -0.00071597  0.00096823]]
[[ 0.00123049 -0.00183314 -0.00052788]]
[[-0.00133856 -0.00310685 -0.00045026]]
[[ 0.00134762 -0.00131575  0.00081807]]
[[ -5.20662363e-05  -4.99963175e-04  -3.41977470e-05]]
[[  2.80065219e-04  -6.92098516e-04   1.80554732e-05]]
[[  3.61835685e-04  -1.08359727e-03  -8.00656558e-05]]
[[  1.39874846e-03  -7.58808824e-05   6.10782758e-04]]
[[ 0.00011515 -0.00046178 -0.00042981]]
[[ 0.00036027 -0.00062185 -0.00026166]]
[[  5.22264049e-05  -2.76767016e-03  -1.46995743e-03]]
[[ 0.00149745 -0.0009288  -0.00018811]]
[[ 0.00018013 -0.0009733  -0.00028779]]
[[-0.00025893 -0.00070675 -0.00052115]]
[[-0.00142058 -0.00327225 -0.00051085]]
[[ 0.0004017  -0.00181693 -0.0001455 ]]
[[ -8.15695606e-05  -9.09099598e-04   1.90878557e-05]]
[[-0.00054731 -0.00058946 -0.00015532]]
[[-0.00043278 -0.00087881  0.00010331]]
[[ 0.00093548  0.00487431  0.00526963]]
[[-0.00580299  0.00691401  0.00319207]]
[[-0.00490268  0.00266526  0.00023716]]
[[-0.00452369  0.00199728 -0.00209431]]
[[-0.00651364  0.00344553  0.00054283]]
[[-0.0105204   0.00566335  0.0018134 ]]
[[-0.00839314  0.00747946  0.00224377]]
[[ 0.00210523 -0.00210598  0.00124809]]
[[-0.00171033  0.00086454 -0.00336767]]
[[-0.00146247  0.00066395 -0.00581901]]
[[ 0.00130607  0.00047078 -0.00508971]]
[[ 0.00112984 -0.00097932 -0.00429763]]
[[-0.00022206  0.00018378 -0.00404349]]
[[-0.00043381 -0.00054951 -0.00349101]]
[[-0.00032509  0.00056003 -0.00284024]]
[[ 0.00016009 -0.00086569 -0.00155417]]
[[-0.0012667  -0.00159021  0.00231677]]
[[ -4.89764577e-03   1.82325815e-03   2.49014671e-05]]
[[-0.01086575  0.00606073  0.00204731]]
[[-0.0034558  0.0006934 -0.0049897]]
[[-0.00168241  0.00112314 -0.00206113]]
[[-0.00264401  0.00027639 -0.00759342]]
[[ 0.00097105  0.00071938 -0.00668837]]
[[ 0.00143847  0.00128689 -0.0044471 ]]
[[ 0.00123965 -0.00010648 -0.00437359]]
[[ 0.00151134 -0.00135798 -0.00445929]]
[[ 0.00212823 -0.0018618  -0.0029028 ]]
[[-0.00089599  0.00068945 -0.00466497]]
[[-0.00091317  0.00033329 -0.00453079]]
[[ 0.00138189 -0.00087913 -0.00257741]]
[[-0.00105624 -0.00170234 -0.00378377]]
[[-0.00184922  0.0014817  -0.00322982]]
[[-0.00098314  0.00124274 -0.00224564]]
[[ 0.0021576  -0.00167817 -0.00056702]]
[[ 0.00037876 -0.00221094 -0.00252584]]
[[  3.96516114e-04  -1.55142434e-05  -9.38450130e-04]]
[[ 0.00197479 -0.00565261 -0.00310725]]
[[ 0.00617077 -0.00957882 -0.00033589]]
[[ 0.00363578 -0.00663445  0.00177265]]
[[ 0.00247271 -0.00474409  0.00267271]]
[[ 0.00278545 -0.00524043 -0.00031674]]
[[ 0.0055566  -0.00698618 -0.00051109]]
[[ 0.00691569 -0.00858095 -0.00065825]]
[[-0.00201523  0.00131859  0.00123801]]
[[ 0.00011364 -0.00420906  0.00286623]]
[[ 0.00106922 -0.00245373  0.00505878]]
[[-0.00201514 -0.00165276  0.00450844]]
[[-0.00150024  0.0001073   0.00452895]]
[[-0.00036921 -0.00094859  0.00405213]]
[[ 0.00079817  0.00106337  0.00331546]]
[[ 0.00059474 -0.00058014  0.00187195]]
[[ 0.00087679  0.00148195  0.00065312]]
[[ 0.00229238 -0.00615912  0.0023517 ]]
[[ 0.00018672 -0.00454047  0.00023833]]
[[ 0.00138882 -0.00857226 -0.0011726 ]]
[[ 0.00154402 -0.00561024  0.00322144]]
[[-0.00063484 -0.0031258   0.0014179 ]]
[[ 0.00258634 -0.00275395  0.00692416]]
[[-0.00095081 -0.00235324  0.00598284]]
[[-0.00106694 -0.0022696   0.00386779]]
[[-0.00233485 -0.00152097  0.00384996]]
[[-0.00163048  0.00019089  0.00479534]]
[[-0.00260079  0.00099765  0.00380211]]
[[ -6.49884469e-05  -2.03712910e-03   4.19842108e-03]]
[[  2.53274609e-06  -4.27840803e-04   4.42076992e-03]]
[[  5.50825857e-05   2.40426679e-03   3.50998660e-03]]
[[ 0.0018605   0.00076479  0.00375173]]
[[ 0.00189551 -0.00203173  0.00180328]]
[[ 0.00078386 -0.00063258  0.00113758]]
[[ -6.32127498e-04   2.92197626e-03  -7.07203802e-05]]
[[ 0.00101752  0.00214288  0.00194238]]
[[ 0.00038462  0.00061269 -0.00039868]]
[[-0.00185364  0.00695765 -0.00755827]]
[[ 0.00437559  0.0059663  -0.00263916]]
[[ 0.00365752  0.00284919  0.00222365]]
[[ 0.0045712   0.00168321  0.00469302]]
[[ 0.00636482  0.00196351  0.00182265]]
[[ 0.00908959  0.00295938 -0.00057852]]
[[ 0.0083042   0.00458908 -0.00348129]]
[[-0.0006476   0.00194266 -0.00608651]]
[[  2.42536680e-03   4.27387511e-05   5.56353834e-03]]
[[ 0.00180214  0.00139116  0.00806479]]
[[-0.00100958  0.00107183  0.00746632]]
[[-0.00122568 -0.00056637  0.00647174]]
[[ 0.00031204 -0.00120345  0.00624516]]
[[ 0.00018347 -0.00277127  0.0049658 ]]
[[ -6.20340282e-05  -2.02054788e-03   3.84631515e-03]]
[[-0.00070217 -0.00257069  0.00239686]]
[[ -4.15687751e-04   3.41117597e-05  -4.02739622e-04]]
[[ 0.00442372  0.00254347  0.00276329]]
[[ 0.00565298  0.005484   -0.00210926]]
[[ 0.00160355 -0.00123796  0.0061986 ]]
[[ 0.00307368  0.00031659  0.00470244]]
[[ 0.00316631  0.00175918  0.0099701 ]]
[[ 0.00049623  0.00170549  0.00843642]]
[[-0.00188109  0.00166925  0.00615259]]
[[-0.00029558  0.00112618  0.00700706]]
[[-0.00170296 -0.00027448  0.00688826]]
[[-0.00223181 -0.00130152  0.00643347]]
[[ 0.00015266 -0.00154436  0.00487002]]
[[ 0.00181584 -0.00080216  0.00669792]]
[[-0.00047907 -0.00400266  0.0054677 ]]
[[ 0.00072616 -0.00239083  0.00551366]]
[[ -6.54787273e-05  -1.98441067e-03   3.66018644e-03]]
[[ 0.00109285 -0.00146192  0.00293236]]
[[-0.00152112 -0.00404976  0.00128413]]
[[-0.00091278 -0.00302436  0.0032984 ]]
[[-0.0010219  -0.00121497  0.00162468]]
[[ 0.00352511 -0.00420102  0.00046848]]
[[-0.00288418 -0.00090891 -0.00055427]]
[[-0.00208808  0.00091866 -0.00128788]]
[[-0.00116352  0.00225675 -0.00271342]]
[[-0.00066931  0.00097441  0.00046965]]
[[-0.00161614 -0.00011944 -0.0007134 ]]
[[-0.00333378  0.00047582 -0.00324532]]
[[ 0.00347451  0.00170895 -0.00485535]]
[[ 0.00052867  0.00104009 -0.00375489]]
[[-0.00039969  0.00038172 -0.00589882]]
[[ 0.00239548 -0.00139679 -0.00538059]]
[[ 0.00199144 -0.0005     -0.00521753]]
[[ 0.00027224 -0.00087368 -0.00506527]]
[[-0.00054444  0.00090028 -0.00395651]]
[[-0.00079408 -0.00079638 -0.00281708]]
[[-0.00068069  0.00031934 -0.00175337]]
[[ 0.00110635  0.00240448  0.00097183]]
[[ 0.00125663 -0.00065022 -0.00041708]]
[[ 0.00179794 -0.00471118 -0.00045122]]
[[-0.00049283  0.00084865 -0.00662247]]
[[ 0.00093653  0.00050513 -0.00286082]]
[[-0.00207845 -0.00015902 -0.00741149]]
[[  4.51980609e-05   8.93606023e-04  -3.97413482e-03]]
[[ 0.00280081 -0.00244252 -0.00537566]]
[[ 0.00267851 -0.00107643 -0.00502847]]
[[ 0.00249671 -0.00015676 -0.00516519]]
[[ 0.0022759  -0.00026893 -0.00537507]]
[[-0.000433   -0.00179879 -0.00513669]]
[[-0.00030926 -0.00062783 -0.00557685]]
[[-0.00046901  0.00198741 -0.00407542]]
[[-0.00122284  0.00134347 -0.00383708]]
[[-0.0018853  -0.00205482 -0.00311914]]
[[-0.00118085 -0.00090708 -0.00216318]]
[[-0.00047528  0.0010939  -0.0011154 ]]
[[-0.00056141  0.00087315 -0.00262331]]
[[ -6.49977160e-05  -5.19032770e-04  -1.17402222e-03]]
[[ 0.0035365   0.00084441  0.00072229]]
[[ 0.00120184 -0.00182596  0.00184694]]
[[-0.00011124 -0.00299767  0.00138125]]
[[ -6.38799363e-04  -2.05540550e-03   1.83244075e-05]]
[[ -8.35542852e-04  -1.27688242e-03   9.67695377e-05]]
[[-0.00051429 -0.00095373  0.00051074]]
[[ -8.38268431e-05  -9.88350685e-04   9.72642329e-04]]
[[ 0.00020884  0.0008337   0.00060761]]
[[-0.00085602 -0.0024915  -0.00082351]]
[[ -7.05226554e-05  -1.13871786e-03  -8.82081134e-04]]
[[-0.00045881 -0.00019323 -0.00072165]]
[[-0.00052618 -0.00035031 -0.00012389]]
[[-0.00134944 -0.00063939 -0.00038813]]
[[-0.00116189 -0.00033979 -0.00022171]]
[[ -2.03759032e-03  -4.49097637e-05  -4.58568628e-04]]
[[-0.00125033  0.00037072  0.00098921]]
[[ 0.00217182 -0.00630791  0.00430113]]
[[-0.0008058  -0.00092623 -0.00033062]]
[[-0.00063605 -0.00069835  0.00036697]]
[[-0.00127587 -0.00366479 -0.00210766]]
[[-0.00127005 -0.00131967 -0.00114873]]
[[ 0.00019001 -0.00165872 -0.00070608]]
[[-0.00024528 -0.00105675 -0.00035883]]
[[ 0.00058353  0.00022333 -0.00064949]]
[[-0.00072467 -0.00039691 -0.00092703]]
[[-0.00049119 -0.00044346  0.0002494 ]]
[[-0.0005298  -0.00038718 -0.00012637]]
[[-0.00151156 -0.00099684 -0.00030638]]
[[-0.00159657 -0.00026518 -0.0008777 ]]
[[-0.00100171 -0.00023575  0.00012477]]
[[ -9.92867117e-04  -9.09332407e-04  -2.31596436e-05]]
[[-0.00152289 -0.000424   -0.00102064]]
[[-0.00216796  0.00041753 -0.00142775]]
[[-0.00142576  0.00058944  0.00126777]]
[[-0.00066443  0.00017285  0.00058068]]
[[-0.00172669  0.00123699  0.00225647]]
[[ -2.16145902e-04   9.48195966e-05   5.77551602e-04]]
[[-0.00047165  0.00063687  0.00035562]]
[[-0.00061784  0.00044289  0.00015556]]
[[-0.0012892   0.00048193  0.00023493]]
[[-0.00294709  0.00049734 -0.00047007]]
[[-0.00450706  0.00077729  0.00012559]]
[[-0.00126286  0.00126119 -0.00014042]]
[[  9.60182557e-05  -1.34191300e-04   1.04920185e-03]]
[[-0.00088799  0.00031072  0.00013473]]
[[-0.00054343  0.00046319  0.00010363]]
[[ -8.83980968e-04   8.58418545e-05   2.08956951e-04]]
[[-0.00054781  0.00045073  0.0007245 ]]
[[-0.00043625  0.00079209  0.00080968]]
[[ 0.00021988  0.00176021  0.00074043]]
[[ 0.00018164  0.0011151   0.00017069]]
[[  4.99484303e-04   1.13778456e-03   6.85298953e-05]]
[[-0.00041311  0.00025198  0.00024298]]
[[-0.00416522 -0.00096499  0.00017657]]
[[-0.00917341 -0.0006795  -0.00031311]]
[[-0.00060204  0.00013241  0.00027353]]
[[-0.00116287  0.00016984  0.00025654]]
[[-0.00039837  0.00033219  0.00012093]]
[[ -8.00149799e-05   6.96948895e-04  -5.72909940e-04]]
[[-0.00050363  0.00011905  0.00036992]]
[[-0.00105768 -0.0005579   0.00025916]]
[[-0.00027572  0.00031031  0.00056826]]
[[-0.00073869  0.00061021  0.0012381 ]]
[[-0.00026373  0.00071486  0.00052239]]
[[-0.00064929  0.000761    0.00089889]]
[[ 0.00116283  0.00275108  0.00153504]]
[[ 0.00052088  0.00076834  0.00076059]]
[[  6.56518472e-05   9.85413848e-04   2.05778002e-04]]
[[  3.38921818e-06   1.16210742e-03   4.70164145e-05]]
[[  1.17431769e-03   1.78678402e-03  -2.84717670e-05]]
[[ 0.00064346  0.00059779  0.00025369]]
[[ 0.00028243  0.00075693 -0.00027346]]
[[-0.00125162  0.00154529 -0.00301193]]
[[-0.00046407  0.00560019 -0.0014138 ]]
[[-0.00118957  0.00408574  0.00104525]]
[[ 0.0001846   0.00370018  0.00198414]]
[[ 0.00254325  0.00340935  0.00190523]]
[[ 0.00427094  0.00413887 -0.00048388]]
[[ 0.00231291  0.00589687 -0.00389308]]
[[-0.00148135 -0.00067212 -0.00456402]]
[[-0.00020424  0.00192375  0.00192378]]
[[-0.00113229  0.00174556  0.00180386]]
[[-0.0009379   0.00037262  0.0015679 ]]
[[-0.00084761 -0.000643    0.00089015]]
[[-0.00068972 -0.0001311   0.00065808]]
[[-0.00062239 -0.00045139  0.00076642]]
[[-0.00092318 -0.00047547  0.00056107]]
[[-0.00091797 -0.0010918   0.00014864]]
[[-0.00197794  0.0026224   0.00086834]]
[[ 0.00255761  0.0017548   0.00185896]]
[[ 0.00408506  0.00178405 -0.00118383]]
[[-0.00037702  0.00180436  0.00110194]]
[[ 0.00024822  0.00131344  0.00162815]]
[[-0.00166481  0.00120885  0.0018324 ]]
[[-0.002034    0.00244232  0.00403824]]
[[-0.0006517   0.00054724  0.00103771]]
[[-0.00059831  0.00034564  0.00125151]]
[[-0.00064551 -0.00048471  0.00072852]]
[[ -1.52744174e-03  -1.29476877e-03   3.98112759e-05]]
[[ -5.34574210e-04  -5.25279853e-05   6.33925758e-04]]
[[ -6.68924801e-04   1.15216561e-05   5.79648341e-04]]
[[-0.0013957  -0.00058945  0.00069655]]
[[-0.00048938 -0.00020748  0.00110094]]
[[-0.00054103 -0.00041732  0.00045346]]
[[-0.00083415 -0.00017711  0.000315  ]]
[[-0.00202932 -0.0016543  -0.00022112]]
[[-0.00095376 -0.00137092  0.00031011]]
[[-0.0006499  -0.00074972 -0.00012114]]
[[-0.00134533 -0.00087898 -0.00334632]]
[[-0.00253738 -0.0027342  -0.00099593]]
[[-0.00163706 -0.00143689  0.00070816]]
[[-0.0005168  -0.00124774  0.00079785]]
[[ 0.00023036 -0.00185322  0.00121764]]
[[ -5.68059647e-05  -2.80304999e-03   8.48380169e-07]]
[[-0.00153521 -0.00343795 -0.00219157]]
[[-0.00027629  0.00143935 -0.00584714]]
[[-0.00010788 -0.00189986  0.00060467]]
[[-0.00065085 -0.00081862  0.00044723]]
[[ -7.53075093e-05  -8.68650342e-04   5.41546293e-04]]
[[ -4.87614124e-04  -7.95389354e-04   2.41150453e-05]]
[[-0.00040523 -0.00179407  0.00018714]]
[[-0.00111642 -0.00134514  0.00024011]]
[[-0.00195585 -0.00230988  0.0005693 ]]
[[-0.00185628 -0.00110017  0.00206364]]
[[-0.00161892 -0.00080869  0.00044214]]
[[ 0.00096305 -0.00073987  0.00103633]]
[[ 0.00066882 -0.00178384 -0.00032789]]
[[-0.00197157 -0.00317125 -0.00022853]]
[[ 0.00053124 -0.00136617  0.00088329]]
[[-0.00074848 -0.0005518   0.00027051]]
[[-0.00035783 -0.00077517  0.00035696]]
[[-0.00042632 -0.00118388  0.00028587]]
[[ 0.00034954 -0.0001735   0.00076172]]
[[ -6.93856254e-04  -5.27632744e-04   8.25053435e-05]]
[[-0.00042961 -0.00078433  0.0003018 ]]
[[-0.00095428 -0.00286185 -0.00088052]]
[[ 0.00014428 -0.00110724  0.00010935]]
[[-0.00082121 -0.00124951  0.00062993]]
[[-0.00121521 -0.00080723  0.0003336 ]]
[[-0.00284843 -0.00330969  0.00032029]]
[[-0.00138813 -0.00225234 -0.00026919]]
[[-0.00147787 -0.00129954  0.00184181]]
[[-0.00138044 -0.00076763  0.00135653]]
[[-0.00229219 -0.00140099  0.003464  ]]
[[ 0.00189063 -0.00033901  0.00273605]]
[[-0.00049104  0.00240393  0.00176498]]
[[ -9.73369464e-04  -5.17874266e-05  -1.29394230e-03]]
[[-0.00150531  0.0011478  -0.0040822 ]]
[[-0.00229731  0.00185474 -0.00243851]]
[[-0.00252369  0.0025446   0.00014079]]
[[-0.00360182  0.00353023  0.00436192]]
[[-0.00097096 -0.00076382  0.00475035]]
[[-0.00111533 -0.00094021 -0.00475132]]
[[  4.51807387e-04   8.88044489e-05  -5.38569345e-03]]
[[ 0.00135287 -0.00035968 -0.00525682]]
[[ 0.00136617 -0.00172023 -0.00471167]]
[[ 0.00109402 -0.00180039 -0.00455877]]
[[ 0.00096678 -0.00309854 -0.00412234]]
[[ 0.00128871 -0.002288   -0.00314962]]
[[ 0.00150698 -0.00270562 -0.00198865]]
[[ 0.00145389 -0.00503115  0.00132657]]
[[-0.00093825  0.00225132 -0.00350639]]
[[ 0.00209695  0.00209796  0.00165075]]
[[-0.00191509 -0.00211011 -0.00524787]]
[[ -1.85451678e-03   3.69185851e-06  -4.78265475e-03]]
[[ 0.00077462 -0.00145053 -0.00574975]]
[[ 0.00142441  0.00083188 -0.0061312 ]]
[[  1.35290261e-03  -3.56296357e-05  -4.98138255e-03]]
[[ 0.00058017  0.00040188 -0.00479436]]
[[ 0.00095473 -0.00166427 -0.0045879 ]]
[[ 0.00251364 -0.00256035 -0.00430324]]
[[ 0.0005351  -0.00192857 -0.00406154]]
[[ 0.00074433 -0.00131791 -0.00444868]]
[[ 0.00087261 -0.00430644 -0.00475484]]
[[ 0.00080568 -0.00217377 -0.00456536]]
[[ 0.00105838 -0.00220989 -0.00316837]]
[[ 0.00081272 -0.00185292 -0.00245263]]
[[ 0.00171502 -0.0041412  -0.00122809]]
[[ 0.00176222 -0.00250894 -0.00222588]]
[[ 0.00136349 -0.00148013 -0.00138532]]
[[-0.00478969 -0.00060338  0.00370322]]
[[ -1.48101171e-03   3.17076720e-05   1.16332105e-03]]
[[-0.00108145  0.0023814   0.00019751]]
[[-0.00223178  0.00115151  0.00206226]]
[[-0.00386248 -0.00097405  0.00066362]]
[[-0.0060151  -0.00279891  0.00184356]]
[[-0.00179907 -0.00197671  0.0023701 ]]
[[-0.00231384  0.00047042  0.00616711]]
[[-0.00200721  0.00122602  0.0028608 ]]
[[-0.00223234  0.00082934  0.00309799]]
[[-0.0028874  -0.00038443  0.00310694]]
[[-0.00214457  0.00024814  0.00346571]]
[[-0.00162577 -0.00047343  0.00343451]]
[[-0.00052794  0.00091694  0.00317147]]
[[-0.00037701 -0.00109037  0.00212271]]
[[ -6.38927214e-05  -1.91684942e-04   1.36501612e-03]]
[[-0.00347125  0.0067647  -0.00224487]]
[[-0.00507061 -0.00195046  0.00149188]]
[[-0.01068043 -0.00473808  0.0023131 ]]
[[ 0.00087629  0.00126405  0.0053803 ]]
[[-0.00228137 -0.00010063  0.00285913]]
[[-0.00235412  0.00189196  0.00293864]]
[[-0.00211556  0.00076844  0.00197088]]
[[-0.00284123 -0.00107355  0.00369089]]
[[-0.00313905 -0.00042995  0.00283832]]
[[-0.00171986  0.00043892  0.00276649]]
[[-0.00224358  0.00055138  0.00365746]]
[[-0.00038781 -0.00155642  0.00434234]]
[[-0.00220044 -0.00018252  0.00343363]]
[[ 0.00020612  0.00200559  0.00329771]]
[[-0.00022479  0.00079454  0.00295529]]
[[ 0.00088459 -0.0025402   0.00282385]]
[[-0.00067935 -0.0010441   0.00165682]]
[[ 0.00036742  0.00035057  0.00087467]]
[[-0.00018917 -0.00028158  0.00152291]]
[[-0.00024849 -0.00094645  0.00102558]]
[[-0.00105432  0.00277331 -0.00259068]]
[[-0.00040036  0.00660866 -0.00094607]]
[[-0.00134472  0.00502313  0.00148299]]
[[  3.80378829e-05   4.72983267e-03   2.43903581e-03]]
[[ 0.00240428  0.00452358  0.00210121]]
[[ 0.00429325  0.00519984 -0.00026853]]
[[ 0.00243096  0.00696124 -0.00354336]]
[[-0.00112365  0.00069742 -0.00425254]]
[[-0.00033312  0.00293232  0.00237987]]
[[-0.00135374  0.00285935  0.00241094]]
[[-0.00120277  0.00110042  0.00230851]]
[[ -1.17222690e-03   5.59226083e-06   1.68142305e-03]]
[[-0.00100506  0.00020063  0.00150114]]
[[-0.00097352 -0.00037114  0.00151028]]
[[-0.00123145 -0.00053183  0.00122417]]
[[-0.00120938 -0.00139969  0.00062551]]
[[-0.00217058  0.00357252  0.00131153]]
[[ 0.00252291  0.00308779  0.00198487]]
[[ 0.0042797   0.00301904 -0.00108391]]
[[-0.00046896  0.00290798  0.00151989]]
[[ 0.00010809  0.00225415  0.00207428]]
[[-0.00190998  0.00203175  0.0023998 ]]
[[-0.00238939  0.00394721  0.00474641]]
[[-0.00087331  0.00134685  0.00161224]]
[[-0.00082631  0.00098196  0.00197474]]
[[ -9.97579276e-04   3.41980223e-05   1.50007900e-03]]
[[-0.00196501 -0.00042943  0.00101515]]
[[-0.00080977  0.00032231  0.00124925]]
[[-0.00089971  0.00024365  0.00136526]]
[[-0.00184526 -0.00052381  0.00164699]]
[[-0.00085588 -0.00011439  0.00185004]]
[[-0.0007849  -0.00042997  0.00093272]]
[[-0.00104815 -0.00027736  0.00088448]]
[[-0.00238269 -0.00220875  0.00034085]]
[[-0.0012697  -0.00163441  0.0007839 ]]
[[-0.00088593 -0.00096955  0.00028552]]
[[-0.00067855  0.00095615 -0.00318933]]
[[-0.00184884 -0.00095059 -0.00124331]]
[[ -8.42709682e-04   2.62385068e-04   1.77741450e-05]]
[[ 0.0003562   0.00036463 -0.00020748]]
[[ 0.000843   -0.00036475  0.00068147]]
[[ 0.00035886 -0.00129223 -0.00018574]]
[[-0.00104116 -0.00185436 -0.0021542 ]]
[[  8.09007254e-05   2.75213332e-03  -5.47543375e-03]]
[[ 0.0010885  -0.00021659 -0.00056571]]
[[ 0.00060729  0.00033948 -0.00094594]]
[[  1.41404516e-03  -3.22386724e-05  -9.43230036e-04]]
[[ 0.00098171 -0.00026662 -0.00158139]]
[[ 0.00129749 -0.00169223 -0.00134326]]
[[ 0.0005074  -0.00125676 -0.00139443]]
[[ 0.00037383 -0.00258848 -0.00081681]]
[[-0.00010768 -0.00131394 -0.0004093 ]]
[[-0.00058991  0.00119093 -0.00056018]]
[[ 0.00159744  0.00079066  0.00043545]]
[[ 0.00101763 -0.00025663 -0.00032015]]
[[-0.00070669 -0.00103473 -0.00185527]]
[[  1.69932356e-03  -3.02323144e-05  -2.45619470e-04]]
[[ 0.00045859  0.00048646 -0.00107664]]
[[ 0.0006701   0.00046455 -0.00076133]]
[[ 0.00101919 -0.00021105 -0.00156802]]
[[ 0.00185612  0.00046534 -0.00055307]]
[[ 0.00069084 -0.0001156  -0.00145041]]
[[ 0.0008191  -0.00015424 -0.00108057]]
[[ 0.0006805  -0.00291238 -0.00269469]]
[[ 0.00196435 -0.0009686  -0.00113361]]
[[ 0.00059286 -0.00105959 -0.00091332]]
[[ 0.00027473 -0.00087958 -0.00127024]]
[[-0.00089141 -0.0041234  -0.00117182]]
[[ 0.00084246 -0.00219034 -0.00062718]]
[[ 0.00025283 -0.00130342 -0.0002867 ]]
[[-0.00011805 -0.00102997 -0.00049819]]
[[-0.00010127 -0.00142135 -0.00029339]]
[[ 0.00520029  0.00109714 -0.00629909]]
[[ 0.00109899 -0.00015473 -0.00307694]]
[[ 0.00078605 -0.00211588 -0.00097811]]
[[ 0.00180581 -0.00169455 -0.00176479]]
[[ 0.00350726 -0.00030474  0.00010014]]
[[ 0.00341156  0.00070659 -0.0024084 ]]
[[ 0.00073335  0.00043159 -0.0060087 ]]
[[ 0.00373475 -0.0013615  -0.01014326]]
[[ 0.00239626 -0.00112558 -0.00216379]]
[[ 0.0018068  -0.00126197 -0.002814  ]]
[[ 0.00231935  0.00028562 -0.00288386]]
[[ 0.00111351 -0.00041946 -0.00343151]]
[[ -3.61009091e-04  -4.65974029e-05  -3.65991580e-03]]
[[-0.00104029 -0.00131602 -0.00280891]]
[[-0.00138878  0.00029248 -0.00178559]]
[[-0.00120225 -0.00039533 -0.00076665]]
[[ 0.00315372 -0.00583183  0.00198426]]
[[  5.78390891e-03  -8.44677736e-05  -2.06474444e-04]]
[[ 0.0077139   0.00324167 -0.00281946]]
[[-0.00071526 -0.00066663 -0.00475293]]
[[  3.29611079e-03   1.84173649e-05  -1.41473137e-03]]
[[ 0.00161151 -0.00186704 -0.00270054]]
[[ 0.00139118 -0.00161793 -0.00149045]]
[[ 0.00236217  0.00100474 -0.003331  ]]
[[ 0.0030108   0.00038328 -0.00322676]]
[[ 0.00051108 -0.00056164 -0.00257481]]
[[ 0.00127759 -0.00072745 -0.00352084]]
[[-0.00106171  0.00062246 -0.00401641]]
[[-0.00071905 -0.00014882 -0.00430909]]
[[-0.00152715 -0.00238335 -0.00304939]]
[[-0.00128734 -0.00123454 -0.0027222 ]]
[[-0.00234889  0.00125042 -0.00227353]]
[[-0.00168733  0.0004186  -0.00136379]]
[[-0.00155966 -0.00101098 -0.00038789]]
[[-0.00106705 -0.00030097 -0.00126195]]
[[-0.00073584  0.0002382  -0.00018849]]
[[ 0.00263424 -0.00727672 -0.01036284]]
[[ 0.00605161 -0.0060253  -0.00510277]]
[[ 0.00589145 -0.00285263  0.00057879]]
[[ 0.00515063 -0.00213408  0.00422062]]
[[ 0.00514032 -0.00182086  0.00174303]]
[[ 0.00512102 -0.0025627  -0.00170707]]
[[ 0.00691942 -0.00439577 -0.00754816]]
[[ 0.0020836  -0.00142506 -0.01010397]]
[[ 0.00386545 -0.00058585  0.00529202]]
[[ 0.00397629 -0.00098937  0.00797913]]
[[ 0.00037176 -0.0011752   0.00696863]]
[[ 0.00045419  0.0009651   0.00659015]]
[[  7.25638218e-05   9.33527229e-04   6.02475392e-03]]
[[ 0.0005932   0.00252604  0.00595311]]
[[ 0.00022289  0.00162957  0.00514154]]
[[-0.00023661  0.00198455  0.00348166]]
[[ 0.0029709  -0.00018152 -0.0013794 ]]
[[ 0.00301394 -0.00192174  0.00343649]]
[[-0.00010302 -0.00164285 -0.00317254]]
[[ 0.00319079  0.00016408  0.0055965 ]]
[[ 0.00418434 -0.00031888  0.00528842]]
[[ 0.00610561 -0.00141964  0.01026136]]
[[ 0.00185874 -0.00078109  0.00804188]]
[[-0.00050299 -0.00213741  0.00566023]]
[[ 0.00117221 -0.00087703  0.00598894]]
[[ 0.00076688  0.00073839  0.0079263 ]]
[[-0.00123149  0.00219774  0.00598669]]
[[ 0.00033738  0.00088776  0.00496747]]
[[ 0.0004893   0.00082473  0.00590715]]
[[ -5.80034528e-06   3.80558385e-03   6.08196899e-03]]
[[ 0.00149453  0.00212591  0.00680873]]
[[ -9.41240986e-06   1.68949030e-03   4.89088838e-03]]
[[ 0.00061298  0.00115416  0.00527642]]
[[-0.00090958  0.00321148  0.0021373 ]]
[[-0.00058221  0.00252398  0.004258  ]]
[[ -4.12740985e-05   8.30128144e-05   2.32737924e-03]]
[[ 0.00525192  0.00361483 -0.01181247]]
[[ 0.0077021   0.00680434 -0.00479133]]
[[ 0.00734401  0.00444596  0.00091992]]
[[ 0.00654021  0.00349532  0.00371824]]
[[ 0.00790892  0.00264149  0.00205496]]
[[ 0.00942453  0.00336954 -0.00174442]]
[[ 0.00816021  0.00547892 -0.00711335]]
[[ 0.00120851 -0.00112576 -0.01153762]]
[[ 0.0048428   0.00213689  0.00439608]]
[[ 0.00513992  0.00172511  0.00704158]]
[[ 0.00186796  0.00047925  0.00635411]]
[[ 0.00129845 -0.00066166  0.00589787]]
[[ 0.00063583 -0.00016538  0.00532965]]
[[ 0.00080526 -0.00076159  0.00554423]]
[[ 0.00050264 -0.00080007  0.00536564]]
[[ 0.00053274 -0.00178311  0.00429579]]
[[ 0.0067278   0.00404635  0.0018706 ]]
[[ 0.00703882  0.00111558  0.00298965]]
[[ 0.00874789  0.000808   -0.00277635]]
[[ 0.00355828  0.00197474  0.00345899]]
[[ 0.00521636  0.00096519  0.00426761]]
[[ 0.00727923  0.00222264  0.00934523]]
[[ 0.00234681  0.00173594  0.00808653]]
[[ 0.00158726  0.00064714  0.00509153]]
[[  2.84612776e-03   7.74168055e-05   5.46951158e-03]]
[[ 0.00124703 -0.00060024  0.00743826]]
[[-0.00012023 -0.00158702  0.00468885]]
[[ 0.00033167 -0.00023544  0.00469375]]
[[ 0.00124817 -0.00022901  0.00513072]]
[[-0.00078787 -0.00116532  0.00503982]]
[[ 0.00188801 -0.00090455  0.00628287]]
[[ 0.00033454 -0.00096216  0.00452873]]
[[ 0.00087496 -0.00055105  0.0058516 ]]
[[-0.00113818 -0.00299162  0.00379815]]
[[ 0.00073388 -0.00245011  0.00490057]]
[[ 0.00078291 -0.00048414  0.00340524]]
[[ 0.00104983 -0.00125647 -0.006805  ]]
[[-0.00133912 -0.00318468 -0.00495061]]
[[-0.00051833 -0.00196962 -0.00250576]]
[[  4.13464593e-05  -1.64746866e-03  -1.80769641e-03]]
[[-0.00012724 -0.00273925 -0.00079758]]
[[-0.00225712 -0.00411169 -0.0032468 ]]
[[-0.00176941 -0.00399652 -0.0078551 ]]
[[ 0.00316606  0.00126855 -0.01041473]]
[[ 0.00124119 -0.00239227 -0.00147367]]
[[ 0.00047322 -0.00123622 -0.00209121]]
[[ 0.00083157 -0.00119193 -0.0023056 ]]
[[  1.67866778e-05  -1.00376854e-03  -2.83794878e-03]]
[[-0.00106023 -0.00188801 -0.00281291]]
[[-0.00126421 -0.0014008  -0.00182227]]
[[-0.00179216 -0.00226144 -0.00117481]]
[[-0.00157147 -0.001103   -0.0002763 ]]
[[-0.00010514 -0.0013327  -0.00217386]]
[[  5.90970304e-04  -1.83314131e-03   5.54193274e-05]]
[[-0.0029715  -0.00630371 -0.00391771]]
[[-0.00093538 -0.00375949 -0.00253615]]
[[ 0.00198247 -0.00222515 -0.00029528]]
[[ 0.00016268 -0.00074843 -0.00213626]]
[[ 0.00096933 -0.00128234 -0.00201688]]
[[ 0.0004047  -0.0015455  -0.00250749]]
[[ 0.00151083 -0.00071487 -0.00264003]]
[[-0.00039719 -0.00064239 -0.00244697]]
[[ 0.00014651 -0.00102505 -0.00240232]]
[[-0.00104884 -0.00279095 -0.00332308]]
[[-0.00165369 -0.00121057 -0.0033344 ]]
[[-0.00082929 -0.0013029  -0.0014525 ]]
[[-0.00136696 -0.00083843 -0.00183331]]
[[-0.00268737 -0.00332264 -0.001108  ]]
[[-0.00224143 -0.00199325 -0.00096876]]
[[-0.00099267 -0.00111505 -0.00022353]]
[[-0.00155175 -0.00070347 -0.00069757]]
[[ -1.26396314e-03  -1.05776382e-03   1.70807225e-05]]
