[[-0.00438062  0.00466724  0.0091746 ]]
[[ -7.52019807e-03  -2.14969940e-05   4.88495925e-03]]
[[-0.00872532 -0.00205296  0.00119394]]
[[-0.00686143 -0.00217577 -0.00177639]]
[[ -5.88393045e-03  -2.10713548e-03   1.60766728e-05]]
[[-0.00544857 -0.0018277   0.00170233]]
[[-0.00609132 -0.00134388  0.00403897]]
[[-0.0033317   0.00109115  0.00751443]]
[[-0.00543869 -0.00214583 -0.003192  ]]
[[-0.00620109 -0.00146923 -0.0062502 ]]
[[-0.0024689  -0.00013476 -0.00540458]]
[[-0.00208997 -0.00083998 -0.00532675]]
[[-0.00119625 -0.00071078 -0.00489696]]
[[-0.00097507 -0.00086788 -0.00490348]]
[[-0.00086362 -0.00021698 -0.00486564]]
[[-0.00020844  0.00014579 -0.00376156]]
[[-0.00661022 -0.00377101  0.002949  ]]
[[-0.00480275 -0.00171329 -0.0012625 ]]
[[-0.00490907 -0.00180646  0.00191364]]
[[-0.0047921  -0.00315672 -0.00427665]]
[[-0.00559468 -0.0016676  -0.00344151]]
[[-0.00890534 -0.00062914 -0.00862165]]
[[-0.00427351 -0.00242294 -0.00449378]]
[[-0.0010845   0.00048336 -0.00465488]]
[[-0.00316315 -0.00073047 -0.00465903]]
[[-0.00206788 -0.00098493 -0.00714207]]
[[-0.00105244 -0.00149894 -0.00474937]]
[[-0.00125555 -0.00096395 -0.00442475]]
[[-0.0018027  -0.00048955 -0.00471218]]
[[ -6.21585920e-05  -1.17333466e-03  -3.97929637e-03]]
[[-0.00156231 -0.00181364 -0.00543729]]
[[-0.00044721 -0.00043787 -0.00509518]]
[[-0.00124837  0.00017983 -0.00540561]]
[[  1.30631075e-04  -1.57997596e-05  -2.58484441e-03]]
[[ 0.0001238  -0.00082729 -0.00412256]]
[[-0.00035617  0.00161205 -0.00318131]]
[[-0.00249062 -0.00022008  0.00388392]]
[[-0.00181855  0.00042737  0.00424354]]
[[-0.00160064  0.00019835  0.00329168]]
[[-0.0019392   0.00055098  0.00292958]]
[[-0.00308278  0.0006935   0.00192059]]
[[-0.00318192  0.00080967  0.00364979]]
[[-0.00173075  0.00143633  0.00559831]]
[[-0.00361665 -0.00016171  0.00543302]]
[[-0.00194377  0.00020508  0.00227792]]
[[-0.00103931  0.00065853  0.00254414]]
[[-0.00073609  0.00015529  0.00287274]]
[[ -2.78676628e-05   6.05949510e-04   3.09332876e-03]]
[[ 0.00157974  0.00095288  0.00324348]]
[[ 0.0016328   0.00184319  0.00190447]]
[[ 0.00202408  0.00121184  0.00104702]]
[[ 0.00171842  0.00120436  0.00026723]]
[[ -1.58906195e-03  -7.76976158e-05   2.67945823e-03]]
[[-0.0044446  -0.00015834  0.00164281]]
[[-0.00671833 -0.00241312  0.00381334]]
[[-0.00134922 -0.00017655  0.00256287]]
[[-0.00248248 -0.00015385  0.00181499]]
[[-0.00057754  0.00051085  0.00238204]]
[[-0.00065385  0.00106403  0.00163275]]
[[-0.00052829  0.00021091  0.00290779]]
[[-0.00097294 -0.00069049  0.00376906]]
[[ 0.00044392  0.00047728  0.0026462 ]]
[[-0.00028217  0.00087125  0.00339127]]
[[ 0.00096686  0.00117055  0.00235754]]
[[ 0.002745    0.00079998  0.0039988 ]]
[[ 0.00238902  0.00290797  0.0026221 ]]
[[ 0.00184225  0.00090657  0.00205748]]
[[ 0.00144129  0.00131273  0.00075383]]
[[ 0.00278262  0.0012405   0.00080511]]
[[ 0.00228684  0.00193191  0.00012539]]
[[ 0.0018333   0.00067858  0.00076212]]
[[ 0.00123121  0.00079569 -0.00031608]]
[[-0.00173921  0.00377968  0.00382082]]
[[ 0.00093653  0.00941692  0.00332328]]
[[-0.00080543  0.00649632  0.00319674]]
[[-0.00066832  0.00598124  0.0035773 ]]
[[ 0.00047486  0.00722333  0.00204057]]
[[ 0.00257669  0.00979274  0.00269643]]
[[ 0.00335589  0.01075721  0.00317931]]
[[-0.00376125 -0.00017945  0.00606338]]
[[-0.00189038  0.00476842  0.00315237]]
[[-0.00195581  0.00313292  0.00366181]]
[[-0.00254025  0.00162791  0.0037726 ]]
[[-0.00131011 -0.0001712   0.00415113]]
[[ -7.49251804e-05   7.98736394e-04   3.91910272e-03]]
[[ 0.00088133 -0.00098505  0.0030305 ]]
[[ 0.00097456  0.0005193   0.00160316]]
[[ 0.00111327 -0.0012419   0.0002501 ]]
[[-0.00179485  0.00433778  0.00283116]]
[[-0.00091531  0.00633067  0.00166135]]
[[-0.00084377  0.01216079  0.0028954 ]]
[[ 0.00051092  0.00615883  0.00328234]]
[[-0.00229067  0.00419555  0.00173668]]
[[-0.0021182   0.00202709  0.00379666]]
[[-0.00323317  0.00379774  0.0054813 ]]
[[-0.00137538  0.00211436  0.0033872 ]]
[[-0.00303094  0.00170328  0.00376085]]
[[-0.00044285 -0.00013592  0.00349238]]
[[-0.00230739 -0.00104023  0.00359999]]
[[ 0.00022868  0.00185213  0.00407587]]
[[ 0.00026198  0.00021819  0.00438227]]
[[ 0.00072564 -0.00226947  0.00340991]]
[[ 0.00141266 -0.00021275  0.0034308 ]]
[[ 0.0021261   0.00175009  0.00150846]]
[[ 0.00124878  0.00050222  0.0010348 ]]
[[ 0.00013972 -0.00246083 -0.00022809]]
[[ 0.00118929 -0.00133561  0.00104003]]
[[ 0.00086729 -0.00057461 -0.00069209]]
[[-0.0023099  -0.00079715  0.00771301]]
[[-0.00786553 -0.00536603  0.00453246]]
[[-0.00786217 -0.00099242  0.00057297]]
[[-0.00615902 -0.00136844 -0.00306194]]
[[-0.00691932 -0.00236307 -0.00071601]]
[[-0.00864797 -0.00426233  0.00193647]]
[[-0.00859132 -0.00641806  0.00520628]]
[[-0.00064857  0.0042573   0.0054438 ]]
[[ -3.88647852e-03  -3.14780281e-05  -4.48508564e-03]]
[[-0.00351818  0.00045819 -0.00699155]]
[[ 0.00011546  0.00052766 -0.00609038]]
[[ 0.00059561  0.0016734  -0.00530082]]
[[ 0.00067348 -0.00013057 -0.00465175]]
[[  8.89261992e-05   6.01870112e-04  -4.67012149e-03]]
[[ -9.39814493e-05  -8.65734312e-04  -4.13002117e-03]]
[[ 0.00014676  0.00053225 -0.00233864]]
[[-0.00515601  0.00423362  0.00207483]]
[[-0.00523945 -0.00015257 -0.00193825]]
[[-0.00734633 -0.00111841  0.00259864]]
[[ -6.02178730e-03   8.24077576e-05  -5.80545451e-03]]
[[-0.00394717 -0.00020147 -0.00400939]]
[[-0.00486057  0.00137368 -0.00917069]]
[[-0.0005752   0.00052883 -0.00753978]]
[[  1.23911507e-05  -1.13937309e-04  -5.89836739e-03]]
[[-0.00055241  0.00095256 -0.00471635]]
[[ 0.00098625  0.00215174 -0.00613013]]
[[ 0.00174117  0.00277813 -0.00364874]]
[[-0.0003419  -0.00094214 -0.00578031]]
[[ 0.00074694 -0.00012453 -0.00446331]]
[[ 0.00165507  0.00109159 -0.00350061]]
[[-0.00068898  0.00161115 -0.0049573 ]]
[[-0.00139859 -0.00183524 -0.00445445]]
[[ -3.71020022e-05  -1.43193561e-03  -4.47103943e-03]]
[[ 0.00188368  0.00122624 -0.00117093]]
[[ 0.00056269  0.00187946 -0.00314626]]
[[-0.00030219 -0.000932   -0.00120358]]
[[ 0.00413803 -0.00204758  0.00115496]]
[[ 0.00159774 -0.00448919  0.00185152]]
[[ 0.00031694 -0.00550757  0.00087465]]
[[-0.00021001 -0.00433931 -0.00078485]]
[[-0.00075135 -0.00332094 -0.00024387]]
[[-0.00068354 -0.0030759   0.00057011]]
[[ -3.10018124e-05  -3.30353253e-03   1.22923079e-03]]
[[ 0.00032543 -0.00138994  0.00135178]]
[[ -1.62735196e-05  -4.89272686e-03  -1.85053643e-03]]
[[ 0.00104684 -0.0028665  -0.0020572 ]]
[[ 0.00095686 -0.00158969 -0.00197498]]
[[ 0.00106246 -0.0013174  -0.00139391]]
[[ 0.000597   -0.00114609 -0.00150607]]
[[ 0.00087202 -0.0008279  -0.00136388]]
[[ 0.00086144 -0.00034761 -0.0013167 ]]
[[  1.17433063e-03   1.05405865e-05  -9.62735956e-04]]
[[ 0.00294536 -0.00924293  0.00344411]]
[[-0.000698   -0.00290228 -0.00080995]]
[[-0.00092644 -0.00276582  0.00065494]]
[[-0.00032741 -0.00675711 -0.00361596]]
[[-0.00062623 -0.0031569  -0.00214613]]
[[ 0.0013303  -0.00326314 -0.00189894]]
[[ 0.00063599 -0.00292408 -0.00121973]]
[[ 0.00193766 -0.0014686  -0.00236171]]
[[ 0.00058794 -0.00142116 -0.00194101]]
[[ 0.00112817 -0.00126887 -0.00102876]]
[[ 0.00079982 -0.0015013  -0.0011692 ]]
[[ 0.00029796 -0.00140757 -0.00178854]]
[[ 0.00042731 -0.0006938  -0.00156546]]
[[ 0.00075055 -0.00084701 -0.00103399]]
[[ 0.00105186 -0.00114166 -0.00121368]]
[[ 0.00086079 -0.00029239 -0.00179884]]
[[ 0.00065556 -0.00014961 -0.00108373]]
[[  8.37166256e-04   1.73482828e-05  -6.56048004e-04]]
[[  1.48452696e-03   1.35546702e-05  -8.14997917e-04]]
[[ 0.00105577  0.00043515 -0.00098694]]
[[-0.00050381 -0.00172022  0.00136446]]
[[-0.00082507 -0.00109566  0.00137986]]
[[-0.00123038 -0.00108278  0.00118291]]
[[-0.00175973 -0.00113641  0.00133017]]
[[-0.0032377  -0.001278    0.00042879]]
[[-0.00466466 -0.00114725  0.00096792]]
[[-0.00136021 -0.00068536  0.00068961]]
[[  5.28676430e-05  -2.24710086e-03   1.67421588e-03]]
[[-0.00127371 -0.00109737  0.00112894]]
[[-0.00112146 -0.00101026  0.00119578]]
[[-0.00145854 -0.00079607  0.0014429 ]]
[[-0.0012101  -0.00020643  0.00190143]]
[[-0.00099205  0.0004818   0.00199651]]
[[-0.00036088  0.00181637  0.00172376]]
[[-0.00028178  0.0012552   0.00102688]]
[[  7.95358787e-05   1.55589667e-03   6.93046836e-04]]
[[-0.00114735 -0.00117396  0.00116651]]
[[-0.00418967 -0.00289912  0.00091267]]
[[-0.00903176 -0.00290567  0.00036424]]
[[-0.00090477 -0.00140415  0.00112303]]
[[-0.00149625 -0.00114509  0.00120628]]
[[-0.00107804 -0.00073237  0.00114868]]
[[-0.00085858 -0.00129743  0.00077901]]
[[-0.00097285 -0.00086537  0.00133948]]
[[-0.00153666 -0.00134879  0.00144184]]
[[-0.00100298 -0.00020361  0.0016869 ]]
[[-0.00155907 -0.00023469  0.00269359]]
[[-0.00074163  0.00033788  0.00142577]]
[[-0.00108673  0.00054877  0.0020064 ]]
[[ 0.00049177  0.00289825  0.00273773]]
[[ -7.78363990e-05   7.83906149e-04   1.70740439e-03]]
[[-0.00031179  0.0010661   0.00086569]]
[[-0.00035157  0.00133694  0.00079784]]
[[ 0.00070531  0.00251685  0.00065585]]
[[ 0.00020463  0.00095605  0.00083636]]
[[ -5.57262908e-05   1.04340313e-03   2.82774273e-04]]
[[-0.00077511 -0.00272682 -0.00089361]]
[[ 0.0028508   0.00260629 -0.00188141]]
[[  2.96553143e-03  -1.36660709e-03  -7.81874453e-05]]
[[  2.53868882e-03   3.02038250e-05   2.86953334e-03]]
[[ 0.00415887  0.00160702  0.00126609]]
[[ 0.00616629  0.00354406 -0.00082488]]
[[ 0.00556264  0.00542217 -0.00279064]]
[[ 0.00064128 -0.0048283  -0.00063824]]
[[ 0.00108004 -0.0015169   0.00403614]]
[[-0.00025416 -0.0012771   0.00481678]]
[[-0.00139725 -0.00125888  0.00453154]]
[[-0.00125304 -0.00192314  0.00409612]]
[[-0.0012931   0.00013777  0.00372779]]
[[-0.00095412 -0.00027239  0.00367196]]
[[-0.00107679  0.00130879  0.00291917]]
[[ -1.12751764e-03  -9.03678728e-05   1.73525040e-03]]
[[ 0.00050415 -0.00791666 -0.0021316 ]]
[[ 0.00307775 -0.00058886  0.0020468 ]]
[[ 0.00528398  0.00062837 -0.00153786]]
[[ 0.00378708 -0.00200384  0.00578657]]
[[ 0.00139933 -0.00063822  0.00366119]]
[[-0.00063709 -0.00326766  0.00521605]]
[[-0.00188834 -0.00084344  0.00580217]]
[[-0.00108828 -0.00082356  0.00513237]]
[[-0.00101608 -0.0012482   0.00373911]]
[[-0.00078892 -0.00239814  0.00387584]]
[[-0.00211372 -0.00289416  0.00226799]]
[[-0.00013478  0.00102361  0.00533524]]
[[-0.00154902  0.00026539  0.00350684]]
[[-0.00198166 -0.00064295  0.00269464]]
[[-0.00075829 -0.00089162  0.00392267]]
[[ 0.00054601  0.00261682  0.00350095]]
[[-0.00099481  0.00167905  0.00241922]]
[[-0.00245084 -0.00068204  0.00085947]]
[[-0.00137535 -0.00080372  0.00190763]]
[[-0.00086274  0.00072954  0.00141322]]
[[ 0.00152615 -0.00420724 -0.00191314]]
[[ 0.00013217 -0.00972154 -0.00145704]]
[[ 0.00191099 -0.00677037 -0.0019048 ]]
[[ 0.00227906 -0.00638364 -0.00294579]]
[[ 0.00211867 -0.00721814 -0.00189488]]
[[ 0.00213517 -0.00941726 -0.00157871]]
[[-0.00076293 -0.01094563  0.00036186]]
[[ 0.00278817 -0.00070275 -0.0029848 ]]
[[ 0.00244924 -0.00491781 -0.00271155]]
[[ 0.00256362 -0.00316597 -0.00274148]]
[[ 0.00318808 -0.0016418  -0.00262934]]
[[ 0.00226893  0.00025199 -0.00290679]]
[[ 0.00209822 -0.00078778 -0.00247784]]
[[ 0.00065975  0.00127307 -0.00239974]]
[[ 0.00083533 -0.00034058 -0.00105312]]
[[  1.96846062e-04   1.60050102e-03  -6.80036313e-06]]
[[ 0.00253435 -0.00462404 -0.00188897]]
[[ 0.0033538  -0.00603413 -0.00207378]]
[[ 0.00702003 -0.0084569  -0.00153868]]
[[  1.75869878e-05  -6.40908028e-03  -2.65001321e-03]]
[[ 0.00291826 -0.00405453 -0.00212037]]
[[ 0.00294688 -0.00209842 -0.00279166]]
[[ 0.00368673 -0.00390382 -0.00474102]]
[[ 0.00189947 -0.00223898 -0.00224479]]
[[ 0.00346784 -0.00150113 -0.0020491 ]]
[[ 0.00160918  0.00013671 -0.00241952]]
[[ 0.00316783  0.00111539 -0.00259889]]
[[ 0.00108404 -0.00213425 -0.00305149]]
[[  2.83827896e-03  -8.40537681e-05  -2.28159270e-03]]
[[ 0.00064218  0.00264307 -0.00291824]]
[[  8.95158729e-05   3.63295809e-04  -2.68197380e-03]]
[[-0.0007707  -0.00180356 -0.00120974]]
[[ 0.00130124 -0.00032871 -0.00049236]]
[[ 0.0010605   0.0029828   0.00038721]]
[[ 0.00018195  0.00161341 -0.00060442]]
[[ 0.00013676  0.00083258  0.00091437]]
[[  1.29823416e-03  -3.83034073e-03   6.06048428e-05]]
[[-0.00054314 -0.00432918  0.00089669]]
[[-0.00208508 -0.00526993  0.00036702]]
[[-0.00192583 -0.00360689 -0.00117134]]
[[-0.00192589 -0.00251798 -0.00060342]]
[[ -1.75493508e-03  -2.32021773e-03  -2.88945654e-05]]
[[-0.00158475 -0.00284063  0.00040559]]
[[-0.00154361 -0.00215618  0.00081809]]
[[-0.0015996  -0.00405243 -0.00193716]]
[[-0.00058377 -0.00282011 -0.00227625]]
[[-0.00018728 -0.00174562 -0.00218583]]
[[ 0.00018154 -0.00155372 -0.0016722 ]]
[[  3.89247613e-06  -1.39935432e-03  -1.72811458e-03]]
[[ 0.00043284 -0.00109196 -0.00154481]]
[[ 0.0004703  -0.00076096 -0.00154029]]
[[ 0.00082912 -0.00030961 -0.00129734]]
[[-0.00024669 -0.00922629  0.00296312]]
[[-0.00169388 -0.00199373 -0.00107111]]
[[-0.00171476 -0.0019247   0.00020651]]
[[-0.0025232  -0.00542629 -0.00327589]]
[[-0.0021652  -0.0023258  -0.00213152]]
[[-0.00042705 -0.00386084 -0.00243818]]
[[-0.00024689 -0.00294833 -0.0012983 ]]
[[ 0.00033344 -0.00168322 -0.00267367]]
[[-0.00068289 -0.00129216 -0.00204428]]
[[ 0.00027619 -0.00180061 -0.00161428]]
[[ 0.00026653 -0.0017698  -0.00131066]]
[[-0.0003186  -0.00174254 -0.00196872]]
[[-0.00030628 -0.00083839 -0.0017127 ]]
[[ 0.00044067 -0.00114745 -0.00119725]]
[[ 0.0006019  -0.00143993 -0.00150986]]
[[ 0.00047568 -0.00091239 -0.00189438]]
[[ 0.0001695  -0.00045127 -0.0013678 ]]
[[ 0.00059191 -0.00036057 -0.00093007]]
[[ 0.00104659 -0.00039392 -0.00111785]]
[[  7.89718907e-04   9.53099637e-05  -1.42546316e-03]]
[[-0.0012785  -0.00137093  0.00070914]]
[[-0.00172632 -0.00124487  0.00108325]]
[[-0.00160729 -0.00109977  0.0009945 ]]
[[-0.00217024 -0.00138829  0.00144656]]
[[-0.00363266 -0.00187329  0.00113866]]
[[-0.0061035  -0.00256482  0.00168134]]
[[-0.00268232 -0.00146907  0.00047004]]
[[-0.00139302 -0.00211469  0.00077372]]
[[-0.00111951 -0.00111296  0.00121751]]
[[-0.00090469 -0.00072258  0.0009607 ]]
[[-0.00067931 -0.00059058  0.00115301]]
[[ -3.47254197e-04   9.93601453e-05   1.26380516e-03]]
[[ 0.00035024  0.00051156  0.00126336]]
[[ 0.00093041  0.0015307   0.00066948]]
[[  1.73873499e-03   7.50986802e-04   6.06817950e-05]]
[[ 0.00157551  0.0008362  -0.00136947]]
[[-0.00134344 -0.00105884  0.00086483]]
[[-0.00408824 -0.00356451  0.00155263]]
[[-0.01027207 -0.00517815  0.0019254 ]]
[[-0.00064788 -0.00140557  0.00107876]]
[[-0.00118817 -0.00131533  0.00150515]]
[[-0.00084835 -0.00043367  0.00075585]]
[[-0.00087835 -0.00079487  0.00058913]]
[[-0.00033633 -0.00065696  0.00099872]]
[[-0.00064405 -0.00114514  0.00144335]]
[[ -1.37698138e-04  -6.30138139e-06   9.83255793e-04]]
[[-0.00060053  0.00028162  0.00196487]]
[[ 0.00028127  0.00041491  0.00072045]]
[[ 0.00042703  0.00062736  0.00157258]]
[[ 0.00190631  0.00254885  0.00140103]]
[[ 0.00110338  0.00057876  0.00061828]]
[[  1.11353316e-03   7.76289983e-04   5.09297528e-06]]
[[ 0.00156039  0.00074645  0.00077658]]
[[ 0.00233689  0.00133242 -0.00138138]]
[[ 0.00123428  0.0003057  -0.00073597]]
[[  1.86567136e-03  -4.77656788e-05  -2.91327350e-03]]
[[-0.00073193  0.00144643 -0.00303749]]
[[  4.68129082e-06   5.44877052e-03  -1.43478839e-03]]
[[-0.00060609  0.00390102  0.0010413 ]]
[[ 0.00071071  0.00358919  0.00209838]]
[[ 0.00301762  0.00330043  0.00205261]]
[[ 0.0046306   0.00405396 -0.00041828]]
[[ 0.00269788  0.00575577 -0.00385184]]
[[-0.00103775 -0.00078646 -0.00458607]]
[[ 0.00048445  0.00183213  0.00210586]]
[[-0.00040011  0.00169938  0.00197766]]
[[  7.83221175e-05   2.81236216e-04   1.80942492e-03]]
[[ 0.00019843 -0.00067368  0.00103386]]
[[ 0.00081592 -0.00024697  0.0009031 ]]
[[ 0.00092668 -0.00049324  0.00076871]]
[[ 0.00164508 -0.00061911  0.00069547]]
[[ 0.00141144 -0.00151646 -0.00101894]]
[[-0.00133291  0.00245961  0.00082811]]
[[ 0.00304586  0.00170101  0.00212909]]
[[ 0.00445143  0.00175521 -0.00114637]]
[[ 0.0001866   0.00165879  0.00123865]]
[[ 0.00101113  0.00121399  0.00199981]]
[[-0.00083508  0.00113208  0.00197085]]
[[-0.00139779  0.00239559  0.00414236]]
[[ 0.00014688  0.00037087  0.00117769]]
[[ 0.00055466  0.00022929  0.00178774]]
[[ 0.00049213 -0.00055978  0.0008231 ]]
[[-0.00057479 -0.0013205   0.00012726]]
[[ 0.00066065 -0.00032698  0.00068948]]
[[ 0.0010729  -0.00012211  0.0012476 ]]
[[  3.86073820e-05  -6.39424809e-04   6.66034049e-04]]
[[ 0.00111715 -0.00029086  0.00100513]]
[[ 0.0013879  -0.00089314  0.00030965]]
[[ 0.00177407 -0.00024632  0.00162506]]
[[ 0.00035829 -0.00225719 -0.00070008]]
[[ 0.00118457 -0.00150779 -0.00044142]]
[[ 0.00226449 -0.00075987 -0.00268902]]
[[-0.0009943  -0.00089128 -0.00340311]]
[[-0.00212569 -0.00281022 -0.00110654]]
[[-0.00115885 -0.0015351   0.00059186]]
[[  4.02048387e-05  -1.34049607e-03   7.08756292e-04]]
[[ 0.00083782 -0.0019722   0.00122311]]
[[  5.12949223e-04  -2.92786724e-03  -4.66919595e-05]]
[[-0.00105734 -0.00355211 -0.0022028 ]]
[[  9.49549434e-05   1.34411977e-03  -5.83816335e-03]]
[[ 0.00058614 -0.00192058  0.0005518 ]]
[[ -6.76446070e-06  -7.71058216e-04   2.71919388e-04]]
[[ 0.00081323 -0.00079293  0.0003487 ]]
[[ 0.00032919 -0.00066264 -0.00037913]]
[[ 0.00074563 -0.00164458 -0.00022516]]
[[ -5.42782435e-05  -1.10344835e-03  -4.92719613e-04]]
[[-0.00010422 -0.00202758 -0.00011102]]
[[ -5.18900904e-04  -8.96217458e-04   9.10169488e-05]]
[[-0.00112488 -0.00085128  0.00026967]]
[[ 0.00161868 -0.00078487  0.00113131]]
[[ 0.00127629 -0.00187415 -0.00039048]]
[[-0.00145066 -0.00322156 -0.00032825]]
[[ 0.00135056 -0.00141548  0.00096511]]
[[ -1.02483826e-04  -5.19497375e-04   9.48503405e-05]]
[[ 0.00024878 -0.00073281  0.0001432 ]]
[[  2.75356873e-04  -1.13420647e-03   5.03387374e-05]]
[[ 0.00138289 -0.00012235  0.0007586 ]]
[[  7.81714742e-05  -4.62800095e-04  -3.11446541e-04]]
[[ 0.00032897 -0.00063534 -0.00014599]]
[[  5.49108376e-06  -2.76355784e-03  -1.34911830e-03]]
[[  1.48858568e-03  -9.32097590e-04  -5.75776453e-05]]
[[ 0.00015627 -0.00096724 -0.00018796]]
[[-0.00027999 -0.00069728 -0.00041796]]
[[-0.00143929 -0.00324453 -0.00041284]]
[[  4.03525399e-04  -1.79894106e-03  -4.25016917e-05]]
[[ -9.76912823e-05  -8.95498867e-04   9.87447662e-05]]
[[ -5.52868808e-04  -5.77351417e-04  -7.24308734e-05]]
[[-0.00044448 -0.00084861  0.00021166]]
[[ 0.00108663  0.00576818  0.00550536]]
[[-0.00561723  0.0076174   0.00351341]]
[[-0.0046466   0.00334873  0.0006163 ]]
[[-0.00430816  0.00257506 -0.00162051]]
[[-0.00624999  0.00395004  0.0009459 ]]
[[-0.01026302  0.0061743   0.00211973]]
[[-0.00815406  0.00809264  0.00254861]]
[[ 0.00230737 -0.00138646  0.00141206]]
[[-0.00154463  0.00151155 -0.00287279]]
[[-0.00136224  0.00119618 -0.00527684]]
[[ 0.00138213  0.00101734 -0.00447696]]
[[ 0.00115402 -0.00056237 -0.00365147]]
[[-0.00018517  0.00057919 -0.00333545]]
[[-0.00044107 -0.00027018 -0.00276369]]
[[-0.00031084  0.00081006 -0.00205843]]
[[ 0.00019597 -0.00076573 -0.00066224]]
[[-0.00106581 -0.00075965  0.00270163]]
[[-0.00462998  0.00229003  0.00046957]]
[[-0.0106224   0.00654145  0.00224445]]
[[-0.00330799  0.00152159 -0.00447036]]
[[-0.0014109   0.00161261 -0.00151477]]
[[-0.00248879  0.00081893 -0.0070307 ]]
[[ 0.00101727  0.00130319 -0.00625521]]
[[ 0.00149668  0.00200188 -0.00379615]]
[[ 0.00142667  0.00029    -0.00371189]]
[[ 0.00160735 -0.00092516 -0.00380892]]
[[ 0.00211134 -0.00139799 -0.00236779]]
[[-0.00089362  0.00122818 -0.00392493]]
[[-0.00078151  0.00061905 -0.0037761 ]]
[[ 0.00134497 -0.00056772 -0.00196253]]
[[-0.00098326 -0.00140241 -0.00307495]]
[[-0.001862    0.00183875 -0.00243962]]
[[-0.00087453  0.00141912 -0.00141802]]
[[ 0.00214812 -0.00152254  0.00011551]]
[[ 0.00054019 -0.002035   -0.00177745]]
[[  3.83109958e-04  -3.82412683e-05   1.43365133e-04]]
[[ 0.00218113 -0.0051073  -0.00299023]]
[[ 0.00638686 -0.00898319 -0.00032974]]
[[ 0.00388261 -0.00609394  0.00172167]]
[[ 0.00268385 -0.00415064  0.00255935]]
[[ 0.00298239 -0.00458905 -0.00040832]]
[[ 0.00582147 -0.00622784 -0.00057296]]
[[ 0.00712569 -0.00788123 -0.00056219]]
[[-0.00179437  0.00193179  0.001462  ]]
[[ 0.00024324 -0.00366235  0.00275272]]
[[ 0.00124725 -0.00188281  0.00493731]]
[[-0.00186946 -0.00121106  0.00434581]]
[[-0.00132427  0.00053433  0.00437616]]
[[-0.00022531 -0.00060773  0.00387085]]
[[ 0.00096115  0.00137382  0.00315652]]
[[ 0.00073022 -0.00032298  0.00169895]]
[[ 0.00101654  0.00170011  0.0004863 ]]
[[ 0.00254856 -0.00564932  0.00229863]]
[[ 0.0003082  -0.0038246   0.00016124]]
[[ 0.00159313 -0.00764352 -0.00125494]]
[[ 0.00163528 -0.00500436  0.00312471]]
[[-0.00049895 -0.00261851  0.00130616]]
[[ 0.00281382 -0.00231982  0.00685051]]
[[-0.00073876 -0.00161698  0.00579546]]
[[-0.00095094 -0.00176861  0.00374061]]
[[-0.00219016 -0.00111878  0.00369741]]
[[-0.00141032  0.00053124  0.00468066]]
[[-0.002402    0.0015361   0.00360385]]
[[  6.12809941e-05  -1.64586828e-03   4.06191058e-03]]
[[ 0.00013663 -0.00012696  0.00425503]]
[[ 0.00023406  0.00279022  0.0033201 ]]
[[ 0.00205577  0.00101849  0.00362503]]
[[ 0.0020149  -0.00172956  0.00167212]]
[[ 0.00090774 -0.0004056   0.00098454]]
[[-0.00047578  0.00320565 -0.00023288]]
[[ 0.00117557  0.00232679  0.00182589]]
[[ 0.00049489  0.00081736 -0.00062722]]
[[-0.00156501  0.00874093 -0.00757839]]
[[ 0.00436015  0.00744988 -0.00282521]]
[[ 0.0035428   0.00418082  0.00188881]]
[[ 0.00436337  0.00284781  0.00426891]]
[[ 0.00600252  0.0029925   0.00149209]]
[[ 0.00868845  0.00406918 -0.00074605]]
[[ 0.00807553  0.00591655 -0.00362661]]
[[-0.00063181  0.00351624 -0.00588026]]
[[ 0.00229846  0.00129413  0.0050665 ]]
[[ 0.00187161  0.00234443  0.00759852]]
[[-0.00096649  0.0019713   0.00693482]]
[[-0.00105865  0.00010434  0.00600851]]
[[ 0.00041814 -0.000635    0.00577281]]
[[ 0.00036788 -0.00232702  0.00457532]]
[[  6.46801947e-05  -1.66146604e-03   3.47219358e-03]]
[[-0.00054894 -0.00230333  0.00207237]]
[[-0.00032376  0.00156262 -0.00077026]]
[[ 0.004048    0.00347338  0.00234825]]
[[ 0.00521595  0.00655119 -0.00212875]]
[[ 0.00154414  0.00039689  0.00558445]]
[[ 0.00274308  0.00124542  0.00413752]]
[[ 0.00325341  0.00265479  0.00949872]]
[[ 0.00051387  0.00274526  0.00810732]]
[[-0.00178075  0.00282781  0.00549858]]
[[-0.00041281  0.00179434  0.0064401 ]]
[[-0.0015379   0.00034059  0.00644056]]
[[-0.00212371 -0.00054724  0.00607506]]
[[ 0.00030951 -0.00083374  0.00430849]]
[[ 0.00182206 -0.0003588   0.00620856]]
[[-0.00035318 -0.00348855  0.00514858]]
[[ 0.00090678 -0.00199739  0.00514849]]
[[  7.73128250e-05  -1.55173133e-03   3.24919755e-03]]
[[ 0.00114928 -0.00116796  0.00255636]]
[[-0.00140855 -0.00369986  0.0010207 ]]
[[-0.0007604  -0.00276537  0.00302719]]
[[-0.00089575 -0.00102219  0.00127581]]
[[ 0.00326893 -0.0029487   0.0007306 ]]
[[ -3.08134344e-03   4.31302315e-04   1.81797775e-05]]
[[-0.00238277  0.00209434 -0.00059485]]
[[-0.00127955  0.00347934 -0.00187983]]
[[-0.00057633  0.00223796  0.00129757]]
[[ -1.56680111e-03   1.36405398e-03  -5.22691319e-05]]
[[-0.00332092  0.00197912 -0.00281716]]
[[ 0.0032981   0.00307918 -0.00478719]]
[[ 0.00054042  0.00210377 -0.0029748 ]]
[[-0.00054642  0.00158655 -0.00506632]]
[[ 0.00228315 -0.0005905  -0.00444279]]
[[ 0.00179075  0.00027068 -0.0043072 ]]
[[ 0.0001538  -0.00033857 -0.00408867]]
[[-0.00069554  0.00135165 -0.00304399]]
[[-0.0008509  -0.00046709 -0.00186145]]
[[-0.00069767  0.00062299 -0.00073797]]
[[ 0.00070745  0.00351722  0.00157929]]
[[ 0.00160269  0.0006193   0.00035759]]
[[ 0.00208172 -0.00300626  0.00013226]]
[[-0.00054538  0.00198546 -0.00596281]]
[[ 0.00103625  0.00141494 -0.00206769]]
[[-0.00228569  0.00077563 -0.00662515]]
[[-0.00018912  0.00250056 -0.00297136]]
[[ 0.00265554 -0.00156982 -0.00462289]]
[[ 0.0026792  -0.00039195 -0.0040889 ]]
[[ 0.00227219  0.00045765 -0.00430113]]
[[ 0.00197265  0.00070651 -0.00434663]]
[[-0.00058898 -0.00122638 -0.004349  ]]
[[-0.00031348 -0.00019261 -0.00459797]]
[[-0.00069785  0.0025302  -0.00312822]]
[[-0.00134645  0.00170633 -0.002982  ]]
[[-0.00197473 -0.00171297 -0.00232724]]
[[-0.0011274  -0.00063824 -0.00117887]]
[[-0.00057719  0.00144063 -0.0002315 ]]
[[-0.00046966  0.00108326 -0.00179745]]
[[ -7.46295228e-05  -1.79140405e-04   8.10631466e-05]]
[[ 0.00354855  0.000897    0.00060955]]
[[ 0.00122858 -0.00176498  0.00171268]]
[[ -7.35947142e-05  -2.92932593e-03   1.24600559e-03]]
[[-0.00060217 -0.00198148 -0.00012563]]
[[ -7.97423472e-04  -1.21139421e-03  -2.63726296e-05]]
[[-0.000471   -0.00088919  0.00039418]]
[[ -5.85604411e-05  -9.34711247e-04   8.58946699e-04]]
[[ 0.00022326  0.00087762  0.00049869]]
[[-0.00082612 -0.00240416 -0.00094979]]
[[ -4.99769405e-05  -1.04155736e-03  -1.01987196e-03]]
[[ -4.34299157e-04  -8.62928053e-05  -8.67301486e-04]]
[[-0.00051147 -0.00022638 -0.00028559]]
[[-0.00133712 -0.00049884 -0.00056277]]
[[-0.00116229 -0.00017949 -0.00041029]]
[[-0.00204687  0.00014185 -0.00065974]]
[[-0.00128223  0.00057041  0.00075148]]
[[ 0.00221113 -0.0062314   0.00417238]]
[[-0.00077702 -0.00086081 -0.00043762]]
[[-0.00058484 -0.00062892  0.00027268]]
[[-0.0012424  -0.00356018 -0.00224216]]
[[-0.00123661 -0.00124364 -0.00127257]]
[[ 0.00019724 -0.00158426 -0.00083896]]
[[-0.00021497 -0.00093879 -0.00047621]]
[[ 0.00061635  0.00034839 -0.00080369]]
[[-0.0006991  -0.00030222 -0.00107538]]
[[ -4.93977139e-04  -3.46880306e-04   9.61409235e-05]]
[[-0.0005055  -0.00024008 -0.00025938]]
[[-0.00148467 -0.0008349  -0.00048619]]
[[-0.00158571 -0.0001406  -0.0010588 ]]
[[ -9.87784261e-04  -4.79531727e-05  -2.57439737e-05]]
[[-0.00101543 -0.00078355 -0.00019837]]
[[-0.00151239 -0.00020483 -0.00122974]]
[[-0.00218515  0.00058259 -0.0016417 ]]
[[-0.00143111  0.00082948  0.00111505]]
[[-0.00073697  0.00033201  0.00039282]]
[[-0.0017465   0.00147923  0.00195047]]
[[-0.00019395  0.0001404   0.00048903]]
[[-0.00045103  0.00067787  0.00026117]]
[[ -5.94857129e-04   4.80185167e-04   7.19287153e-05]]
[[-0.00127426  0.00051491  0.00015501]]
[[-0.00293741  0.00052735 -0.00055717]]
[[ -4.48933697e-03   8.15480020e-04   3.49350780e-05]]
[[-0.00125037  0.00129925 -0.00023994]]
[[  1.14306654e-04  -8.81063533e-05   9.39892381e-04]]
[[ -8.78670984e-04   3.41558666e-04   7.19530059e-05]]
[[ -5.33608697e-04   4.88990546e-04   4.62157043e-05]]
[[-0.00087314  0.00011027  0.00015444]]
[[-0.00053602  0.00047177  0.00067409]]
[[-0.00042533  0.00081353  0.00076118]]
[[ 0.00023195  0.00177825  0.00069649]]
[[ 0.00019271  0.00113363  0.00012843]]
[[  5.09977126e-04   1.15379066e-03   2.68287901e-05]]
[[-0.00038522  0.00029157  0.0001743 ]]
[[-0.00416613 -0.00094056  0.00010189]]
[[-0.00915395 -0.00063596 -0.00039646]]
[[-0.0005918   0.00017197  0.00021739]]
[[-0.001158    0.00019451  0.00019752]]
[[ -3.89502296e-04   3.53352920e-04   6.11791512e-05]]
[[ -6.60155183e-05   7.26497100e-04  -6.29873742e-04]]
[[-0.0004908   0.00014971  0.00032028]]
[[-0.00105159 -0.00053859  0.00020677]]
[[-0.00026513  0.00032877  0.00051719]]
[[-0.00072476  0.00063353  0.00118887]]
[[-0.00025075  0.00074082  0.00047933]]
[[-0.00064283  0.00077779  0.00085264]]
[[ 0.00117631  0.00277101  0.00149229]]
[[ 0.00053195  0.00078421  0.00071714]]
[[  7.76744149e-05   1.00813001e-03   1.68708362e-04]]
[[  9.92356293e-06   1.17699283e-03   7.35166478e-06]]
[[  1.18707676e-03   1.80439510e-03  -6.42695807e-05]]
[[ 0.0006522   0.00061094  0.00021777]]
[[ 0.00029325  0.00077646 -0.00032313]]
[[-0.0012424   0.00157632 -0.00312764]]
[[-0.00045864  0.00562485 -0.00152653]]
[[-0.00118398  0.00410412  0.0009464 ]]
[[ 0.00018331  0.00372055  0.00189202]]
[[ 0.00253393  0.00343381  0.0018084 ]]
[[ 0.00426412  0.00416574 -0.00058191]]
[[ 0.00230739  0.00592889 -0.00401169]]
[[-0.00148167 -0.00063601 -0.00470351]]
[[-0.00020419  0.00194483  0.0018492 ]]
[[-0.00112975  0.00176834  0.00173593]]
[[-0.00093313  0.00039149  0.0015035 ]]
[[-0.00084054 -0.00062386  0.00083117]]
[[-0.00068369 -0.00011636  0.00060173]]
[[-0.00061394 -0.0004358   0.00071548]]
[[-0.00091601 -0.00046315  0.0005125 ]]
[[-0.00091084 -0.00108118  0.00010158]]
[[-0.0019654   0.00264084  0.00078392]]
[[ 0.00253904  0.00178542  0.00177289]]
[[ 0.0040814   0.00181318 -0.00126685]]
[[-0.00037317  0.00182609  0.00103203]]
[[ 0.00023886  0.00133308  0.00155639]]
[[-0.00166556  0.00123064  0.00175877]]
[[-0.00202756  0.00247074  0.00397647]]
[[-0.00064349  0.00056842  0.00097605]]
[[-0.00060261  0.00036263  0.00118787]]
[[-0.00064236 -0.00046741  0.0006671 ]]
[[ -1.51850794e-03  -1.27001676e-03  -1.42207154e-05]]
[[ -5.25879965e-04  -3.48377880e-05   5.80654206e-04]]
[[ -6.70139748e-04   2.49230963e-05   5.24129225e-04]]
[[-0.00138644 -0.00056907  0.00064926]]
[[-0.00048422 -0.00019345  0.00104929]]
[[-0.00053278 -0.00040274  0.00040828]]
[[-0.00083377 -0.00016579  0.0002677 ]]
[[-0.00202124 -0.00163694 -0.00026157]]
[[-0.00094994 -0.00135921  0.00026779]]
[[-0.00064136 -0.00074553 -0.00017359]]
[[-0.001354   -0.00083429 -0.00347246]]
[[-0.00253434 -0.00269413 -0.00114912]]
[[-0.00164156 -0.00138891  0.00055252]]
[[-0.00051143 -0.00119522  0.00062118]]
[[ 0.00022877 -0.00180306  0.00104585]]
[[ -4.33259683e-05  -2.76862741e-03  -1.52692051e-04]]
[[-0.00153719 -0.00339592 -0.00234069]]
[[-0.00028208  0.00147593 -0.00597647]]
[[-0.00010275 -0.00181853  0.00044013]]
[[-0.00066081 -0.00073457  0.00026156]]
[[ -8.26761987e-05  -7.62825274e-04   3.40833949e-04]]
[[-0.00051202 -0.00068563 -0.00019883]]
[[ -4.39139889e-04  -1.66104101e-03  -5.43263484e-05]]
[[ -1.17176553e-03  -1.20240237e-03  -2.35159139e-05]]
[[-0.00203314 -0.00213374  0.00028438]]
[[-0.00197216 -0.00093727  0.00173646]]
[[-0.00162094 -0.00075253  0.00030347]]
[[ 0.00095782 -0.00067411  0.00086612]]
[[ 0.00069513 -0.00175127 -0.00045493]]
[[-0.00195746 -0.00307401 -0.00037621]]
[[ 0.00052717 -0.00128844  0.0007092 ]]
[[ -7.85665521e-04  -4.80412380e-04   8.34234545e-05]]
[[-0.00035545 -0.00067818  0.00017757]]
[[-0.00041937 -0.00105327  0.00011041]]
[[  3.25343062e-04  -7.20566714e-05   5.43553735e-04]]
[[-0.00075751 -0.00043856 -0.00013728]]
[[ -4.42078496e-04  -6.53245715e-04   8.13282927e-05]]
[[-0.00096907 -0.00269117 -0.00108476]]
[[  9.02733355e-05  -9.75480227e-04  -1.57554710e-04]]
[[-0.00086334 -0.00107623  0.00036442]]
[[ -1.32073705e-03  -6.92101842e-04   7.80482458e-05]]
[[ -2.90119705e-03  -3.08117582e-03   8.97472214e-05]]
[[-0.00149869 -0.00207731 -0.00059892]]
[[-0.00157713 -0.00106255  0.00152799]]
[[-0.00156929 -0.00061959  0.00107086]]
[[-0.00238756 -0.00125013  0.00309273]]
[[ 0.00460425  0.00452777  0.00356921]]
[[ 0.00170006  0.0050945   0.00290664]]
[[  1.55946691e-03   2.45641623e-03  -7.56009423e-05]]
[[ 0.00029814  0.0028647  -0.00256802]]
[[-0.00072087  0.0032625  -0.00139262]]
[[-0.00087483  0.00405606  0.00093055]]
[[-0.00167405  0.00555651  0.00517012]]
[[ 0.00122489  0.00240658  0.00473166]]
[[ 0.00028721  0.00079388 -0.00327925]]
[[ 0.00165925  0.00190788 -0.00364529]]
[[ 0.00204315  0.00136061 -0.00337908]]
[[ 0.00163834 -0.00043273 -0.00285038]]
[[ 0.00117904 -0.00094701 -0.00279942]]
[[ 0.00082044 -0.00245046 -0.00263062]]
[[ 0.00121044 -0.00188319 -0.00178112]]
[[ 0.00144692 -0.0023709  -0.00068187]]
[[ 0.00446768 -0.00186114  0.00279944]]
[[ 0.00043351  0.00346002 -0.00232466]]
[[ 0.00356628  0.00345417  0.00198034]]
[[-0.00010974 -0.00010873 -0.00376942]]
[[-0.00021575  0.00116408 -0.00326614]]
[[ 0.00218412  0.00092545 -0.00369819]]
[[ 0.00201826  0.00288177 -0.00492688]]
[[ 0.00237483  0.00214417 -0.00261648]]
[[ 0.00164799  0.00144792 -0.00297915]]
[[ 0.00126321 -0.00014811 -0.00246278]]
[[ 0.00259626 -0.00108313 -0.00291424]]
[[ 0.00048587 -0.00091278 -0.00207382]]
[[ 0.00113411 -0.00068636 -0.00277991]]
[[ 0.00075687 -0.00349304 -0.00349351]]
[[ 0.00071467 -0.00158179 -0.00301614]]
[[ 0.00087475 -0.0017605  -0.00189906]]
[[ 0.00094824 -0.0014625  -0.00110055]]
[[ 0.00164019 -0.00362277 -0.00011681]]
[[ 0.00183348 -0.00215133 -0.00109465]]
[[  1.28438773e-03  -1.29348528e-03   9.63105659e-05]]
[[-0.00332328  0.00099369  0.00368828]]
[[ 0.00022273  0.00207626  0.00052732]]
[[ 0.0004599   0.00413602 -0.00056314]]
[[-0.00076874  0.00323071  0.00098477]]
[[-0.00256351  0.00164832 -0.00070075]]
[[-0.00387127  0.00077554  0.00045798]]
[[ 0.00011048  0.00095383  0.00196309]]
[[-0.00041159  0.00260672  0.00664426]]
[[-0.00106049  0.00284417  0.00192613]]
[[-0.00116555  0.00219322  0.0022906 ]]
[[-0.00215462  0.00046473  0.00219282]]
[[-0.00145777  0.00074182  0.00275148]]
[[ -1.19882862e-03  -6.34566024e-05   2.77699196e-03]]
[[ -9.71999992e-05   1.17281021e-03   2.70938118e-03]]
[[ -5.63362492e-05  -8.22684139e-04   1.70373932e-03]]
[[  2.54424757e-04   6.39194931e-06   1.00764210e-03]]
[[-0.00197696  0.00828055 -0.00287755]]
[[-0.00449619  0.00088685  0.00045268]]
[[ -9.02305701e-03  -8.42915543e-06   2.03561547e-04]]
[[ 0.00148764  0.00303784  0.00464395]]
[[-0.00141884  0.00160732  0.00190842]]
[[-0.00116058  0.00280687  0.00236867]]
[[-0.00065792  0.00249817  0.00083276]]
[[ -2.27986515e-03  -6.31741504e-05   3.00029767e-03]]
[[-0.00244457  0.00036662  0.00188918]]
[[-0.00097395  0.00087565  0.00220264]]
[[-0.00152194  0.0010741   0.00274345]]
[[  1.16533220e-05  -1.02974004e-03   3.83159742e-03]]
[[-0.00183516  0.0001205   0.00280706]]
[[ 0.00059924  0.00227455  0.00282882]]
[[ 0.00025082  0.00103011  0.00256824]]
[[ 0.00117433 -0.00220209  0.00247724]]
[[-0.00040547 -0.00080181  0.00127501]]
[[ 0.00072157  0.00059013  0.00054422]]
[[ 0.00015426 -0.00013285  0.00126599]]
[[ -6.77569809e-06  -7.37598095e-04   5.79384476e-04]]
[[-0.00110722  0.00295196 -0.00242682]]
[[-0.00040606  0.00681508 -0.00074353]]
[[-0.0013735   0.00518486  0.0016955 ]]
[[  6.78751913e-05   4.85811461e-03   2.65250056e-03]]
[[ 0.00248702  0.0046168   0.00232953]]
[[  4.40651538e-03   5.31335812e-03  -6.61260685e-05]]
[[ 0.0025266   0.00715106 -0.00335012]]
[[-0.00111579  0.00089218 -0.0040672 ]]
[[-0.00030893  0.00302939  0.00255494]]
[[-0.00134494  0.00295816  0.00258005]]
[[-0.00120422  0.00116946  0.00247096]]
[[ -1.18651573e-03   6.73469733e-05   1.83230037e-03]]
[[-0.00102309  0.00024546  0.00164404]]
[[-0.00100052 -0.00034277  0.00163341]]
[[-0.00125458 -0.00050686  0.00133872]]
[[-0.00123258 -0.00138427  0.00073267]]
[[-0.00223768  0.00371563  0.00147874]]
[[ 0.00261938  0.00313686  0.00218452]]
[[ 0.00437959  0.00309823 -0.0009234 ]]
[[-0.000469    0.00301943  0.00166258]]
[[ 0.00015156  0.00231475  0.00223717]]
[[-0.00190759  0.0021314   0.00257579]]
[[-0.0023725   0.0040617   0.00494084]]
[[-0.00089172  0.00142654  0.00174563]]
[[-0.0008069   0.00102411  0.00212782]]
[[-0.00101643  0.00010159  0.00165878]]
[[-0.00197714 -0.00035984  0.00118495]]
[[-0.00083657  0.00037394  0.00136615]]
[[-0.000899    0.00027122  0.00149784]]
[[-0.00187481 -0.00049724  0.00177587]]
[[ -8.83902317e-04  -8.47195254e-05   1.97399556e-03]]
[[-0.00081083 -0.00039886  0.00102896]]
[[-0.00105583 -0.00026153  0.00099082]]
[[-0.00240922 -0.00219954  0.00043876]]
[[-0.00128911 -0.00162098  0.00087847]]
[[-0.00091019 -0.00094469  0.00040727]]
[[-0.00056652  0.00108108 -0.00301141]]
[[-0.00178697 -0.00076714 -0.00103776]]
[[-0.00076964  0.00043092  0.00021005]]
[[  3.69247199e-04   5.88130579e-04   2.76772856e-06]]
[[ 0.00078106 -0.00016623  0.00086112]]
[[  2.71441900e-04  -1.09493860e-03   5.57977817e-07]]
[[-0.00104327 -0.00165462 -0.00198066]]
[[ 0.00016016  0.00292606 -0.00529802]]
[[  1.11490341e-03   2.86286324e-05  -3.95026612e-04]]
[[ 0.00067073  0.00052928 -0.00075312]]
[[ 0.00145986  0.0001646  -0.00074952]]
[[  1.05097360e-03  -9.22627269e-05  -1.35758973e-03]]
[[ 0.00136133 -0.0015172  -0.00109981]]
[[ 0.00059274 -0.00107801 -0.00112126]]
[[ 0.00046928 -0.0024039  -0.00051544]]
[[  1.93267270e-05  -1.11065257e-03  -4.09730343e-05]]
[[-0.0005041   0.00132693 -0.00038109]]
[[ 0.00152706  0.00096488  0.00058703]]
[[  8.95729076e-04  -7.55688221e-05  -1.61767641e-04]]
[[-0.00061549 -0.00072529 -0.00166628]]
[[  1.68960596e-03   1.96350712e-04  -8.13577672e-05]]
[[ 0.00055207  0.00061309 -0.00087898]]
[[ 0.0006757   0.00067739 -0.00059589]]
[[  1.09369929e-03   3.01410761e-05  -1.37241215e-03]]
[[ 0.00189022  0.00064541 -0.00035778]]
[[  7.94706493e-04   4.56926209e-06  -1.22490432e-03]]
[[  8.41441426e-04   4.59541291e-05  -8.90636908e-04]]
[[ 0.00074185 -0.00271459 -0.00246253]]
[[ 0.00203203 -0.00080872 -0.00087462]]
[[ 0.0006328  -0.00085131 -0.00068526]]
[[ 0.00040292 -0.00075494 -0.00100576]]
[[-0.00081715 -0.00392197 -0.00088341]]
[[ 0.00095816 -0.00202063 -0.00029211]]
[[  3.25185117e-04  -1.06468314e-03  -3.04539847e-05]]
[[  8.41247902e-05  -8.88756698e-04  -1.96691282e-04]]
[[ -1.09195814e-06  -1.17125693e-03   1.76417759e-04]]
[[ 0.00497839  0.00180988 -0.00607999]]
[[ 0.00095654  0.00048573 -0.00274644]]
[[ 0.00067838 -0.00153166 -0.00057635]]
[[ 0.00173816 -0.00111515 -0.00128633]]
[[ 0.00354776  0.00025119  0.00054027]]
[[ 0.00344352  0.00127446 -0.00207877]]
[[ 0.00069147  0.00106628 -0.00570119]]
[[ 0.00360275 -0.00070272 -0.00999015]]
[[ 0.00231507 -0.00047479 -0.00166627]]
[[ 0.00168716 -0.00076348 -0.00229786]]
[[ 0.00223048  0.00076501 -0.00231233]]
[[  1.00040339e-03  -6.50482350e-05  -2.86277123e-03]]
[[-0.00040961  0.00026711 -0.00305182]]
[[-0.00110592 -0.00108857 -0.00221789]]
[[-0.00137806  0.00048478 -0.00116207]]
[[-0.00117272 -0.00030235 -0.00010728]]
[[ 0.00296663 -0.00519469  0.00237377]]
[[ 0.0058574   0.00048049  0.00026563]]
[[ 0.00775155  0.0038253  -0.00258346]]
[[-0.00088342  0.00016127 -0.0042196 ]]
[[ 0.00330461  0.00056236 -0.00086375]]
[[ 0.00152594 -0.00142221 -0.00220116]]
[[ 0.00131117 -0.00107264 -0.00105107]]
[[ 0.00220843  0.00161497 -0.00272881]]
[[ 0.00300937  0.00077348 -0.00260481]]
[[ 0.0004465  -0.00024076 -0.00203673]]
[[ 0.00119233 -0.00032806 -0.00302682]]
[[-0.00117099  0.00103476 -0.00339623]]
[[-0.00069311  0.00011022 -0.00364789]]
[[-0.00157957 -0.00212214 -0.00253343]]
[[-0.00129702 -0.00102087 -0.00217255]]
[[-0.00238362  0.00151728 -0.00166041]]
[[-0.00159492  0.00057223 -0.00067653]]
[[-0.00154688 -0.00086733  0.00013241]]
[[-0.00095198 -0.00016752 -0.00072071]]
[[-0.00070316  0.00024119  0.00059496]]
[[ 0.00260024 -0.00663051 -0.01025167]]
[[ 0.00598989 -0.00540952 -0.00509473]]
[[ 0.00589007 -0.00230316  0.00051806]]
[[ 0.00507922 -0.00158795  0.00411509]]
[[ 0.005013   -0.00129627  0.00165505]]
[[ 0.00498316 -0.00198356 -0.00173708]]
[[ 0.00679183 -0.00376304 -0.00748325]]
[[ 0.00201732 -0.00078577 -0.0098947 ]]
[[  3.75739637e-03  -4.77755050e-05   5.17703716e-03]]
[[ 0.00391654 -0.00037384  0.00782609]]
[[ 0.00031914 -0.00068748  0.0067821 ]]
[[ 0.000441    0.00148055  0.00638974]]
[[  6.80513270e-05   1.33925821e-03   5.79334998e-03]]
[[ 0.00061679  0.00292478  0.00573048]]
[[ 0.00024262  0.00194931  0.00490289]]
[[-0.00020248  0.00227032  0.00324003]]
[[ 0.00300159  0.00038595 -0.00143518]]
[[ 0.00282587 -0.00138436  0.00335226]]
[[-0.00031393 -0.00100371 -0.00319411]]
[[ 0.00313758  0.00075478  0.00551186]]
[[ 0.00406352  0.00012411  0.00516876]]
[[ 0.00606816 -0.00089191  0.01012015]]
[[  1.79802839e-03   1.96076264e-06   7.82850742e-03]]
[[-0.00051102 -0.00159613  0.00553732]]
[[ 0.00109814 -0.00048162  0.00580715]]
[[ 0.00078058  0.00118887  0.00773121]]
[[-0.00124046  0.00284607  0.00573228]]
[[ 0.00036909  0.00133887  0.00481277]]
[[ 0.00045431  0.0011484   0.0056896 ]]
[[  2.99927584e-05   4.29941209e-03   5.81613943e-03]]
[[ 0.00153923  0.00247854  0.00659257]]
[[  3.69666721e-05   2.05043493e-03   4.72574576e-03]]
[[ 0.00059725  0.00140813  0.00505188]]
[[-0.00085789  0.00357722  0.00190228]]
[[-0.00054612  0.0027839   0.00405697]]
[[ -7.89092034e-06   3.45988819e-04   2.01330945e-03]]
[[ 0.0044487   0.00501654 -0.01185517]]
[[ 0.00699028  0.00777432 -0.00489083]]
[[ 0.0065305   0.00539783  0.00074173]]
[[ 0.00589558  0.00421194  0.00343342]]
[[ 0.00729612  0.00324388  0.00190105]]
[[ 0.00877669  0.00400712 -0.00179568]]
[[ 0.00748349  0.00625064 -0.00715912]]
[[  4.67339197e-04  -9.06776556e-05  -1.13689438e-02]]
[[ 0.00433387  0.00286044  0.00407314]]
[[ 0.00471225  0.00239725  0.00666527]]
[[ 0.00153161  0.00112959  0.00594665]]
[[  1.03444473e-03  -8.77969976e-05   5.46635656e-03]]
[[ 0.00042791  0.00035903  0.00488251]]
[[ 0.00067617 -0.00031781  0.00511159]]
[[ 0.00039806 -0.00041917  0.00493967]]
[[ 0.00047282 -0.00149351  0.00388375]]
[[ 0.00590127  0.00524159  0.00159176]]
[[ 0.00649034  0.00163749  0.00275057]]
[[ 0.00812876  0.00139875 -0.00270728]]
[[ 0.00302008  0.00287066  0.00309645]]
[[ 0.00459456  0.00148645  0.00390858]]
[[ 0.00677328  0.00293793  0.00887624]]
[[ 0.00206119  0.00251813  0.00785616]]
[[ 0.00122483  0.00147153  0.00463339]]
[[ 0.00238889  0.00053583  0.00503367]]
[[  9.07529179e-04   9.15049853e-06   6.92651491e-03]]
[[-0.00027816 -0.00091487  0.0043808 ]]
[[ 0.00011799  0.00043856  0.00418769]]
[[ 0.00093797  0.00014187  0.00467047]]
[[-0.00086115 -0.00063792  0.00470819]]
[[ 0.00170813 -0.00044709  0.00579617]]
[[ 0.00023649 -0.00047915  0.00406746]]
[[ 0.00067611 -0.00026871  0.0054176 ]]
[[-0.00117264 -0.00259482  0.0034818 ]]
[[ 0.00063224 -0.00213503  0.00449846]]
[[ 0.00075995 -0.00028206  0.00297054]]
[[ 0.00048538 -0.00061244 -0.00658646]]
[[-0.00201236 -0.00239022 -0.00449009]]
[[-0.00117252 -0.0012498  -0.00198352]]
[[-0.00063111 -0.00080492 -0.00111442]]
[[-0.00085479 -0.00170512 -0.00012584]]
[[-0.00329503 -0.0027843  -0.00262971]]
[[-0.0025371  -0.00296624 -0.00759213]]
[[ 0.00249983  0.00205694 -0.01034434]]
[[ 0.00080956 -0.00171329 -0.00085493]]
[[  4.74421046e-05  -6.35294843e-04  -1.49598101e-03]]
[[ 0.00052779 -0.00075423 -0.0016514 ]]
[[-0.00027467 -0.00063754 -0.00222427]]
[[-0.00122656 -0.00159506 -0.00216296]]
[[-0.00142227 -0.00116384 -0.0012291 ]]
[[-0.00184002 -0.00206798 -0.00055804]]
[[-0.00159233 -0.00093231  0.00034263]]
[[-0.00074067 -0.00068855 -0.00170279]]
[[ -1.79551685e-05  -6.58614784e-04   7.04429067e-04]]
[[-0.00403609 -0.00452947 -0.0033222 ]]
[[-0.0012425  -0.00298722 -0.00197885]]
[[ 0.00154643 -0.00155555  0.00035217]]
[[-0.00028236 -0.00032826 -0.00164037]]
[[ 0.00043997 -0.00051594 -0.00134791]]
[[ 0.00014356 -0.00103513 -0.00192681]]
[[ 0.0012331  -0.00031052 -0.00195508]]
[[-0.00068564 -0.00036422 -0.00191019]]
[[-0.00019435 -0.00057936 -0.00176656]]
[[-0.00122176 -0.0024599  -0.00276438]]
[[-0.00176614 -0.00096155 -0.00265384]]
[[-0.00102321 -0.00102043 -0.00086212]]
[[-0.00150276 -0.000656   -0.00130428]]
[[-0.00275753 -0.00311257 -0.00058442]]
[[-0.00221615 -0.00183425 -0.00031295]]
[[-0.00105461 -0.00092701  0.00031509]]
[[-0.00151193 -0.00058689 -0.00020067]]
[[-0.00125845 -0.00085076  0.00076699]]
