[[-0.00580607  0.00397591  0.00881469]]
[[-0.00857275 -0.0005084   0.00444581]]
[[-0.00984357 -0.00258123  0.00069994]]
[[-0.00771435 -0.00255608 -0.00240556]]
[[-0.00663977 -0.00247217 -0.00045221]]
[[-0.00622969 -0.00221697  0.00134594]]
[[-0.00700818 -0.00178703  0.00366829]]
[[-0.00446115  0.00053395  0.00732657]]
[[-0.00615362 -0.00246483 -0.00379933]]
[[-0.00700264 -0.00186193 -0.00704092]]
[[-0.00304305 -0.00046173 -0.00620704]]
[[-0.00272308 -0.00119389 -0.00631662]]
[[-0.00159175 -0.00096432 -0.005894  ]]
[[-0.00137174 -0.00109868 -0.00601996]]
[[-0.00105649 -0.00032478 -0.00596799]]
[[-0.00042841  0.00012974 -0.00501319]]
[[-0.00787609 -0.00435961  0.00239354]]
[[-0.00548397 -0.00204203 -0.00178664]]
[[-0.00561455 -0.00217161  0.00173466]]
[[-0.00546719 -0.00350374 -0.00486725]]
[[-0.00637291 -0.0019317  -0.00408008]]
[[-0.00997002 -0.00107622 -0.00956085]]
[[-0.00479457 -0.00295325 -0.00507718]]
[[ -1.63772408e-03   9.68617053e-05  -5.45542971e-03]]
[[-0.00382832 -0.00097763 -0.00548589]]
[[-0.00297175 -0.00142172 -0.00831217]]
[[-0.00141964 -0.00198407 -0.00552184]]
[[-0.00162969 -0.00128941 -0.00542556]]
[[-0.00229683 -0.0006639  -0.00569781]]
[[-0.00025868 -0.00151139 -0.00488627]]
[[-0.0021684  -0.00212332 -0.00671586]]
[[-0.00060946 -0.00058331 -0.00620624]]
[[-0.00156394  0.00011245 -0.00648079]]
[[  6.45054824e-05  -1.50654613e-04  -3.51653210e-03]]
[[-0.00028459 -0.00096095 -0.00532212]]
[[-0.0003854   0.00180753 -0.00461372]]
[[-0.00324573 -0.00059204  0.00378724]]
[[ -2.73639294e-03  -4.40974005e-05   4.33571848e-03]]
[[-0.00248124 -0.00027075  0.00344623]]
[[ -2.92049284e-03   2.27265531e-05   3.23091681e-03]]
[[ -4.26194561e-03   6.17030919e-05   2.18938354e-03]]
[[ -4.73324699e-03  -3.48175388e-05   3.92289568e-03]]
[[-0.00289625  0.00084498  0.00547504]]
[[-0.00454234 -0.00061502  0.00515903]]
[[-0.00269425 -0.00021014  0.00253588]]
[[-0.00167981  0.00038922  0.00277169]]
[[ -1.25767517e-03  -8.13939669e-05   3.12458416e-03]]
[[-0.00049517  0.00045238  0.00331144]]
[[ 0.00120042  0.00079563  0.00346292]]
[[ 0.00128265  0.00174395  0.00209185]]
[[ 0.00173256  0.00110565  0.0012321 ]]
[[ 0.00145846  0.00113376  0.00043779]]
[[-0.00239617 -0.00051409  0.00284433]]
[[-0.00568575 -0.0008139   0.00191771]]
[[-0.00857745 -0.00343464  0.00413129]]
[[-0.00190836 -0.00070471  0.00281683]]
[[-0.0033482  -0.00057332  0.00209459]]
[[-0.0012434   0.00030732  0.00248958]]
[[-0.00129339  0.00074135  0.00192076]]
[[-0.00095843 -0.00010728  0.00315647]]
[[-0.00155147 -0.00091711  0.00402192]]
[[ -4.82459140e-05   3.43901074e-04   2.77926710e-03]]
[[-0.00072411  0.00069599  0.0036359 ]]
[[ 0.00063823  0.00095503  0.00256383]]
[[ 0.00233702  0.00065936  0.00420703]]
[[ 0.00206302  0.00279482  0.00282271]]
[[ 0.00147368  0.00081723  0.00218134]]
[[ 0.00118963  0.00116116  0.00092328]]
[[ 0.00247401  0.00114338  0.00097564]]
[[ 0.00203547  0.00184899  0.00028732]]
[[ 0.00155429  0.00062168  0.00086406]]
[[  1.02891200e-03   7.10642844e-04  -9.72640300e-05]]
[[-0.00350783  0.00398629  0.00370421]]
[[-0.00132779  0.00962199  0.00369928]]
[[-0.0028534   0.00682877  0.00374375]]
[[-0.00303045  0.00618064  0.00452014]]
[[-0.00248939  0.00691929  0.00303394]]
[[-0.00115563  0.00934804  0.00350083]]
[[ 0.00024889  0.01055712  0.00317271]]
[[ -6.02489216e-03  -2.12155510e-05   5.47455211e-03]]
[[-0.00361581  0.0049127   0.00398535]]
[[-0.00318164  0.00294679  0.00436855]]
[[-0.0033337  0.0016193  0.0044758]]
[[-0.00200137 -0.00027224  0.00465651]]
[[-0.00056688  0.00081202  0.00436633]]
[[ 0.00041518 -0.0010352   0.00336701]]
[[ 0.00058628  0.0005323   0.00190677]]
[[ 0.00077916 -0.00125656  0.0005275 ]]
[[-0.0035982   0.00476681  0.00335486]]
[[-0.0040434   0.00520795  0.00267948]]
[[-0.00513427  0.01028928  0.00392725]]
[[-0.00088765  0.00657305  0.00417189]]
[[-0.00440184  0.00424467  0.0028018 ]]
[[-0.0032962   0.00195984  0.00422754]]
[[-0.00425556  0.00351169  0.00617792]]
[[-0.00214309  0.00221842  0.00408657]]
[[-0.00382558  0.00166689  0.004589  ]]
[[-0.00115014 -0.00016846  0.00385729]]
[[-0.00288178 -0.00119911  0.00409453]]
[[-0.00024219  0.00192708  0.00450729]]
[[-0.00020214  0.00021084  0.00478844]]
[[ 0.00032869 -0.00235411  0.003742  ]]
[[ 0.00093374 -0.00022538  0.00368793]]
[[ 0.00177867  0.00181211  0.00180292]]
[[ 0.00083635  0.00050576  0.00131742]]
[[ -1.59628658e-04  -2.50270264e-03   2.11469693e-05]]
[[ 0.00084277 -0.00134554  0.00122499]]
[[ 0.0006056  -0.00054283 -0.00036187]]
[[-0.0061194  -0.00200097  0.00665336]]
[[-0.01036245 -0.00561033  0.00336527]]
[[-0.01000656 -0.00110457 -0.0006589 ]]
[[-0.00782372 -0.00132676 -0.00434077]]
[[-0.00837594 -0.00213644 -0.00166995]]
[[-0.01027402 -0.0039663   0.00117419]]
[[-0.01065717 -0.00626173  0.00437411]]
[[-0.00372128  0.00398391  0.00505407]]
[[-0.00521688 -0.00020784 -0.00562043]]
[[-0.00526605  0.00060546 -0.00862175]]
[[-0.0009454   0.00045223 -0.00759712]]
[[-0.00074491  0.00189546 -0.00729247]]
[[ 0.00013183 -0.00017191 -0.00643442]]
[[-0.00035859  0.00069916 -0.00646003]]
[[-0.00029056 -0.00086827 -0.00577183]]
[[  4.43500379e-05   5.07320377e-04  -3.90881373e-03]]
[[-0.00747061  0.00369383  0.0008147 ]]
[[-0.00653563  0.00011693 -0.00292791]]
[[-0.00879393 -0.0007798   0.00223125]]
[[-0.00709231 -0.00026844 -0.00681431]]
[[-0.00528729 -0.00016517 -0.00512195]]
[[-0.00734854  0.00141487 -0.01120534]]
[[-0.00169667  0.00098872 -0.00879627]]
[[-0.00087009 -0.00032847 -0.00724943]]
[[-0.00168196  0.00102734 -0.00615723]]
[[-0.00103672  0.00246288 -0.00881397]]
[[ 0.00103858  0.00330433 -0.00521207]]
[[-0.00077824 -0.00104615 -0.00736979]]
[[  3.20678849e-05  -8.22127052e-05  -6.07423733e-03]]
[[ 0.0014713   0.00135192 -0.00506031]]
[[-0.00127041  0.0017486  -0.0071872 ]]
[[-0.00148722 -0.00180631 -0.00586964]]
[[-0.00049145 -0.00138393 -0.00609456]]
[[ 0.00186971  0.00130124 -0.0024822 ]]
[[ 0.00036548  0.0019383  -0.00458324]]
[[-0.00032893 -0.00110594 -0.00298554]]
[[ 0.00395597 -0.00289732  0.00096098]]
[[ 0.00138091 -0.00515179  0.0015795 ]]
[[  3.34460976e-05  -6.15434613e-03   5.45114511e-04]]
[[-0.00045411 -0.00487598 -0.00119718]]
[[-0.00103342 -0.00379018 -0.00058804]]
[[-0.00096955 -0.00355985  0.00031353]]
[[-0.00029871 -0.00387605  0.00097237]]
[[  9.64892027e-05  -2.07349099e-03   1.22727953e-03]]
[[-0.00020106 -0.00548629 -0.00227963]]
[[ 0.0009325  -0.00335853 -0.00252187]]
[[ 0.00087466 -0.00208052 -0.00249209]]
[[ 0.00103926 -0.00169272 -0.00192532]]
[[ 0.00057004 -0.00148233 -0.00207558]]
[[ 0.00089674 -0.00106518 -0.00192534]]
[[ 0.00086804 -0.00052565 -0.00189688]]
[[  1.18801320e-03  -6.61486822e-05  -1.57339602e-03]]
[[ 0.00271185 -0.01003031  0.00310381]]
[[-0.00097638 -0.00334053 -0.00119078]]
[[-0.00120036 -0.00322755  0.00049972]]
[[-0.0005059  -0.00751988 -0.00407544]]
[[-0.00090804 -0.00359434 -0.00261375]]
[[ 0.00117356 -0.00377241 -0.00239306]]
[[ 0.00057321 -0.00346908 -0.00158236]]
[[ 0.00186105 -0.00210875 -0.00292721]]
[[ 0.00040543 -0.001768   -0.00248905]]
[[ 0.00105638 -0.0016611  -0.00157151]]
[[ 0.00080817 -0.0019235  -0.00160155]]
[[ 0.00029365 -0.00185954 -0.00240521]]
[[ 0.0003184  -0.00092747 -0.00216001]]
[[ 0.00079113 -0.00111956 -0.00149905]]
[[ 0.00102866 -0.00139555 -0.00176795]]
[[ 0.0008857  -0.00053521 -0.00241141]]
[[ 0.00058156 -0.00026534 -0.00168209]]
[[ 0.00087448 -0.00010901 -0.0011154 ]]
[[ 0.00143384 -0.00011387 -0.00134122]]
[[ 0.00109542  0.00046811 -0.00170157]]
[[-0.0007338  -0.00223997  0.00128177]]
[[-0.00106773 -0.00165823  0.00140316]]
[[-0.00150327 -0.00159891  0.00125383]]
[[-0.00200015 -0.00170132  0.00145855]]
[[-0.0034651  -0.00190639  0.00053412]]
[[-0.00495951 -0.00187942  0.00105061]]
[[-0.00160067 -0.00134941  0.00062623]]
[[-0.00019417 -0.00282506  0.00149402]]
[[-0.00142914 -0.00162015  0.00125224]]
[[-0.0013188  -0.00155168  0.00132386]]
[[-0.00162422 -0.00121862  0.0016107 ]]
[[-0.00140166 -0.00061267  0.00206066]]
[[-0.00115068  0.00015468  0.00218353]]
[[-0.00053574  0.00151899  0.00188949]]
[[-0.00042591  0.00100675  0.00120703]]
[[ -6.76757916e-05   1.34496090e-03   8.65711662e-04]]
[[-0.00142793 -0.00166724  0.00123646]]
[[-0.00434381 -0.00359444  0.00099664]]
[[-0.00927074 -0.00380246  0.00046541]]
[[-0.00102018 -0.00198693  0.00123113]]
[[-0.00165723 -0.00163717  0.00132741]]
[[-0.00131929 -0.00114409  0.00122958]]
[[-0.001093   -0.00199506  0.00096231]]
[[-0.00110784 -0.00134615  0.00147454]]
[[-0.00170255 -0.00173951  0.00159992]]
[[-0.00123352 -0.00052485  0.0018089 ]]
[[-0.00177684 -0.00074662  0.00289132]]
[[ -8.83078151e-04  -3.84288989e-05   1.56990043e-03]]
[[-0.00123655  0.00025703  0.00217959]]
[[ 0.0002996   0.00252808  0.00292923]]
[[-0.00028144  0.00054277  0.00183999]]
[[-0.00044078  0.00077377  0.00100548]]
[[-0.00048302  0.00111589  0.00096048]]
[[ 0.00054006  0.00224244  0.00082126]]
[[  4.03974056e-05   7.80740537e-04   9.57619273e-04]]
[[-0.00017158  0.00084342  0.00051728]]
[[-0.00106586 -0.00434634 -0.00086371]]
[[ 0.00282079  0.00123874 -0.00168615]]
[[ 0.00302361 -0.00258435  0.00025286]]
[[ 0.0026704  -0.00106235  0.00328098]]
[[ 0.00445246  0.00061912  0.00158867]]
[[ 0.00650773  0.00247932 -0.00065465]]
[[ 0.00572479  0.00416632 -0.00263283]]
[[ 0.00057505 -0.00628275 -0.00080872]]
[[ 0.00112359 -0.00266461  0.00450697]]
[[-0.00036396 -0.00216962  0.00526925]]
[[-0.00149757 -0.00208533  0.00503826]]
[[-0.00145107 -0.00255349  0.00454881]]
[[-0.00143838 -0.00038676  0.00418569]]
[[-0.00115956 -0.00069341  0.00405971]]
[[-0.00122579  0.00097019  0.00329167]]
[[-0.00129217 -0.0003484   0.00206403]]
[[ 0.00039395 -0.00929043 -0.0017656 ]]
[[ 0.00340569 -0.00149822  0.00243689]]
[[ 0.00568008 -0.00039205 -0.00150202]]
[[ 0.00376678 -0.00347379  0.00636941]]
[[ 0.00161257 -0.00152064  0.0041796 ]]
[[-0.00075166 -0.00410452  0.00567733]]
[[-0.00195095 -0.00182511  0.00612247]]
[[-0.0012352  -0.00187085  0.00575224]]
[[-0.00098352 -0.0018789   0.00427186]]
[[-0.00098002 -0.00297924  0.00431222]]
[[-0.0022572  -0.00360898  0.00261951]]
[[-0.00032073  0.0003804   0.00587468]]
[[-0.00161257 -0.00015396  0.00397948]]
[[-0.00213285 -0.00113369  0.00301412]]
[[-0.00095598 -0.00126685  0.00428257]]
[[ 0.00038421  0.00221513  0.00390233]]
[[-0.00108194  0.00139545  0.00279631]]
[[-0.00257676 -0.0010231   0.00112987]]
[[-0.00153701 -0.00105514  0.00218021]]
[[-0.00099849  0.00054522  0.0017686 ]]
[[ 0.00173821 -0.00540589 -0.00213599]]
[[ 0.00026224 -0.0110039  -0.00197061]]
[[ 0.00214075 -0.00788771 -0.00255063]]
[[ 0.00233112 -0.00752357 -0.00372931]]
[[ 0.00197504 -0.00836592 -0.00266827]]
[[ 0.00202244 -0.01076288 -0.00218488]]
[[ -8.43466769e-04  -1.23472567e-02  -1.61008916e-05]]
[[ 0.00290084 -0.00199832 -0.00302737]]
[[ 0.00241169 -0.00589291 -0.00344647]]
[[ 0.0026695  -0.00425531 -0.0035422 ]]
[[ 0.00329167 -0.00234727 -0.00351326]]
[[ 0.00244839 -0.00038921 -0.00376451]]
[[ 0.00222939 -0.00120744 -0.00337069]]
[[ 0.00081919  0.00096952 -0.00321889]]
[[ 0.00092961 -0.00052768 -0.00187652]]
[[ 0.00026281  0.00147459 -0.00083765]]
[[ 0.00288249 -0.00566422 -0.00244769]]
[[ 0.00300816 -0.00714616 -0.00279703]]
[[ 0.00671615 -0.00996625 -0.00207371]]
[[  3.98530515e-05  -7.45418846e-03  -3.26094268e-03]]
[[ 0.00280739 -0.00487482 -0.00285383]]
[[ 0.00311289 -0.002962   -0.00356304]]
[[ 0.00386021 -0.00535116 -0.00574256]]
[[ 0.00203025 -0.00301133 -0.00294021]]
[[ 0.00347134 -0.00207914 -0.00291309]]
[[ 0.00181248 -0.00040686 -0.00325349]]
[[ 0.00342227  0.00031325 -0.0035996 ]]
[[ 0.00124451 -0.00259185 -0.00375078]]
[[ 0.00286919 -0.00039689 -0.00315326]]
[[ 0.00084565  0.00229192 -0.00381344]]
[[  2.34380838e-04   8.71303202e-05  -3.46788694e-03]]
[[-0.00065106 -0.00200433 -0.00186171]]
[[ 0.00129259 -0.00044205 -0.0013099 ]]
[[ 0.00116565  0.00287482 -0.00040041]]
[[ 0.00017999  0.00151295 -0.00130835]]
[[  2.05513132e-04   6.87434194e-04  -6.79514366e-05]]
[[ 0.00403     0.00091335  0.00052425]]
[[ 0.00170131 -0.00174876  0.00164624]]
[[ 0.00049092 -0.00286129  0.00122478]]
[[ -6.20616039e-05  -1.98507910e-03  -3.10724082e-05]]
[[ -2.97255397e-04  -1.19536726e-03   7.47782471e-05]]
[[ -3.04611876e-05  -8.78346784e-04   4.05785820e-04]]
[[ 0.00039415 -0.0009229   0.00082298]]
[[ 0.00067493  0.00090024  0.00038814]]
[[-0.00013925 -0.00244607 -0.00079168]]
[[ 0.00066037 -0.00113843 -0.00087989]]
[[ 0.00054615 -0.00017509 -0.0006706 ]]
[[ 0.00047749 -0.00040436 -0.00020098]]
[[  9.70991545e-05  -6.98319021e-04  -3.91538181e-04]]
[[ 0.00027412 -0.00057581 -0.00051527]]
[[ 0.0003635  -0.00052643 -0.00068195]]
[[  6.86591371e-04  -8.08920488e-05  -6.16502377e-04]]
[[ 0.00281348 -0.00616309  0.00411389]]
[[-0.00028049 -0.00090081 -0.00023423]]
[[-0.00015274 -0.00064005  0.0002381 ]]
[[-0.00066222 -0.00356778 -0.00210492]]
[[-0.00048156 -0.00127919 -0.00094343]]
[[ 0.0009811  -0.00162206 -0.00073532]]
[[ 0.00040152 -0.00105007 -0.00041548]]
[[ 0.00140613  0.00031511 -0.00065373]]
[[ 0.00040643 -0.00037987 -0.00060711]]
[[ 0.00055516 -0.00041999  0.00013321]]
[[ 0.00038175 -0.00044577 -0.00028623]]
[[-0.00034035 -0.00092947 -0.00037279]]
[[  6.74926435e-05  -3.48026382e-04  -4.96682339e-04]]
[[ 0.00032148 -0.00047672 -0.0003728 ]]
[[ 0.00042942 -0.00097472 -0.00039891]]
[[ 0.0002803  -0.00070119 -0.00108012]]
[[ 0.00023307 -0.00021969 -0.00056978]]
[[  4.70367657e-04   8.87479406e-06  -3.65297552e-04]]
[[ 0.00092297 -0.00017028 -0.00050843]]
[[ 0.00067447  0.00019475 -0.00071298]]
[[ 0.00022981  0.00012596  0.00033122]]
[[  2.56392314e-05   7.12399371e-04   3.35601406e-05]]
[[ -3.71813558e-05   5.66067987e-04  -1.70765674e-04]]
[[ -6.80864096e-04   5.84953836e-04  -7.26519282e-05]]
[[-0.00234663  0.00062838 -0.00066635]]
[[-0.00394403  0.0009115  -0.00010571]]
[[-0.00076014  0.0013458  -0.00035573]]
[[  5.46639670e-04  -8.08114631e-05   8.46711877e-04]]
[[-0.00016148  0.00036935 -0.0001168 ]]
[[ 0.00014985  0.00051367 -0.00026863]]
[[  3.44024462e-05   1.21280309e-04  -2.06218986e-04]]
[[  3.02764711e-04   4.75372383e-04   8.77692846e-05]]
[[ 0.00069818  0.00079582  0.00011392]]
[[ 0.00126014  0.00167631 -0.00029195]]
[[ 0.0018788   0.00088682 -0.00089377]]
[[ 0.0016844   0.00095092 -0.00229623]]
[[ 0.00018843  0.00035581 -0.00011578]]
[[ -3.55969897e-03  -8.77368556e-04   8.85415496e-05]]
[[-0.00858562 -0.00054192 -0.00052015]]
[[  5.12332373e-06   2.19316431e-04  -2.89003137e-05]]
[[-0.00034369  0.00024997  0.00013468]]
[[ 0.00028754  0.00035716 -0.0002363 ]]
[[ 0.00058635  0.0007909  -0.00093803]]
[[ 0.000247    0.00018612 -0.00011023]]
[[ -1.31903065e-05  -4.82040453e-04   1.33989837e-05]]
[[  5.11884003e-04   3.25752523e-04  -3.10778083e-05]]
[[  9.92517066e-05   6.64073124e-04   6.20468145e-04]]
[[ 0.00065431  0.00076849 -0.00023301]]
[[ 0.00066283  0.00080219  0.00040029]]
[[ 0.00221722  0.00268313  0.00046572]]
[[ 0.00140663  0.00071556 -0.00024369]]
[[ 0.00129097  0.00091668 -0.00080297]]
[[ 0.00157183  0.00085104 -0.00023943]]
[[ 0.0025101   0.0014363  -0.00219945]]
[[ 0.00126418  0.00035454 -0.00147727]]
[[ 0.00190963  0.00011289 -0.00402464]]
[[-0.00076939  0.00155458 -0.00323865]]
[[  3.02122156e-05   5.57423071e-03  -1.65377250e-03]]
[[-0.00060055  0.00399099  0.00084034]]
[[ 0.00076593  0.00364219  0.00186651]]
[[ 0.00310519  0.00332834  0.0018512 ]]
[[ 0.00478089  0.00407821 -0.00061688]]
[[ 0.00279858  0.00587552 -0.00406605]]
[[-0.00102271 -0.00066706 -0.00479666]]
[[ 0.00051378  0.00187948  0.00188186]]
[[-0.00039538  0.00172897  0.00171942]]
[[  6.90240047e-05   3.19565413e-04   1.51168509e-03]]
[[ 0.00016394 -0.00067016  0.00069105]]
[[ 0.00074482 -0.0002226   0.00050056]]
[[ 0.00082655 -0.00051384  0.00031267]]
[[ 0.00147525 -0.00059085  0.0001645 ]]
[[ 0.00119585 -0.00155359 -0.00164389]]
[[-0.00134995  0.00253628  0.00062991]]
[[ 0.00311215  0.00170325  0.00192762]]
[[ 0.00460409  0.00172773 -0.00132457]]
[[ 0.00021364  0.00171907  0.00100586]]
[[ 0.00103723  0.00123836  0.00175166]]
[[-0.00087557  0.00119387  0.00172314]]
[[-0.00135352  0.00240976  0.00393505]]
[[ 0.00015484  0.00043351  0.00088502]]
[[ 0.00053001  0.00024987  0.00144994]]
[[ 0.00039672 -0.00052465  0.00050566]]
[[-0.0005781  -0.00133283 -0.00016263]]
[[ 0.00062746 -0.00025954  0.00031696]]
[[ 0.00097626 -0.00010452  0.00078436]]
[[ -2.65059243e-05  -6.83723980e-04   2.57586950e-04]]
[[ 0.0009418  -0.00028161  0.00058637]]
[[ 0.00127761 -0.0008004  -0.00015431]]
[[ 0.00154315 -0.00021879  0.00098181]]
[[ 0.00019492 -0.00228745 -0.00121732]]
[[ 0.00084492 -0.0014958  -0.00094692]]
[[ 0.00205779 -0.00082271 -0.00346636]]
[[-0.00087909 -0.00086189 -0.00358778]]
[[-0.00203732 -0.00273272 -0.00129737]]
[[-0.00105061 -0.00147684  0.00041153]]
[[  8.32272276e-05  -1.23106792e-03   5.36298203e-04]]
[[ 0.00080287 -0.00186759  0.0010362 ]]
[[ 0.00047504 -0.00283154 -0.00021986]]
[[-0.00104631 -0.0034364  -0.00241192]]
[[ 0.00017786  0.00144064 -0.00606565]]
[[ 0.00062481 -0.00180616  0.000398  ]]
[[  4.76248424e-05  -7.05815240e-04   1.31063674e-04]]
[[ 0.00085464 -0.00073438  0.00020338]]
[[ 0.00037449 -0.00063203 -0.0005118 ]]
[[ 0.0007723  -0.00163117 -0.00035621]]
[[ -2.61296040e-05  -1.09601011e-03  -6.06825846e-04]]
[[ -9.00554709e-05  -2.03451542e-03  -2.19142963e-04]]
[[ -5.06080976e-04  -9.01532409e-04  -8.07179705e-06]]
[[-0.00099941 -0.00083791  0.00011944]]
[[ 0.00154708 -0.00069008  0.00095724]]
[[ 0.00122568 -0.00180036 -0.00053561]]
[[-0.00133728 -0.00308042 -0.00046057]]
[[ 0.00134562 -0.0012956   0.00080858]]
[[ -5.24820513e-05  -4.80278061e-04  -4.37489918e-05]]
[[  2.80132968e-04  -6.64178351e-04   1.26327636e-05]]
[[  3.63277952e-04  -1.06085100e-03  -8.82434172e-05]]
[[  1.39797956e-03  -5.93447521e-05   6.03315524e-04]]
[[ 0.00011515 -0.00044555 -0.0004366 ]]
[[ 0.00036093 -0.00059878 -0.00026616]]
[[  5.32768648e-05  -2.74850860e-03  -1.47640249e-03]]
[[ 0.00149738 -0.00091507 -0.00019385]]
[[ 0.00018074 -0.00095416 -0.00029139]]
[[-0.00025868 -0.00069322 -0.0005262 ]]
[[-0.00141976 -0.00325581 -0.00051586]]
[[ 0.0004019  -0.00180515 -0.00015009]]
[[ -8.12766974e-05  -8.92902398e-04   1.58698400e-05]]
[[-0.00054694 -0.00057816 -0.00015907]]
[[-0.00043176 -0.00086821  0.0001005 ]]
[[-0.00150672  0.00115132  0.00467473]]
[[-0.00770342  0.00518585  0.00238915]]
[[-0.00705514  0.001106   -0.00057061]]
[[-0.00601889  0.0011116  -0.00309038]]
[[ -7.73271117e-03   2.75841000e-03  -6.92110257e-05]]
[[-0.01180125  0.00487917  0.00134521]]
[[-0.00997366  0.00629831  0.00176757]]
[[ 0.00021245 -0.00429923  0.00142884]]
[[ -2.90715383e-03   7.48167703e-05  -4.29718658e-03]]
[[-0.00254082 -0.00032213 -0.00695125]]
[[ 0.00068408 -0.0003955  -0.00628869]]
[[ 0.00085756 -0.00155542 -0.00545013]]
[[ -2.95823758e-04   2.25488455e-05  -5.03607904e-03]]
[[-0.00033211 -0.00062823 -0.00420768]]
[[-0.00025001  0.00071507 -0.00338357]]
[[ 0.00023348 -0.00079988 -0.00195013]]
[[-0.00393371 -0.00366976  0.00127119]]
[[-0.00594755  0.00132044 -0.00066718]]
[[-0.01198806  0.00541483  0.00191034]]
[[-0.00506763 -0.00011204 -0.00591477]]
[[-0.00299457  0.00068485 -0.00299276]]
[[-0.00385327 -0.0012723  -0.00898353]]
[[ 0.00044919 -0.00039528 -0.00739779]]
[[ 0.00047397  0.00019585 -0.00609789]]
[[ 0.00036662 -0.00050163 -0.00547204]]
[[ 0.0012713  -0.0021803  -0.00586351]]
[[ 0.00203166 -0.00253533 -0.00368331]]
[[-0.00086992  0.00056875 -0.00585403]]
[[-0.00118803  0.00024791 -0.00538601]]
[[ 0.00146396 -0.00104551 -0.00314879]]
[[-0.00093267 -0.00175867 -0.00458234]]
[[-0.00169139  0.00175826 -0.00368827]]
[[-0.00100831  0.00131429 -0.00271755]]
[[ 0.00223121 -0.00166444 -0.00090078]]
[[ 0.00043987 -0.00214061 -0.00288181]]
[[ 0.00044832  0.00011319 -0.00135185]]
[[ 0.00079984 -0.00649156 -0.00298486]]
[[ 0.00479051 -0.01081966  0.00026053]]
[[ 0.00245959 -0.00765965  0.00243508]]
[[ 0.00133391 -0.00602599  0.00358031]]
[[ 0.00179458 -0.00697978  0.0009019 ]]
[[ 0.00379079 -0.00954029  0.00075669]]
[[ 0.00532371 -0.01055402 -0.00017123]]
[[ -3.59360187e-03   2.14998026e-05   9.96948739e-04]]
[[-0.00062188 -0.0051009   0.003649  ]]
[[ 0.00025479 -0.00309899  0.0057137 ]]
[[-0.00254539 -0.00194413  0.00522646]]
[[-0.00196481  0.00012345  0.00506139]]
[[-0.00062206 -0.00095253  0.00449999]]
[[ 0.00055616  0.00116127  0.00360092]]
[[ 0.00042237 -0.00055583  0.00210219]]
[[ 0.00071062  0.00152344  0.00083614]]
[[ 0.00116738 -0.00696456  0.00288848]]
[[-0.0001531  -0.00645147  0.00117908]]
[[  5.40535419e-05  -1.21401314e-02   7.90413154e-04]]
[[ 0.00107786 -0.00657411  0.00383555]]
[[-0.00126787 -0.00414106  0.00222694]]
[[ 0.00169382 -0.0031075   0.00740093]]
[[-0.00209775 -0.00317153  0.00688398]]
[[-0.00146992 -0.0026434   0.00441973]]
[[-0.00281833 -0.00180431  0.00461308]]
[[-0.00210922  0.00016517  0.00522143]]
[[-0.00306266  0.00110745  0.00447288]]
[[-0.00031197 -0.00209596  0.00456335]]
[[-0.00019972 -0.00037129  0.00485311]]
[[-0.00012632  0.002569    0.00376448]]
[[ 0.00160735  0.00082088  0.00399905]]
[[ 0.00173853 -0.0020268   0.00201647]]
[[ 0.00064175 -0.00061808  0.00135062]]
[[ -8.12807569e-04   2.99199754e-03   8.53091934e-05]]
[[ 0.00084586  0.00219681  0.00207814]]
[[ 0.00026021  0.00062544 -0.00019061]]
[[-0.00161058  0.00867585 -0.00773612]]
[[ 0.00427424  0.00733189 -0.00307709]]
[[ 0.00344161  0.00412255  0.00160005]]
[[ 0.00429092  0.00277907  0.00394324]]
[[ 0.00592309  0.00294524  0.00120031]]
[[ 0.00859104  0.00400674 -0.00101996]]
[[ 0.00795942  0.00580192 -0.00387497]]
[[-0.00067853  0.00341352 -0.00606601]]
[[ 0.00228954  0.00123083  0.00478883]]
[[ 0.00185781  0.0023271   0.00727397]]
[[-0.00089589  0.00193245  0.00662868]]
[[ -9.75703323e-04   9.65705866e-05   5.72388718e-03]]
[[ 0.00049456 -0.00066736  0.00551704]]
[[ 0.00045076 -0.00232308  0.00437216]]
[[ 0.00011667 -0.00167462  0.0032918 ]]
[[-0.00049997 -0.00229875  0.00192115]]
[[-0.00040275  0.00155925 -0.00101938]]
[[ 0.00395351  0.00348234  0.0021173 ]]
[[ 0.00513165  0.00650912 -0.00236776]]
[[ 0.00147624  0.00030139  0.00529958]]
[[ 0.00274305  0.00116814  0.00390678]]
[[ 0.00321781  0.00269066  0.00911843]]
[[ 0.00057298  0.00274075  0.00782248]]
[[-0.00173588  0.00275937  0.00518476]]
[[-0.00035527  0.00174896  0.0061634 ]]
[[-0.00144903  0.00033869  0.00613308]]
[[-0.00202427 -0.00053651  0.00580242]]
[[ 0.00038925 -0.00088732  0.00407964]]
[[ 0.00187299 -0.00037621  0.00596581]]
[[-0.00027536 -0.00346542  0.00494849]]
[[ 0.00099326 -0.00200226  0.00495378]]
[[ 0.00013431 -0.00157793  0.00309545]]
[[ 0.00117441 -0.00116824  0.00238317]]
[[-0.0013648  -0.00367469  0.00088356]]
[[-0.00071489 -0.00276348  0.00289767]]
[[-0.00085428 -0.00103982  0.00111224]]
[[ 0.00324027 -0.00302393  0.00050559]]
[[-0.00307239  0.00032096 -0.00017549]]
[[-0.00236212  0.00198132 -0.00074818]]
[[-0.00127939  0.00336272 -0.00202374]]
[[-0.00055569  0.00214863  0.00112884]]
[[-0.00152799  0.00126711 -0.00020819]]
[[-0.00332473  0.00186577 -0.00298656]]
[[ 0.00323558  0.0029723  -0.00501271]]
[[ 0.00047632  0.00202193 -0.00309578]]
[[-0.00062961  0.00150676 -0.00516646]]
[[ 0.00214269 -0.00061251 -0.0045678 ]]
[[ 0.00162648  0.00023737 -0.00448298]]
[[ -7.57312711e-07  -3.11384624e-04  -4.31933924e-03]]
[[-0.00087026  0.00134379 -0.00335506]]
[[-0.00101747 -0.00042059 -0.0022406 ]]
[[-0.00091288  0.00060078 -0.00125296]]
[[ 0.00073828  0.00340811  0.0014506 ]]
[[ 0.00163923  0.00054568  0.00017107]]
[[  2.16246237e-03  -3.07105822e-03   2.44048938e-05]]
[[-0.00058018  0.00190187 -0.00604877]]
[[ 0.00096123  0.00137348 -0.0022328 ]]
[[-0.00238941  0.00066696 -0.0066874 ]]
[[-0.0002944   0.00240539 -0.00310214]]
[[ 0.00254079 -0.00156619 -0.00469864]]
[[ 0.00252037 -0.00039498 -0.00425489]]
[[ 0.00204806  0.00043169 -0.00446707]]
[[ 0.00183775  0.00065589 -0.00451763]]
[[-0.00072071 -0.0011485  -0.00454837]]
[[-0.00048731 -0.00017327 -0.00486919]]
[[-0.00082035  0.00250751 -0.00340617]]
[[-0.00159701  0.00172315 -0.00329138]]
[[-0.00210891 -0.00160161 -0.0026654 ]]
[[-0.00132349 -0.00060377 -0.00162632]]
[[-0.00072747  0.00142243 -0.00064167]]
[[-0.0008078   0.00111063 -0.0022232 ]]
[[-0.00024504 -0.00022068 -0.00057499]]
[[ 0.00353774  0.00087868  0.00076005]]
[[ 0.00119892 -0.00179524  0.00189662]]
[[-0.00010983 -0.00296249  0.00143548]]
[[ -6.44395411e-04  -2.02100293e-03   8.51859095e-05]]
[[-0.00083839 -0.0012472   0.0001568 ]]
[[-0.00052082 -0.00092959  0.00056141]]
[[ -8.48755817e-05  -9.59982780e-04   1.01940141e-03]]
[[ 0.0002098   0.00086046  0.00064397]]
[[-0.00086426 -0.002439   -0.00075544]]
[[ -7.46752279e-05  -1.09268588e-03  -7.96936567e-04]]
[[-0.00046576 -0.00013036 -0.00061976]]
[[ -5.28086354e-04  -2.99557740e-04  -2.34007834e-07]]
[[-0.0013458 -0.0005684 -0.000239 ]]
[[ -1.15278049e-03  -2.87106364e-04  -4.43914356e-05]]
[[ -2.01597627e-03   3.63837529e-05  -2.44955564e-04]]
[[-0.00120911  0.00040525  0.00126658]]
[[ 0.00217161 -0.00626432  0.00435089]]
[[-0.00080924 -0.00089197 -0.00026929]]
[[-0.00064693 -0.00067506  0.00040688]]
[[-0.00128485 -0.00359662 -0.00204541]]
[[-0.0012751  -0.00127639 -0.00107456]]
[[ 0.00019824 -0.00161424 -0.0006238 ]]
[[-0.00025527 -0.00100874 -0.0002801 ]]
[[ 0.00057528  0.00030841 -0.00055534]]
[[-0.00072491 -0.0003481  -0.00081438]]
[[-0.0004734  -0.00039254  0.00036534]]
[[ -5.39537759e-04  -3.34675080e-04  -1.25785666e-05]]
[[-0.00151199 -0.00089261 -0.00016933]]
[[-0.00158393 -0.00021171 -0.00070953]]
[[-0.00100457 -0.00018405  0.00028591]]
[[-0.0009553  -0.00085203  0.00013935]]
[[-0.00150715 -0.00029715 -0.00082669]]
[[-0.00212659  0.00047784 -0.00118148]]
[[-0.00140611  0.00063319  0.00149089]]
[[-0.00057141  0.00023275  0.00080142]]
[[-0.00169951  0.00125948  0.00261234]]
[[-0.00022043  0.00011769  0.00060932]]
[[-0.00047332  0.00065707  0.00038428]]
[[-0.00061836  0.00045978  0.00017957]]
[[-0.00128801  0.00049995  0.00025608]]
[[-0.00294356  0.00051694 -0.00044701]]
[[-0.00450305  0.0007997   0.00014938]]
[[-0.00126122  0.0012848  -0.00010853]]
[[  9.48059541e-05  -1.08676118e-04   1.09033884e-03]]
[[-0.00088839  0.00032892  0.0001515 ]]
[[-0.00054412  0.00048206  0.00011799]]
[[-0.00088514  0.00010184  0.00022188]]
[[-0.00054925  0.00046661  0.00073568]]
[[-0.00043732  0.00080551  0.00081967]]
[[ 0.00021839  0.00177351  0.00074904]]
[[ 0.00018046  0.00112662  0.00017835]]
[[  4.98315077e-04   1.14803610e-03   7.54068906e-05]]
[[-0.00041559  0.00026916  0.00026316]]
[[-0.00416035 -0.00094273  0.00019723]]
[[-0.00917081 -0.00065349 -0.00029361]]
[[-0.00060354  0.00015264  0.00028949]]
[[-0.00116062  0.00018621  0.00027261]]
[[-0.00039807  0.00034822  0.00013708]]
[[ -8.05211101e-05   7.20337705e-04  -5.60782087e-04]]
[[-0.0005056   0.00013739  0.00038292]]
[[-0.00105651 -0.00054384  0.00027202]]
[[-0.00027593  0.00032368  0.00058023]]
[[-0.00073968  0.00062994  0.00124779]]
[[-0.00026524  0.00073055  0.00053263]]
[[-0.00064882  0.00077269  0.00090891]]
[[ 0.00116193  0.00276759  0.0015426 ]]
[[ 0.0005204   0.00077963  0.00076957]]
[[  6.44664897e-05   9.98930300e-04   2.13624883e-04]]
[[  3.50681481e-06   1.17213470e-03   5.46740833e-05]]
[[  1.17361752e-03   1.80078604e-03  -2.24914090e-05]]
[[ 0.00064295  0.00060733  0.00026032]]
[[ 0.00028101  0.00076539 -0.00026698]]
[[-0.00125497  0.00158301 -0.00299545]]
[[-0.00046759  0.00563122 -0.00139617]]
[[-0.00119513  0.00411262  0.00105982]]
[[ 0.0001817   0.00372468  0.00199743]]
[[ 0.00254106  0.00343242  0.00192128]]
[[ 0.00426676  0.00416581 -0.00046564]]
[[ 0.00231122  0.00592694 -0.00387304]]
[[-0.00148393 -0.00063394 -0.0045394 ]]
[[-0.00020456  0.00194812  0.001933  ]]
[[-0.00113236  0.00176769  0.00181217]]
[[-0.00093815  0.00039271  0.00157529]]
[[-0.00084779 -0.00062473  0.00089687]]
[[-0.00069011 -0.00011417  0.00066433]]
[[-0.00062263 -0.00043607  0.00077188]]
[[-0.00092356 -0.00046109  0.00056617]]
[[-0.00091816 -0.00107954  0.00015377]]
[[-0.00198411  0.00265122  0.00087876]]
[[ 0.00255823  0.00177642  0.00187148]]
[[ 0.00408108  0.00181343 -0.00116535]]
[[-0.00037761  0.00183408  0.00110846]]
[[ 0.00024766  0.00133295  0.00163606]]
[[-0.00166531  0.00122823  0.00184088]]
[[-0.00203526  0.00246828  0.00404853]]
[[-0.00065271  0.00057168  0.00104281]]
[[-0.00059859  0.0003614   0.00125801]]
[[-0.00064622 -0.00046832  0.00073538]]
[[ -1.52826570e-03  -1.27341660e-03   4.76313360e-05]]
[[ -5.35801850e-04  -3.20744121e-05   6.37855741e-04]]
[[ -6.69039685e-04   2.48064689e-05   5.85016802e-04]]
[[-0.00139652 -0.00057154  0.0007028 ]]
[[-0.00049008 -0.00019366  0.0011064 ]]
[[-0.00054215 -0.00039989  0.00045663]]
[[-0.00083421 -0.00016562  0.00031923]]
[[-0.00203023 -0.00163905 -0.00021665]]
[[-0.00095389 -0.00135943  0.00031436]]
[[-0.00065034 -0.00073785 -0.00011414]]
[[-0.00134444 -0.00083938 -0.00331691]]
[[-0.00254163 -0.00268811 -0.00095604]]
[[-0.00164537 -0.00138658  0.00075236]]
[[-0.00052474 -0.0011867   0.00085035]]
[[ 0.00021809 -0.00179629  0.00125381]]
[[ -7.01368469e-05  -2.75128189e-03   3.32584547e-05]]
[[-0.00154079 -0.00339336 -0.00216371]]
[[-0.00027795  0.00147405 -0.00582274]]
[[-0.00010759 -0.00182329  0.00065482]]
[[-0.00064888 -0.00072692  0.00050535]]
[[ -6.83649406e-05  -7.70967214e-04   6.10660743e-04]]
[[-0.00047906 -0.00067333  0.00010612]]
[[-0.00038447 -0.00166824  0.00029151]]
[[-0.00109259 -0.00118433  0.00036161]]
[[-0.0019036  -0.00215047  0.00072677]]
[[-0.00179762 -0.0008979   0.00226849]]
[[-0.00162608 -0.00075495  0.00048644]]
[[ 0.00095568 -0.00067461  0.00106639]]
[[ 0.00065397 -0.0017278  -0.0003046 ]]
[[-0.00197303 -0.00308424 -0.00016685]]
[[ 0.00052849 -0.00129429  0.0009362 ]]
[[-0.00074097 -0.00048635  0.00032095]]
[[-0.00036401 -0.00066081  0.00039656]]
[[-0.00042485 -0.00107521  0.00036591]]
[[  3.55116913e-04  -7.96219109e-05   8.39302545e-04]]
[[-0.00067771 -0.00044192  0.00015312]]
[[-0.00043191 -0.00063182  0.00035547]]
[[-0.00094442 -0.00272729 -0.00076955]]
[[ 0.0001676  -0.00098411  0.00023079]]
[[-0.00081601 -0.00104582  0.00071009]]
[[-0.00117914 -0.00069573  0.00043507]]
[[-0.00281669 -0.0031466   0.00047754]]
[[ -1.32441468e-03  -2.09598657e-03  -7.08867421e-05]]
[[-0.00144834 -0.00102545  0.00195662]]
[[-0.00128609 -0.00062644  0.00149682]]
[[-0.00222235 -0.00118696  0.0037616 ]]
[[ 0.00416345  0.00745533  0.00269199]]
[[ 0.00079621  0.00744534  0.00148045]]
[[ 0.00112038  0.00424836 -0.00162342]]
[[-0.00061145  0.00423593 -0.00407232]]
[[-0.00209921  0.00424356 -0.00292391]]
[[-0.00272293  0.00513432 -0.00031632]]
[[-0.0034472   0.00756971  0.00384107]]
[[-0.00011506  0.00546381  0.00419615]]
[[-0.00048426  0.00201674 -0.00458581]]
[[ 0.00104208  0.00344141 -0.00513898]]
[[ 0.00167447  0.00236596 -0.00493342]]
[[ 0.00145444  0.0005998  -0.00446345]]
[[ 0.00118133 -0.00036943 -0.004382  ]]
[[ 0.00094547 -0.0021353  -0.00401984]]
[[ 0.00129311 -0.00168123 -0.00307772]]
[[ 0.0014957  -0.00225375 -0.0019493 ]]
[[  4.42033277e-03  -2.04450187e-05   1.58813144e-03]]
[[-0.00103816  0.00403406 -0.00371257]]
[[ 0.00165654  0.00418571  0.00117328]]
[[-0.00045291  0.00122421 -0.00478686]]
[[-0.00113006  0.00189382 -0.00451949]]
[[ 0.00155826  0.00247085 -0.00529381]]
[[ 0.00116754  0.00485672 -0.0066966 ]]
[[ 0.00230316  0.00321405 -0.00376473]]
[[ 0.00106925  0.00203317 -0.00444431]]
[[ 0.00111847  0.00096127 -0.00424124]]
[[ 0.00238165  0.0002095  -0.00495944]]
[[ 0.00061521 -0.00029911 -0.00324748]]
[[ 0.00090562 -0.00036326 -0.0042221 ]]
[[ 0.00101355 -0.00321796 -0.00502805]]
[[ 0.00084141 -0.00124571 -0.00447203]]
[[ 0.00100807 -0.00153856 -0.00294167]]
[[ 0.00084877 -0.0013628  -0.00235102]]
[[ 0.00174458 -0.00357909 -0.00121738]]
[[ 0.00175684 -0.00207652 -0.00216654]]
[[ 0.00135491 -0.00109307 -0.0013915 ]]
[[-0.00589167  0.00262628  0.00351374]]
[[-0.00199848  0.00449195  0.00099404]]
[[-0.00183351  0.00587333  0.00042498]]
[[-0.00224729  0.00563068  0.00218216]]
[[-0.00292297  0.00429946  0.000392  ]]
[[-0.00399292  0.00367229  0.00094072]]
[[-0.00114442  0.00408756  0.00224035]]
[[-0.00248306  0.00499194  0.00583128]]
[[-0.00233307  0.00486346  0.00327818]]
[[-0.00238767  0.00341855  0.00338994]]
[[-0.0029336   0.00115971  0.00328416]]
[[-0.00217182  0.00126293  0.00355847]]
[[-0.00162564  0.0001638   0.00348251]]
[[-0.00052364  0.00144217  0.00320549]]
[[-0.00036564 -0.00063429  0.00214299]]
[[ -4.76310537e-05   1.65888584e-04   1.37670844e-03]]
[[-0.0044244   0.00929467 -0.00196551]]
[[-0.00435586  0.00335146  0.00162111]]
[[-0.00866003  0.00274546  0.00042687]]
[[-0.00074771  0.00540048  0.00648515]]
[[-0.0023906   0.0036281   0.00344516]]
[[-0.00234957  0.0036261   0.00319962]]
[[-0.00133946  0.00385748  0.00169284]]
[[-0.00330265  0.00062695  0.00433417]]
[[-0.0031032   0.00104192  0.00309223]]
[[-0.00167829  0.00124417  0.00285244]]
[[-0.00200919  0.00172571  0.00342424]]
[[-0.00041586 -0.00086065  0.00455498]]
[[-0.0021749   0.00033898  0.00351136]]
[[ 0.00027283  0.00262239  0.00329134]]
[[-0.00018848  0.00122453  0.00299223]]
[[ 0.00084699 -0.00199881  0.00287088]]
[[-0.0006573  -0.00060802  0.00169501]]
[[ 0.00048011  0.00081511  0.00087159]]
[[ -1.59397697e-04   2.69530973e-06   1.54674022e-03]]
[[-0.00024814 -0.00064367  0.00099222]]
[[-0.00131532  0.00416392 -0.00253593]]
[[-0.00051115  0.00810177 -0.00059939]]
[[-0.00158824  0.00631755  0.00199589]]
[[  4.74651948e-05   6.01044548e-03   3.07757278e-03]]
[[ 0.00267683  0.00577566  0.00274864]]
[[ 0.00460198  0.00664315  0.00018357]]
[[ 0.00263443  0.00855873 -0.00334263]]
[[-0.00122252  0.00217999 -0.00439765]]
[[-0.00023968  0.00404427  0.00298625]]
[[-0.00144643  0.00412714  0.00306126]]
[[-0.00128606  0.00195361  0.00303159]]
[[-0.00137164  0.00081175  0.00234341]]
[[-0.00116634  0.00077504  0.0021774 ]]
[[ -1.19491491e-03   9.16774101e-05   2.07505792e-03]]
[[-0.00139898 -0.00016057  0.00176636]]
[[-0.00139114 -0.00111423  0.00111223]]
[[-0.0025617   0.00478499  0.00173659]]
[[ 0.00300545  0.00428242  0.00259548]]
[[ 0.0048058   0.00457678 -0.00069973]]
[[-0.00047802  0.00410296  0.00198585]]
[[ 0.00028435  0.00315224  0.00267068]]
[[-0.00211026  0.00306713  0.00301474]]
[[-0.00250802  0.00562441  0.00564289]]
[[-0.00100464  0.00228942  0.00213755]]
[[-0.00080607  0.0016592   0.00265679]]
[[-0.00127765  0.00073095  0.00214441]]
[[-0.00221559  0.00058166  0.00185448]]
[[-0.00099908  0.00097242  0.0017457 ]]
[[-0.00096764  0.00068377  0.00198846]]
[[ -2.09538299e-03   2.02179730e-05   2.29913127e-03]]
[[-0.00112221  0.00029963  0.00238808]]
[[ -9.62448890e-04   9.58773398e-06   1.34813331e-03]]
[[ -1.14008139e-03   9.48098770e-06   1.37870959e-03]]
[[-0.00258285 -0.00187513  0.00080549]]
[[-0.00146246 -0.00138099  0.00118804]]
[[-0.00103907 -0.00067341  0.00086829]]
[[-0.00021243  0.00266049 -0.00340068]]
[[-0.00170302  0.0005367  -0.00163033]]
[[-0.00075291  0.00156417 -0.0005041 ]]
[[ 0.00028072  0.00160695 -0.00079486]]
[[ 0.000504    0.00077514  0.00016799]]
[[ -4.34720942e-05  -7.52121272e-05  -5.21520998e-04]]
[[-0.00119494 -0.00043113 -0.00251127]]
[[ 0.00025481  0.00437129 -0.00551227]]
[[ 0.00110473  0.00109966 -0.00119796]]
[[ 0.00080841  0.00132073 -0.00153899]]
[[ 0.00158255  0.00088498 -0.00159567]]
[[ 0.00125347  0.00040991 -0.002164  ]]
[[ 0.00149178 -0.00112953 -0.0019324 ]]
[[ 0.00076316 -0.00081314 -0.00189857]]
[[ 0.00055755 -0.00223765 -0.00130099]]
[[  8.91136643e-05  -1.04952960e-03  -8.41386380e-04]]
[[-0.00029254  0.00260283 -0.00108908]]
[[ 0.00118671  0.0018483  -0.00013487]]
[[ 0.00054737  0.00090488 -0.00048645]]
[[-0.0005362   0.00065658 -0.00257584]]
[[ 0.00149152  0.00102105 -0.00092822]]
[[ 0.00067163  0.00135227 -0.00167578]]
[[ 0.0007706   0.00154011 -0.00122392]]
[[ 0.00130226  0.00096185 -0.00231517]]
[[ 0.00185948  0.00119471 -0.00124444]]
[[ 0.00094899  0.00046952 -0.00200189]]
[[ 0.00099919  0.00061434 -0.00156193]]
[[ 0.00095055 -0.00221637 -0.0033553 ]]
[[ 0.00205789 -0.00050328 -0.00174528]]
[[ 0.00077454 -0.00053851 -0.00134612]]
[[ 0.00051677 -0.00050418 -0.0017365 ]]
[[-0.00068077 -0.00370626 -0.00167742]]
[[ 0.00094851 -0.00189038 -0.00111592]]
[[ 0.00040358 -0.00094424 -0.00064889]]
[[  7.09010114e-05  -7.80250228e-04  -8.59133036e-04]]
[[  6.40955653e-05  -1.24528986e-03  -7.63730024e-04]]
[[ 0.00753278  0.0001572  -0.00627302]]
[[ 0.00315963 -0.00192206 -0.00362519]]
[[ 0.00294239 -0.003264   -0.00196269]]
[[ 0.00316474 -0.00348545 -0.00290991]]
[[ 0.00384041 -0.00235218 -0.00097449]]
[[ 0.00355688 -0.00154821 -0.00296436]]
[[ 0.00189572 -0.00205097 -0.00638801]]
[[ 0.0056446  -0.00310366 -0.00958697]]
[[ 0.00349229 -0.00248114 -0.00339745]]
[[ 0.00284012 -0.00194595 -0.00376264]]
[[ 0.00293099  0.00010048 -0.00378516]]
[[ 0.00164457 -0.00052799 -0.00405356]]
[[ -7.96211894e-05   9.87178417e-05  -4.16732031e-03]]
[[-0.00077899 -0.0012768  -0.00312526]]
[[-0.00121098  0.00037985 -0.00204292]]
[[-0.00103711 -0.00034525 -0.00096919]]
[[ 0.0054075  -0.00621071  0.00111637]]
[[ 0.00562192 -0.00189868 -0.00130712]]
[[ 0.00743366  0.00117416 -0.00314247]]
[[ 0.00129526 -0.00220427 -0.00641936]]
[[ 0.00411083 -0.00142213 -0.00280394]]
[[ 0.00261665 -0.0022355  -0.00340568]]
[[ 0.00197224 -0.0023745  -0.00223372]]
[[ 0.00318612  0.00094067 -0.00443095]]
[[ 0.00353333  0.0001439  -0.00421655]]
[[ 0.00103873 -0.00058443 -0.00306809]]
[[ 0.00165042 -0.00091157 -0.00404455]]
[[-0.00080439  0.00090763 -0.00450673]]
[[ -4.99576287e-04  -4.47401042e-05  -4.79812124e-03]]
[[-0.00130968 -0.00237788 -0.00335468]]
[[-0.00100969 -0.00117141 -0.00299357]]
[[-0.00216415  0.00137976 -0.00246595]]
[[-0.00154107  0.00046718 -0.00159361]]
[[-0.00141525 -0.00096935 -0.00057049]]
[[-0.00089426 -0.00024403 -0.00141214]]
[[-0.00060862  0.00031502 -0.00042166]]
[[ 0.00303238 -0.00950883 -0.00976251]]
[[ 0.00690078 -0.00773901 -0.00409105]]
[[ 0.00636573 -0.00407785  0.00166294]]
[[ 0.0060155  -0.00296949  0.00521186]]
[[ 0.00640146 -0.00230147  0.00279094]]
[[ 0.00685718 -0.00307145 -0.00086786]]
[[ 0.00854954 -0.00579424 -0.00655946]]
[[ 0.00331461 -0.0038286  -0.00977447]]
[[ 0.0045612  -0.00131297  0.00612973]]
[[ 0.00454635 -0.001954    0.00893971]]
[[ 0.00071898 -0.00176081  0.00793974]]
[[ 0.00063189  0.00038419  0.00756717]]
[[  7.88639535e-05   6.76829907e-04   6.91370893e-03]]
[[ 0.00048774  0.00253019  0.00662214]]
[[ 0.00015656  0.00162385  0.00566364]]
[[-0.0003116   0.00207486  0.00385688]]
[[ 0.00312669 -0.00144302 -0.00057565]]
[[ 0.00429275 -0.00201447  0.00437637]]
[[ 0.0016497  -0.00174271 -0.0026981 ]]
[[ 0.00352833 -0.00062603  0.00620326]]
[[ 0.00499305 -0.00065352  0.00606942]]
[[ 0.00666892 -0.00246198  0.01133093]]
[[ 0.00267843 -0.00203179  0.00923387]]
[[-0.00038599 -0.00275516  0.0063206 ]]
[[ 0.00168253 -0.00113611  0.00686269]]
[[  8.70208329e-04   4.46370675e-05   9.07169595e-03]]
[[-0.00100313  0.00147243  0.00736362]]
[[ 0.00028088  0.0005997   0.00557392]]
[[ 0.00066485  0.00073576  0.00664883]]
[[-0.00021829  0.00393232  0.00686912]]
[[ 0.00134327  0.00208479  0.00756352]]
[[ -8.60040262e-05   1.64896814e-03   5.29832865e-03]]
[[ 0.00064775  0.00118743  0.00574224]]
[[-0.00098617  0.00340778  0.00242411]]
[[-0.00063898  0.00261421  0.00458037]]
[[ -8.50290168e-05   8.85098580e-05   2.70696050e-03]]
[[ 0.00833111  0.00615129 -0.01115142]]
[[ 0.00955544  0.0079602  -0.00411178]]
[[ 0.00876595  0.00544729  0.00160411]]
[[ 0.00763934  0.00411927  0.00434109]]
[[ 0.00881892  0.00298222  0.00249722]]
[[ 0.01048206  0.00366753 -0.00138044]]
[[ 0.0095965   0.00605872 -0.00669778]]
[[ 0.00356883  0.00012868 -0.01136962]]
[[ 0.00574465  0.00302149  0.00488429]]
[[ 0.00653622  0.00221943  0.00794389]]
[[ 0.00268513  0.00120776  0.00707475]]
[[ 0.00245562 -0.00034071  0.00703765]]
[[ 0.00103816  0.00040845  0.00619137]]
[[ 0.00116354 -0.00044169  0.00636215]]
[[ 0.00057075 -0.00037281  0.00595592]]
[[ 0.00052744 -0.00151611  0.0047256 ]]
[[ 0.00835515  0.00572455  0.00252021]]
[[ 0.00782875  0.00136429  0.00342133]]
[[ 0.00967278  0.00101947 -0.00263175]]
[[ 0.00415173  0.0032148   0.00379364]]
[[ 0.006008    0.00143322  0.00470238]]
[[ 0.00931645  0.00285611  0.01055852]]
[[ 0.00326545  0.00200751  0.00877717]]
[[ 0.00220064  0.00171834  0.00561422]]
[[ 0.00359432  0.00045551  0.00608931]]
[[ 0.00296281 -0.00034322  0.00921257]]
[[ 0.00050974 -0.00148944  0.00554804]]
[[ 0.00063663  0.00059693  0.00533765]]
[[ 0.00170998  0.00010262  0.00577486]]
[[-0.00061377 -0.00095064  0.0057702 ]]
[[ 0.00225798 -0.00059803  0.00753152]]
[[ 0.00034598 -0.00038455  0.00493736]]
[[ 0.00104431 -0.00028265  0.00629417]]
[[-0.00115219 -0.00273382  0.00419371]]
[[ 0.00068015 -0.00217894  0.00533007]]
[[ 0.00077546 -0.00018044  0.00384915]]
[[ 0.00228439 -0.00084125 -0.00681448]]
[[ 0.00029196 -0.0026557  -0.00526641]]
[[ 0.00089617 -0.00162791 -0.00292052]]
[[ 0.00173878 -0.00106596 -0.00248379]]
[[ 0.00209985 -0.00146542 -0.0015506 ]]
[[ 0.00048722 -0.00244116 -0.00384283]]
[[ 0.00058062 -0.00283474 -0.00797564]]
[[ 0.00479664  0.00186322 -0.01013564]]
[[ 0.0024986  -0.0018871  -0.00206246]]
[[ 0.00122992 -0.00047068 -0.00257112]]
[[ 0.00124791 -0.00074622 -0.00273808]]
[[ 0.00033591 -0.00054245 -0.00310843]]
[[-0.00086212 -0.00160187 -0.00301007]]
[[-0.0010882  -0.00111446 -0.0019513 ]]
[[-0.00163971 -0.00206558 -0.00126831]]
[[-0.00146034 -0.00092554 -0.00036215]]
[[ 0.00109329 -0.00114726 -0.00256001]]
[[ 0.0030606   0.00039521 -0.00071127]]
[[ 0.00036614 -0.00278148 -0.00471262]]
[[ 0.00013571 -0.00343301 -0.00321288]]
[[ 0.00358197 -0.00163721 -0.00110983]]
[[ 0.0008183  -0.00025902 -0.00243676]]
[[ 0.00146149 -0.00025183 -0.00238967]]
[[ 0.00087527 -0.00113016 -0.00297505]]
[[ 0.00190659 -0.00026982 -0.00320725]]
[[-0.00010338 -0.00032598 -0.00264725]]
[[ 0.00032655 -0.00042326 -0.00261208]]
[[-0.00082905 -0.00250265 -0.00354733]]
[[-0.00148824 -0.00093723 -0.00350672]]
[[-0.00072695 -0.00093205 -0.00155086]]
[[-0.0012068  -0.00063187 -0.00193629]]
[[-0.00254398 -0.00312394 -0.00122889]]
[[-0.0020635  -0.00181082 -0.00106252]]
[[-0.00092534 -0.00086744 -0.00029162]]
[[-0.00144876 -0.00056061 -0.00075663]]
[[ -1.17566687e-03  -9.24675872e-04  -6.12875974e-05]]
