[[-0.00541501  0.00477505  0.00889281]]
[[ -8.31661474e-03  -7.21286118e-06   4.52596343e-03]]
[[-0.00951707 -0.00209303  0.00078737]]
[[-0.00750734 -0.00220663 -0.00226865]]
[[-0.00647042 -0.00219421 -0.00037814]]
[[-0.00605856 -0.00192686  0.00139471]]
[[-0.00680412 -0.00140888  0.00372029]]
[[-0.00419507  0.00108179  0.00732448]]
[[-0.00600838 -0.00210745 -0.00365887]]
[[-0.00688847 -0.0014796  -0.00688765]]
[[ -2.97321478e-03  -9.66883579e-05  -6.03907925e-03]]
[[-0.002694   -0.00083614 -0.00614429]]
[[-0.00159288 -0.00064354 -0.00571898]]
[[-0.00144167 -0.00081191 -0.00587705]]
[[ -1.12339235e-03  -8.40737001e-05  -5.83495115e-03]]
[[-0.00055289  0.00031537 -0.0049388 ]]
[[-0.00748787 -0.00372299  0.00253818]]
[[-0.00534986 -0.00180253 -0.00168733]]
[[-0.00547167 -0.00190759  0.00173724]]
[[-0.00525623 -0.00308742 -0.00470734]]
[[-0.00619136 -0.00168776 -0.00393494]]
[[-0.00982982 -0.00062713 -0.00937503]]
[[-0.00477284 -0.00250814 -0.00499527]]
[[-0.00149188  0.00053524 -0.0052392 ]]
[[-0.00371481 -0.0007422  -0.00531832]]
[[-0.00292667 -0.00099901 -0.00810191]]
[[-0.00146305 -0.00157022 -0.00541989]]
[[-0.00156752 -0.0008986  -0.00518765]]
[[-0.00225752 -0.00046097 -0.00553388]]
[[-0.00035014 -0.00118487 -0.0047992 ]]
[[-0.00226092 -0.001793   -0.00655035]]
[[-0.00063594 -0.00029188 -0.00601949]]
[[-0.00159301  0.00026972 -0.00636028]]
[[ -3.86539982e-05   7.10464903e-05  -3.46837983e-03]]
[[-0.00045207 -0.0007508  -0.00526345]]
[[-0.00046993  0.00195504 -0.00454638]]
[[-0.00311669 -0.00027771  0.00376949]]
[[-0.00254456  0.00035273  0.00424928]]
[[ -2.31048057e-03   7.60686370e-05   3.35131601e-03]]
[[-0.00271852  0.00045989  0.00307298]]
[[-0.00397896  0.00064298  0.00202675]]
[[-0.00423702  0.00072775  0.00373338]]
[[-0.00261641  0.0013968   0.00547006]]
[[-0.00434402 -0.00021997  0.00518984]]
[[-0.002607    0.00015741  0.00241127]]
[[-0.00157996  0.000684    0.00267706]]
[[-0.00119921  0.00014389  0.00302064]]
[[-0.00043086  0.00062819  0.00323182]]
[[ 0.00123821  0.00094119  0.0033811 ]]
[[ 0.00132478  0.00185799  0.00203027]]
[[ 0.00175933  0.00120475  0.00117064]]
[[ 0.00148581  0.00120876  0.00038405]]
[[-0.00225104 -0.00021231  0.00276314]]
[[ -5.40505166e-03  -9.01781036e-05   1.75134620e-03]]
[[-0.00794578 -0.00235189  0.00393077]]
[[-0.00190451 -0.00028446  0.00273299]]
[[-0.00326707 -0.00018759  0.00196565]]
[[-0.00112527  0.00051029  0.00242317]]
[[-0.00112182  0.00109668  0.00178764]]
[[-0.00093545  0.00015785  0.00308264]]
[[-0.00150021 -0.00069887  0.00391692]]
[[  2.96488411e-05   4.74961372e-04   2.71479996e-03]]
[[-0.00062655  0.00090303  0.00353924]]
[[ 0.00066078  0.00112704  0.00250684]]
[[ 0.00236436  0.00079439  0.00413077]]
[[ 0.00212454  0.00292817  0.00275304]]
[[ 0.00152398  0.00090478  0.00212932]]
[[ 0.00120707  0.00127963  0.00087931]]
[[ 0.00249341  0.00123572  0.00091988]]
[[ 0.0020773   0.00194157  0.00023713]]
[[ 0.00158405  0.00068122  0.00082417]]
[[ 0.00104751  0.00078273 -0.00016782]]
[[-0.00248328  0.00415259  0.00370378]]
[[  3.28382437e-05   9.88487422e-03   3.39565408e-03]]
[[-0.00167239  0.00696002  0.00333485]]
[[-0.00164293  0.00651005  0.00386538]]
[[-0.00072214  0.00786501  0.00228782]]
[[ 0.00099236  0.01064756  0.00295697]]
[[ 0.0021869   0.01134798  0.0030363 ]]
[[-0.00467574  0.00027471  0.00576521]]
[[-0.00263426  0.00518534  0.00340042]]
[[-0.00258841  0.00340167  0.00388296]]
[[-0.00305667  0.00186707  0.0040175 ]]
[[ -1.77031313e-03  -1.82240656e-05   4.36441301e-03]]
[[-0.00044839  0.00095736  0.00413314]]
[[ 0.00053753 -0.00088545  0.00321328]]
[[ 0.00068708  0.00062601  0.0017833 ]]
[[ 0.00085726 -0.00116995  0.00041713]]
[[-0.00259152  0.00477013  0.00298321]]
[[-0.00218901  0.00700632  0.0019167 ]]
[[-0.00275267  0.01320294  0.0032055 ]]
[[ -3.34117754e-05   6.68384082e-03   3.53358433e-03]]
[[-0.00315318  0.00463138  0.00200675]]
[[-0.00277414  0.002232    0.00390009]]
[[-0.00386923  0.00411591  0.00575968]]
[[-0.00179593  0.00243388  0.00363217]]
[[-0.00360652  0.00193927  0.00400711]]
[[ -9.25560021e-04  -1.38420611e-06   3.62236849e-03]]
[[-0.00274639 -0.00086907  0.00383649]]
[[ -9.25207299e-05   2.06800146e-03   4.27764383e-03]]
[[-0.00014057  0.00036477  0.00458556]]
[[ 0.00040345 -0.00215785  0.00360455]]
[[ 0.0010517  -0.0001211   0.00355225]]
[[ 0.00187757  0.00190092  0.00167273]]
[[ 0.00094423  0.00060113  0.00120002]]
[[ -1.08198972e-04  -2.37687484e-03  -7.11046050e-05]]
[[ 0.00091503 -0.00127539  0.00113997]]
[[ 0.00066703 -0.00048792 -0.00047719]]
[[ -3.76809606e-03  -8.25461731e-05   7.33403514e-03]]
[[-0.00892474 -0.00486666  0.00406826]]
[[ -9.00111184e-03  -4.49232353e-04   5.84271284e-05]]
[[-0.00700925 -0.00098695 -0.0037216 ]]
[[-0.0076671  -0.00199694 -0.00121378]]
[[-0.00941695 -0.00387494  0.00155465]]
[[-0.0094969  -0.00597151  0.00481189]]
[[-0.00178307  0.0048205   0.00523834]]
[[-0.00460132  0.00028921 -0.00512096]]
[[-0.00433247  0.00086925 -0.00781945]]
[[-0.00047625  0.00088072 -0.00693691]]
[[ -6.61105048e-05   2.06722854e-03  -6.34431774e-03]]
[[ 0.00022531  0.00018812 -0.00572194]]
[[-0.00037545  0.00091046 -0.00587241]]
[[-0.00044361 -0.00059749 -0.00536475]]
[[-0.00019864  0.00068523 -0.00370182]]
[[-0.00645862  0.00484823  0.0014983 ]]
[[-0.00591654  0.00018513 -0.00249285]]
[[-0.00804244 -0.00075131  0.00239671]]
[[-0.00671123  0.0004208  -0.0064244 ]]
[[ -4.71823997e-03   6.97133792e-05  -4.67888101e-03]]
[[-0.00594848  0.00185592 -0.01014426]]
[[-0.00109069  0.00107628 -0.00815632]]
[[-0.00057099  0.00029801 -0.00673807]]
[[-0.00123211  0.00122412 -0.00559755]]
[[  3.93513593e-05   2.64611309e-03  -7.34745990e-03]]
[[ 0.00136369  0.00330233 -0.00447266]]
[[-0.00077797 -0.00053363 -0.00682924]]
[[ 0.00019873  0.00010652 -0.00555493]]
[[ 0.00141292  0.0015034  -0.00449914]]
[[-0.00137995  0.00201036 -0.00630388]]
[[-0.00168973 -0.00145082 -0.00560214]]
[[-0.00055841 -0.00122634 -0.00580077]]
[[ 0.00170565  0.00150404 -0.00224498]]
[[  1.29608253e-05   2.15446660e-03  -4.44338528e-03]]
[[-0.00046826 -0.00092629 -0.00276744]]
[[ 0.00329435 -0.00339269  0.00077151]]
[[ 0.00087819 -0.00538939  0.00139501]]
[[-0.0004895  -0.00639018  0.00036207]]
[[-0.00085106 -0.00498689 -0.00140895]]
[[-0.00136788 -0.00387245 -0.00072021]]
[[-0.00132579 -0.00365996  0.00020535]]
[[-0.000734   -0.00402859  0.00084144]]
[[-0.00046102 -0.00238289  0.00114416]]
[[-0.00052687 -0.00554385 -0.00246257]]
[[ 0.00061156 -0.00347149 -0.00273201]]
[[ 0.00062881 -0.00216732 -0.00268995]]
[[ 0.00081346 -0.00179722 -0.00213824]]
[[ 0.00039653 -0.00155756 -0.00227956]]
[[ 0.00075435 -0.00113796 -0.00212017]]
[[ 0.0007595  -0.00056579 -0.00207562]]
[[  1.10128216e-03  -9.80101553e-05  -1.74447153e-03]]
[[ 0.00212869 -0.010358    0.00287154]]
[[-0.0012702  -0.00338752 -0.00133628]]
[[-0.00151857 -0.00330031  0.00046591]]
[[-0.00086849 -0.00755652 -0.00425878]]
[[-0.00126097 -0.00361615 -0.0027895 ]]
[[ 0.00079836 -0.00395873 -0.00267247]]
[[ 0.00037325 -0.00362328 -0.00171719]]
[[ 0.00158081 -0.00220618 -0.00314038]]
[[ 0.00011799 -0.00180571 -0.0026859 ]]
[[ 0.00078992 -0.00182265 -0.00184381]]
[[ 0.00067102 -0.0020606  -0.00175246]]
[[ 0.00010151 -0.0019549  -0.00262677]]
[[ 0.0001014  -0.00095716 -0.00235637]]
[[ 0.00070389 -0.00121892 -0.00164652]]
[[ 0.00086243 -0.00150377 -0.00200753]]
[[ 0.00077383 -0.00058544 -0.00259889]]
[[ 0.00043201 -0.00028079 -0.00185   ]]
[[ 0.00081885 -0.00016996 -0.00123947]]
[[ 0.00132579 -0.00016905 -0.00152329]]
[[ 0.00104259  0.00047124 -0.00187991]]
[[-0.00110252 -0.00233729  0.00126176]]
[[-0.00153312 -0.0018541   0.0014677 ]]
[[-0.00193571 -0.00178495  0.00134308]]
[[-0.00249761 -0.00196002  0.00163222]]
[[-0.00405602 -0.00230654  0.00069049]]
[[-0.00575426 -0.00244038  0.0012089 ]]
[[-0.00219106 -0.00168702  0.00056793]]
[[-0.0006526  -0.00299972  0.00138929]]
[[-0.00179839 -0.0017808   0.00140193]]
[[-0.00164684 -0.00160538  0.0014424 ]]
[[-0.0018772  -0.00124356  0.0017388 ]]
[[-0.00161942 -0.00056571  0.0021573 ]]
[[-0.00130978  0.00018304  0.00226959]]
[[-0.00067373  0.00158584  0.00194955]]
[[-0.00052955  0.00105103  0.00125618]]
[[-0.00015473  0.00140057  0.00089892]]
[[-0.00181682 -0.00180607  0.00133046]]
[[-0.00493614 -0.00409239  0.00116178]]
[[-0.01015102 -0.00462967  0.00063716]]
[[-0.00126869 -0.0021837   0.00136236]]
[[-0.00205883 -0.00184503  0.00148905]]
[[-0.00165899 -0.00115582  0.0012876 ]]
[[-0.0014642  -0.00205049  0.00112229]]
[[-0.00130054 -0.00139738  0.00159474]]
[[-0.00197574 -0.00178557  0.00173478]]
[[-0.00145447 -0.00048466  0.00186395]]
[[-0.00199265 -0.00067053  0.00299978]]
[[ -1.01402200e-03  -2.47750553e-05   1.65327535e-03]]
[[-0.00140552  0.00027656  0.00226761]]
[[ 0.00017483  0.00262182  0.00298888]]
[[-0.00041967  0.00059599  0.00187327]]
[[-0.00052661  0.00081082  0.00105637]]
[[-0.00059308  0.00115147  0.00100913]]
[[ 0.00046227  0.00232262  0.00085269]]
[[ -5.08243388e-05   8.30994464e-04   9.71929942e-04]]
[[-0.00023555  0.00088455  0.0005499 ]]
[[-0.00339593 -0.00436355 -0.00106616]]
[[ 0.00056003  0.00016869 -0.0014104 ]]
[[ 0.00060653 -0.00311455  0.00090343]]
[[ 0.00097657 -0.0023727   0.00405747]]
[[ 0.0036931  -0.00102845  0.00234344]]
[[ 0.00590913  0.00066828 -0.00033407]]
[[ 0.00420024  0.00227064 -0.00250786]]
[[-0.00150622 -0.00722176 -0.00144838]]
[[-0.00026369 -0.00352902  0.00537941]]
[[-0.00153793 -0.00250372  0.00590684]]
[[-0.00222776 -0.00194586  0.00561889]]
[[-0.00200999 -0.0024457   0.00490039]]
[[ -1.74980016e-03  -8.30861092e-05   4.43363190e-03]]
[[-0.00140237 -0.00054113  0.00416883]]
[[-0.00139813  0.0011255   0.00336064]]
[[-0.00143562 -0.00024958  0.00210487]]
[[-0.00199747 -0.00892779 -0.00122102]]
[[ 0.00313064 -0.003006    0.00318828]]
[[ 0.0055116  -0.00206287 -0.00129143]]
[[ 0.00149869 -0.00435534  0.00762987]]
[[ 0.00035095 -0.00263301  0.00519251]]
[[-0.00188445 -0.00409705  0.00602982]]
[[-0.00264622 -0.00220618  0.00663665]]
[[-0.00214983 -0.00150196  0.0064705 ]]
[[-0.00173318 -0.00189982  0.00494375]]
[[-0.00153228 -0.00277453  0.00451363]]
[[-0.00265311 -0.00355153  0.00293566]]
[[-0.00058502  0.00086481  0.00606362]]
[[ -1.92272995e-03   6.15765656e-05   4.21764988e-03]]
[[-0.00233455 -0.00099268  0.00315267]]
[[-0.00121582 -0.00108858  0.00434081]]
[[ 0.00020975  0.00242203  0.00389792]]
[[-0.00126081  0.00149345  0.00284593]]
[[-0.00269783 -0.00090899  0.00118596]]
[[-0.00169297 -0.00093895  0.00218521]]
[[-0.00110559  0.00063884  0.00182641]]
[[ 0.00096571 -0.00709844 -0.00277841]]
[[-0.00088028 -0.01206293 -0.00287271]]
[[ 0.00133786 -0.008535   -0.00344077]]
[[ 0.00126925 -0.00775361 -0.00444888]]
[[ 0.00066855 -0.00819208 -0.00342719]]
[[ 0.00022004 -0.01048818 -0.00282618]]
[[-0.00261943 -0.01296199 -0.00096546]]
[[ 0.00134595 -0.00376263 -0.00350625]]
[[ 0.00158669 -0.0061504  -0.00401333]]
[[ 0.00184432 -0.00467348 -0.00423495]]
[[ 0.00273626 -0.00264403 -0.00416395]]
[[ 0.00200454 -0.00074628 -0.00448346]]
[[ 0.0020337  -0.00135187 -0.00399529]]
[[ 0.00072336  0.00100441 -0.00369401]]
[[ 0.00086246 -0.00051793 -0.00221942]]
[[ 0.00021064  0.00154428 -0.00107925]]
[[ 0.00233855 -0.00640643 -0.00308331]]
[[ 0.00182332 -0.00658887 -0.00346968]]
[[ 0.00505242 -0.00916689 -0.00234405]]
[[-0.00043517 -0.00777032 -0.00366844]]
[[ 0.00191931 -0.00478926 -0.00336731]]
[[ 0.00220872 -0.00359947 -0.00440444]]
[[ 0.00276017 -0.00583478 -0.00650286]]
[[ 0.00173325 -0.00332756 -0.00337771]]
[[ 0.00280421 -0.00207601 -0.00348597]]
[[ 0.00138778 -0.00093331 -0.00418583]]
[[ 0.00288769 -0.00012247 -0.00460989]]
[[ 0.00113521 -0.0027536  -0.00416149]]
[[ 0.00253815 -0.00038852 -0.00364589]]
[[ 0.000843    0.0024397  -0.00437044]]
[[  1.67636728e-04   6.70365167e-05  -4.06740930e-03]]
[[-0.00068996 -0.00201817 -0.00212381]]
[[ 0.00114589 -0.00039181 -0.00159971]]
[[ 0.00111177  0.00302846 -0.00056064]]
[[ 0.0001015   0.00157318 -0.00153621]]
[[ 0.00016424  0.00068939 -0.00029854]]
[[ 0.00401671  0.00093019  0.00052519]]
[[ 0.00169054 -0.00173572  0.00164746]]
[[ 0.00048205 -0.00285096  0.00122582]]
[[ -7.05017268e-05  -1.97514684e-03  -3.00805063e-05]]
[[ -3.05399091e-04  -1.18576848e-03   7.61894313e-05]]
[[ -3.98684423e-05  -8.67476333e-04   4.07442926e-04]]
[[ 0.00038327 -0.00090963  0.00082465]]
[[ 0.00066115  0.00091723  0.00038987]]
[[-0.00014735 -0.00243535 -0.00079073]]
[[ 0.00065224 -0.001128   -0.00088008]]
[[ 0.00053916 -0.00016585 -0.00067057]]
[[ 0.00047046 -0.0003956  -0.00020172]]
[[  9.12014687e-05  -6.90571218e-04  -3.92315241e-04]]
[[ 0.0002681  -0.00056845 -0.00051647]]
[[ 0.00035838 -0.00051977 -0.00068315]]
[[  6.81510164e-04  -7.50468342e-05  -6.18323480e-04]]
[[ 0.00280419 -0.00615174  0.00411489]]
[[-0.00028857 -0.00089074 -0.00023305]]
[[-0.00016315 -0.00062752  0.00024011]]
[[-0.00066919 -0.00355528 -0.00210294]]
[[-0.00048969 -0.0012707  -0.00094245]]
[[ 0.00097221 -0.00161278 -0.00073652]]
[[ 0.00039489 -0.00103798 -0.00041605]]
[[ 0.00140029  0.00032584 -0.00065244]]
[[ 0.00039925 -0.00037275 -0.00060715]]
[[ 0.00054749 -0.00041226  0.0001314 ]]
[[ 0.00037606 -0.00043557 -0.00028716]]
[[-0.00034523 -0.00092055 -0.00037231]]
[[  6.11558716e-05  -3.41971254e-04  -4.97460671e-04]]
[[ 0.00031672 -0.00046822 -0.00037406]]
[[ 0.00042284 -0.00096825 -0.00040105]]
[[ 0.00027617 -0.00069356 -0.00108031]]
[[ 0.00022744 -0.0002144  -0.00057101]]
[[  4.66366800e-04   1.59656032e-05  -3.66543272e-04]]
[[ 0.00091697 -0.00016486 -0.0005107 ]]
[[ 0.00067069  0.0002003  -0.00071536]]
[[ 0.00021483  0.00014525  0.00033427]]
[[  8.97151180e-06   7.32754017e-04   3.70896937e-05]]
[[ -5.59087860e-05   5.87365832e-04  -1.66936356e-04]]
[[ -7.03214168e-04   6.12017860e-04  -6.94440377e-05]]
[[-0.00236683  0.00065196 -0.00066415]]
[[-0.00396139  0.00093172 -0.00010365]]
[[-0.00077628  0.00136498 -0.00035378]]
[[  5.33821554e-04  -6.51557873e-05   8.48805948e-04]]
[[-0.00019313  0.00040933 -0.00011306]]
[[ 0.00012185  0.0005576  -0.00025673]]
[[ -3.56708413e-06   1.73929381e-04  -1.91585347e-04]]
[[ 0.0002707   0.0005334   0.00011329]]
[[ 0.00065662  0.0008639   0.00014216]]
[[ 0.00122755  0.00175166 -0.00024852]]
[[ 0.00183863  0.00097654 -0.00084543]]
[[ 0.00166279  0.0010364  -0.002227  ]]
[[ 0.00016807  0.00038057 -0.00011067]]
[[ -3.58411136e-03  -8.46439226e-04   9.04915757e-05]]
[[-0.00860416 -0.00051966 -0.00051844]]
[[ -2.22891391e-05   2.66095630e-04  -2.93833976e-05]]
[[-0.00037898  0.00028717  0.0001342 ]]
[[ 0.00026141  0.00038962 -0.00022379]]
[[ 0.00056335  0.00084161 -0.00091936]]
[[ 0.00021428  0.00024756 -0.00010148]]
[[ -5.54366209e-05  -4.31790572e-04   2.28322018e-05]]
[[  4.85370328e-04   3.67526115e-04  -6.72329521e-06]]
[[  7.33929584e-05   7.31867937e-04   6.55556636e-04]]
[[ 0.00061748  0.00084825 -0.00021247]]
[[ 0.00061413  0.00087017  0.00042501]]
[[ 0.00219336  0.00277174  0.00052131]]
[[ 0.00138374  0.00076987 -0.00020346]]
[[ 0.00125453  0.0010229  -0.00076842]]
[[ 0.00152574  0.00094172 -0.00019044]]
[[ 0.00249636  0.00155038 -0.00211789]]
[[ 0.00125574  0.00042354 -0.00141974]]
[[ 0.0018849   0.00020177 -0.00394563]]
[[-0.00078681  0.00157513 -0.0032271 ]]
[[  8.40386569e-06   5.59835692e-03  -1.63893125e-03]]
[[-0.00063019  0.00402     0.000857  ]]
[[ 0.00073525  0.00367433  0.00188333]]
[[ 0.00307198  0.0033599   0.00185467]]
[[ 0.00475289  0.00410543 -0.00061158]]
[[ 0.00277575  0.00589898 -0.00406187]]
[[-0.00103921 -0.00064895 -0.00478958]]
[[ 0.00047943  0.00191842  0.00189695]]
[[-0.00042818  0.00177379  0.00174253]]
[[  2.75452041e-05   3.68182415e-04   1.54014780e-03]]
[[ 0.00012514 -0.00061114  0.00073388]]
[[ 0.00069689 -0.00016015  0.00055465]]
[[ 0.00078396 -0.00043583  0.0003897 ]]
[[ 0.00142644 -0.0005115   0.00026197]]
[[ 0.00116547 -0.00145226 -0.00149695]]
[[-0.00137988  0.00256672  0.00065057]]
[[ 0.00307872  0.0017381   0.00192376]]
[[ 0.00457528  0.00175644 -0.00132253]]
[[ 0.00018493  0.00176464  0.00102955]]
[[ 0.00099585  0.00127647  0.00176094]]
[[-0.00090794  0.00122681  0.00174243]]
[[-0.00138699  0.00246598  0.00395098]]
[[ 0.00011995  0.00048958  0.0009231 ]]
[[ 0.00048038  0.00029924  0.00147276]]
[[ 0.00036073 -0.00048167  0.0005422 ]]
[[-0.00061903 -0.00125911 -0.00013269]]
[[ 0.00058566 -0.00018956  0.00038056]]
[[  9.18669924e-04  -4.00839501e-05   8.34837181e-04]]
[[ -7.56892849e-05  -5.85355405e-04   3.13849411e-04]]
[[ 0.00090726 -0.00022619  0.00065148]]
[[  1.23557013e-03  -7.13737363e-04  -4.93975373e-05]]
[[ 0.00148456 -0.000135    0.00108409]]
[[ 0.00014611 -0.00215419 -0.00112378]]
[[ 0.00083667 -0.00142721 -0.00084429]]
[[ 0.00202815 -0.00070965 -0.00325495]]
[[-0.00089525 -0.00084389 -0.00358675]]
[[-0.00205159 -0.00271744 -0.00129342]]
[[-0.00106457 -0.00146305  0.00041482]]
[[  7.11759080e-05  -1.21847843e-03   5.39696494e-04]]
[[ 0.00079081 -0.00185494  0.00104174]]
[[ 0.00045968 -0.00281619 -0.00021271]]
[[-0.00106058 -0.0034208  -0.00240658]]
[[ 0.0001605  0.0014597 -0.0060614]]
[[ 0.00061578 -0.00179479  0.00039997]]
[[  3.88531834e-05  -6.95348827e-04   1.31880966e-04]]
[[ 0.00084732 -0.00072508  0.00020427]]
[[ 0.00036725 -0.00062342 -0.00051172]]
[[ 0.00076618 -0.00162334 -0.00035607]]
[[ -3.21547892e-05  -1.08882524e-03  -6.07303743e-04]]
[[ -9.52482271e-05  -2.02790335e-03  -2.19544093e-04]]
[[ -5.11132485e-04  -8.95838628e-04  -8.88884588e-06]]
[[-0.00101377 -0.00082347  0.00012089]]
[[ 0.00153664 -0.0006783   0.00096088]]
[[ 0.00120992 -0.00178398 -0.00052624]]
[[-0.00134497 -0.00306682 -0.00045918]]
[[ 0.00133555 -0.00128571  0.00081003]]
[[ -6.26969648e-05  -4.70997892e-04  -4.44904557e-05]]
[[  2.72286131e-04  -6.51320280e-04   1.51849126e-05]]
[[  3.56729009e-04  -1.04954069e-03  -8.77357930e-05]]
[[  1.38971148e-03  -5.14361424e-05   6.03618475e-04]]
[[ 0.00010651 -0.00043771 -0.00043784]]
[[ 0.00035464 -0.00058823 -0.00026493]]
[[  4.76383941e-05  -2.73890991e-03  -1.47673287e-03]]
[[ 0.00149053 -0.00090853 -0.00019426]]
[[ 0.00017551 -0.00094528 -0.000291  ]]
[[-0.0002659  -0.00068664 -0.0005278 ]]
[[-0.00142455 -0.0032476  -0.00051662]]
[[ 0.00039603 -0.00179957 -0.00015108]]
[[ -8.58173398e-05  -8.85188369e-04   1.55099568e-05]]
[[-0.0005531  -0.00057272 -0.00016087]]
[[-0.00043552 -0.0008631   0.00010049]]
[[-0.00279294  0.00699515  0.0044337 ]]
[[-0.00817363  0.00788412  0.00233019]]
[[-0.00685608  0.0034809  -0.00063524]]
[[-0.00603638  0.00256124 -0.00292859]]
[[ -7.76746527e-03   3.74945620e-03  -3.76219604e-05]]
[[-0.01193654  0.00590777  0.00133722]]
[[-0.01027517  0.00795787  0.00170116]]
[[-0.00082414 -0.00109753  0.00101211]]
[[-0.0029594  0.0017276 -0.0040389]]
[[-0.00318958  0.00109999 -0.00692628]]
[[ 0.00022045  0.00115575 -0.00599913]]
[[-0.00027705 -0.00071344 -0.00563484]]
[[-0.0008281   0.00071853 -0.0050909 ]]
[[-0.00096735 -0.00027027 -0.00448273]]
[[-0.00052382  0.00096911 -0.00358542]]
[[  5.67639435e-05  -6.13431377e-04  -2.13875735e-03]]
[[-0.00345299 -0.00019054  0.00142395]]
[[-0.00599432  0.00207044 -0.00056228]]
[[-0.01211069  0.00624718  0.0018664 ]]
[[-0.00443589  0.00191687 -0.00550481]]
[[-0.00285301  0.0016035  -0.00267883]]
[[-0.0050647   0.00081612 -0.00908854]]
[[-0.00016846  0.00089963 -0.00751681]]
[[ 0.00054322  0.00228902 -0.00516235]]
[[ 0.00017369  0.00026521 -0.00518873]]
[[-0.00050502 -0.00118213 -0.00649537]]
[[ 0.0013337  -0.0018478  -0.00390645]]
[[-0.00140852  0.00145402 -0.00549778]]
[[-0.00162849  0.00066148 -0.00535636]]
[[ 0.00109412 -0.0007299  -0.00344177]]
[[-0.00163321 -0.00145975 -0.00526151]]
[[-0.00199436  0.00202783 -0.00379654]]
[[-0.00132462  0.00151606 -0.0028241 ]]
[[ 0.00210179 -0.00146058 -0.00107224]]
[[ 0.00029781 -0.00197699 -0.0031317 ]]
[[ 0.00034096  0.00030301 -0.00154337]]
[[ 0.00036237 -0.00527754 -0.00311053]]
[[  4.06449506e-03  -9.16858290e-03   4.12376912e-05]]
[[ 0.00178043 -0.00641177  0.00225884]]
[[ 0.00026845 -0.00434064  0.00349132]]
[[ -3.90024045e-05  -4.27815513e-03   5.76057454e-04]]
[[ 0.00202415 -0.00577747  0.00022682]]
[[ 0.0039582  -0.00766921 -0.00057942]]
[[-0.00411314  0.00179338  0.00086123]]
[[-0.00152779 -0.00379444  0.00357527]]
[[ -2.28042466e-05  -1.68484366e-03   5.62691020e-03]]
[[-0.0026905  -0.0011908   0.00503727]]
[[-0.0020393   0.00064353  0.00486839]]
[[-0.00072947 -0.00061162  0.00430942]]
[[ 0.00048458  0.00143111  0.00348455]]
[[ 0.0003382  -0.00032795  0.00199661]]
[[ 0.00067868  0.00172061  0.00075669]]
[[ 0.00069413 -0.00605077  0.00281488]]
[[-0.00287964 -0.00269185  0.00116863]]
[[-0.0027684  -0.00576273 -0.00022294]]
[[ 0.00020124 -0.00540612  0.00400921]]
[[-0.0026622  -0.00265982  0.00236237]]
[[ 0.00158219 -0.00223964  0.00724873]]
[[-0.0017919  -0.00132006  0.00647928]]
[[-0.00174114 -0.00185928  0.00443359]]
[[-0.00301773 -0.0010746   0.00451879]]
[[-0.00214482  0.0005681   0.00502028]]
[[-0.00299075  0.00170223  0.00408918]]
[[-0.00041949 -0.00170954  0.00448786]]
[[-0.00034247 -0.00011257  0.00465689]]
[[-0.00016813  0.00288142  0.00364567]]
[[ 0.00156464  0.00103645  0.0038671 ]]
[[ 0.00166498 -0.00178145  0.00196258]]
[[ 0.00049076 -0.00040297  0.00126417]]
[[ -7.75822591e-04   3.25328682e-03   1.16410502e-05]]
[[ 0.00082372  0.0023416   0.00200138]]
[[ 0.00023294  0.0007925  -0.00030435]]
[[-0.00302764  0.01019506 -0.00758584]]
[[ 0.00266889  0.00932758 -0.00223934]]
[[ 0.00201146  0.00579965  0.00259974]]
[[ 0.00291675  0.00474444  0.00528355]]
[[ 0.00473696  0.00539416  0.00280118]]
[[ 0.00657818  0.00739868  0.00058097]]
[[ 0.0061822   0.00860705 -0.00324643]]
[[-0.00252978  0.00546472 -0.0063624 ]]
[[ 0.00134968  0.00275646  0.00595456]]
[[ 0.0008101   0.00358666  0.00836159]]
[[-0.00169465  0.0027252   0.00780383]]
[[-0.00173838  0.00053268  0.00668536]]
[[ -7.68945934e-06  -2.76331183e-04   6.39608653e-03]]
[[ -5.64599594e-05  -2.10290176e-03   5.01657015e-03]]
[[-0.00025444 -0.00141689  0.0038732 ]]
[[-0.00086026 -0.00211888  0.00241875]]
[[-0.00180267  0.00296223 -0.00017769]]
[[ 0.00352355  0.00611421  0.0033614 ]]
[[  3.60435267e-03   1.10774073e-02  -7.67464039e-05]]
[[ 0.00088172  0.00200205  0.0062764 ]]
[[ 0.0018851   0.00276723  0.00505126]]
[[ 0.00206422  0.00348713  0.01002373]]
[[-0.00089534  0.00432999  0.00919438]]
[[-0.0023646   0.00372916  0.00615323]]
[[-0.00110073  0.00248405  0.00734932]]
[[-0.00227338  0.00073286  0.00696261]]
[[ -2.81405524e-03  -9.86675058e-05   6.94283358e-03]]
[[ -9.98691925e-05  -3.65316947e-04   4.79781199e-03]]
[[ 0.00145114 -0.00011176  0.00680581]]
[[-0.00072779 -0.00325443  0.00559307]]
[[ 0.00044119 -0.00178381  0.00551285]]
[[-0.00021422 -0.0012383   0.00358903]]
[[ 0.00086892 -0.00094958  0.00292443]]
[[-0.00174928 -0.00347715  0.00133746]]
[[-0.00109454 -0.00262583  0.00327293]]
[[-0.00113156 -0.00082356  0.00170921]]
[[ 0.00059417  0.00168735 -0.00011203]]
[[-0.00526213  0.00287766 -0.0011297 ]]
[[-0.00489359  0.00437284 -0.00181782]]
[[-0.00309029  0.00499657 -0.00340075]]
[[-0.00215703  0.00350106  0.00022778]]
[[-0.00321025  0.00272786 -0.0008629 ]]
[[-0.00525194  0.00380954 -0.00362892]]
[[ 0.00111155  0.00601013 -0.00478375]]
[[-0.00090974  0.00361309 -0.00444696]]
[[-0.00183229  0.003195   -0.0068031 ]]
[[ 0.00149116  0.00091815 -0.00630729]]
[[ 0.0013932   0.00137519 -0.00616162]]
[[ -4.64854780e-05   3.39972541e-04  -5.83336313e-03]]
[[-0.00068015  0.00184804 -0.00452677]]
[[-0.00089129 -0.00021393 -0.00321855]]
[[-0.00075985  0.00081903 -0.0020414 ]]
[[-0.00225657  0.00647241  0.00012436]]
[[ 0.00021722  0.00168478 -0.00084672]]
[[ 0.00063336 -0.00178424 -0.00021861]]
[[-0.00237654  0.00369905 -0.00743476]]
[[-0.00063956  0.00242481 -0.00359948]]
[[-0.00377715  0.0029122  -0.00865477]]
[[-0.00087348  0.00432432 -0.00418969]]
[[ 0.00156058  0.00034667 -0.00695178]]
[[ 0.00151351  0.00050526 -0.00590824]]
[[ 0.00181703  0.00177541 -0.00643262]]
[[ 0.00178348  0.00199052 -0.00573824]]
[[-0.00063582 -0.00042112 -0.00629174]]
[[-0.00082766  0.00030567 -0.00625954]]
[[-0.00067765  0.00318456 -0.00437351]]
[[-0.00140385  0.00215493 -0.00454473]]
[[-0.0018835  -0.00143562 -0.00357118]]
[[-0.00138277 -0.00037572 -0.0025356 ]]
[[-0.00059641  0.00179557 -0.00130055]]
[[-0.0006839   0.00131761 -0.00293228]]
[[-0.00011313 -0.0001465  -0.00140371]]
[[ 0.00352268  0.00090151  0.00075493]]
[[ 0.00118379 -0.0017715   0.00188947]]
[[-0.00012647 -0.00293706  0.00142779]]
[[ -6.64036655e-04  -1.99062433e-03   7.50855674e-05]]
[[-0.00085517 -0.00122239  0.00014751]]
[[-0.0005342  -0.00090769  0.00055364]]
[[ -9.90219432e-05  -9.39043313e-04   1.01255162e-03]]
[[ 0.00019764  0.00087815  0.00063878]]
[[-0.00089435 -0.0023941  -0.000764  ]]
[[-0.00010574 -0.00104361 -0.00079881]]
[[ -5.10704311e-04  -6.71303715e-05  -6.18059221e-04]]
[[ -5.71832459e-04  -2.31410002e-04   1.50586288e-05]]
[[-0.00140213 -0.00047688 -0.00021405]]
[[ -1.20342096e-03  -1.93150712e-04   3.58016653e-06]]
[[-0.00203606  0.00017609 -0.00017417]]
[[-0.00125471  0.00053376  0.00130849]]
[[ 0.00215305 -0.0062335   0.00434489]]
[[-0.00082934 -0.00086249 -0.00027873]]
[[-0.00066024 -0.00065199  0.000401  ]]
[[-0.00130869 -0.00354311 -0.00205955]]
[[-0.00130667 -0.00123766 -0.00108837]]
[[ 0.00016612 -0.00157522 -0.00062368]]
[[-0.00028237 -0.00095334 -0.00027372]]
[[ 0.00054069  0.00038412 -0.00056199]]
[[-0.00077314 -0.00029264 -0.00082107]]
[[-0.00051477 -0.00033872  0.00037985]]
[[ -5.78891299e-04  -2.59038965e-04   1.39802566e-05]]
[[-0.00155858 -0.00077918 -0.00015881]]
[[-0.00165037 -0.00012741 -0.00068424]]
[[ -1.04968705e-03  -8.38965074e-05   3.46414604e-04]]
[[-0.00100123 -0.00077532  0.00017833]]
[[-0.00154168 -0.00011135 -0.00079968]]
[[-0.00212713  0.00060683 -0.00105075]]
[[-0.00144919  0.00078082  0.00157394]]
[[-0.00063484  0.00034502  0.00085719]]
[[-0.00174608  0.00141921  0.00263397]]
[[-0.00023172  0.00013521  0.00060465]]
[[-0.00048279  0.00067138  0.00038004]]
[[-0.00062604  0.0004712   0.00017611]]
[[-0.00129576  0.00051107  0.00025302]]
[[-0.00295136  0.00052796 -0.00045014]]
[[-0.00451184  0.00081249  0.00014592]]
[[-0.00127157  0.00129971 -0.00011301]]
[[  8.24384397e-05  -9.02708319e-05   1.08433652e-03]]
[[-0.00089595  0.00034069  0.00014943]]
[[-0.00055145  0.00049305  0.00011529]]
[[-0.00089122  0.00011165  0.0002196 ]]
[[-0.00055519  0.00047558  0.00073299]]
[[-0.0004422   0.00081364  0.0008171 ]]
[[ 0.00021353  0.00178096  0.00074638]]
[[ 0.00017635  0.00113352  0.00017579]]
[[  4.94285457e-04   1.15397769e-03   7.24127760e-05]]
[[-0.00042338  0.00028129  0.00026061]]
[[-0.00416877 -0.00093122  0.0001948 ]]
[[-0.00918068 -0.00063825 -0.0002964 ]]
[[-0.00061023  0.00016657  0.00028875]]
[[-0.0011686   0.00019587  0.00027092]]
[[-0.00040603  0.0003575   0.00013323]]
[[ -8.58863127e-05   7.32976013e-04  -5.63775388e-04]]
[[-0.00051086  0.00014897  0.00038194]]
[[-0.00106303 -0.00053593  0.00026989]]
[[-0.00028237  0.00033128  0.00057646]]
[[-0.00074404  0.00064026  0.00124504]]
[[-0.00026937  0.00074005  0.00053133]]
[[-0.0006543   0.00077931  0.00090652]]
[[ 0.00115842  0.00277612  0.00153997]]
[[ 0.00051511  0.00078595  0.00076606]]
[[  6.10943929e-05   1.00697886e-03   2.12108015e-04]]
[[ -1.21893644e-06   1.17781834e-03   5.22193049e-05]]
[[  1.17071498e-03   1.80794927e-03  -2.47406858e-05]]
[[ 0.00063814  0.00061261  0.00025713]]
[[ 0.00027807  0.00077121 -0.00027075]]
[[-0.00126852  0.0016015  -0.00300822]]
[[-0.00048051  0.00564725 -0.00140495]]
[[-0.00120761  0.00412668  0.00105261]]
[[ 0.00016977  0.00373798  0.00199169]]
[[ 0.00252809  0.00344619  0.00191664]]
[[ 0.00425044  0.00418261 -0.00046943]]
[[ 0.00229655  0.00594414 -0.00388189]]
[[-0.00150038 -0.0006134  -0.00455371]]
[[-0.00021353  0.0019602   0.00192798]]
[[-0.00114055  0.00177912  0.00180716]]
[[-0.0009449   0.00040257  0.00157086]]
[[-0.00085405 -0.0006155   0.00089251]]
[[-0.00069556 -0.00010606  0.00066036]]
[[-0.00062763 -0.00042851  0.00076804]]
[[-0.00092803 -0.00045432  0.00056264]]
[[-0.00092236 -0.00107372  0.00015019]]
[[-0.00199603  0.00266562  0.00087175]]
[[ 0.00254566  0.00179009  0.00186651]]
[[ 0.00406441  0.00183172 -0.00116541]]
[[-0.00038491  0.00184823  0.00110341]]
[[ 0.00023663  0.00134348  0.00163098]]
[[-0.00167497  0.00123855  0.00183377]]
[[-0.00204222  0.00248241  0.00404576]]
[[-0.0006584   0.00058355  0.00103828]]
[[-0.00060714  0.0003698   0.00125317]]
[[-0.00065392 -0.00045981  0.00072955]]
[[ -1.53348520e-03  -1.26200875e-03   4.47556156e-05]]
[[ -5.40564537e-04  -2.21187776e-05   6.33690671e-04]]
[[ -6.75862164e-04   3.15889559e-05   5.80625482e-04]]
[[-0.00140075 -0.00056216  0.00070003]]
[[-0.00049629 -0.00018665  0.00110146]]
[[-0.00054613 -0.0003915   0.00045299]]
[[-0.00083988 -0.00015988  0.00031527]]
[[-0.00203393 -0.00163102 -0.0002194 ]]
[[-0.00095923 -0.00135369  0.00031017]]
[[-0.00065334 -0.00073297 -0.00011726]]
[[-0.0013638  -0.00081537 -0.00332303]]
[[-0.00256254 -0.00266225 -0.00096536]]
[[-0.00167566 -0.00135406  0.00074225]]
[[-0.00055268 -0.00115213  0.0008334 ]]
[[ 0.00018795 -0.00176333  0.0012284 ]]
[[ -9.27708884e-05  -2.72482279e-03   1.42404068e-05]]
[[-0.00156247 -0.00336819 -0.00218078]]
[[-0.00029494  0.00149413 -0.00583218]]
[[-0.00014077 -0.00177564  0.00063569]]
[[-0.00068395 -0.00067614  0.00048578]]
[[-0.00011402 -0.0007058   0.0005874 ]]
[[ -5.26010174e-04  -6.03076751e-04   8.55272558e-05]]
[[-0.00044699 -0.00157765  0.00026576]]
[[-0.00115847 -0.00108707  0.00033893]]
[[-0.00200059 -0.00202284  0.00069478]]
[[-0.00189677 -0.00077047  0.00224922]]
[[-0.00165712 -0.00071868  0.00048246]]
[[ 0.00092537 -0.00063814  0.00103327]]
[[ 0.00063298 -0.00170139 -0.00032128]]
[[-0.0019993  -0.00302618 -0.0001741 ]]
[[ 0.00048761 -0.00124875  0.00090699]]
[[-0.00078222 -0.00044601  0.00030023]]
[[-0.00039566 -0.00060083  0.0003728 ]]
[[-0.00045991 -0.00099437  0.00036009]]
[[  2.97421586e-04  -1.63243209e-05   8.02016854e-04]]
[[-0.00073313 -0.00038667  0.00013175]]
[[-0.00047566 -0.0005495   0.00032563]]
[[-0.00099313 -0.00261222 -0.0007711 ]]
[[  9.04681808e-05  -8.93717193e-04   1.86417460e-04]]
[[-0.00087961 -0.00093231  0.00067293]]
[[-0.00125611 -0.00061898  0.00041409]]
[[-0.00289336 -0.0029801   0.00047994]]
[[-0.00143996 -0.00197052 -0.00014271]]
[[-0.0015515  -0.00086248  0.00190411]]
[[-0.00140138 -0.00051948  0.0014783 ]]
[[-0.00233789 -0.00103633  0.00375498]]
[[ 0.00417043  0.0054444   0.00330276]]
[[ 0.00124872  0.00585623  0.00246701]]
[[ 0.00121805  0.00311552 -0.00060521]]
[[-0.00012691  0.0034422  -0.00316977]]
[[-0.0012323   0.00371262 -0.00195047]]
[[-0.00143094  0.00454434  0.00050247]]
[[-0.00224377  0.0062014   0.00479066]]
[[ 0.00071493  0.00319069  0.00456175]]
[[-0.00012754  0.00137235 -0.00384898]]
[[ 0.00123753  0.00260494 -0.00436025]]
[[ 0.00173034  0.00189561 -0.00414016]]
[[ 0.0013386  0.0001704 -0.0037229]]
[[ 0.00098434 -0.00052016 -0.0037241 ]]
[[ 0.00064847 -0.00202982 -0.00359756]]
[[ 0.00109688 -0.00161935 -0.0027824 ]]
[[ 0.00130274 -0.00211606 -0.00180205]]
[[ 0.0042    -0.0011166  0.0023298]]
[[-0.00012637  0.0038403  -0.00287503]]
[[ 0.00298098  0.00391968  0.00167276]]
[[-0.00034188  0.00052781 -0.00425557]]
[[-0.00067089  0.00155331 -0.00385574]]
[[ 0.00167189  0.00161472 -0.00445983]]
[[ 0.00159346  0.00374117 -0.00567586]]
[[ 0.00223014  0.00271925 -0.00322708]]
[[ 0.00126162  0.00179573 -0.00375328]]
[[ 0.00088292  0.00046373 -0.00339613]]
[[ 0.00229883 -0.00034083 -0.00384616]]
[[ 0.00042721 -0.0004786  -0.00280213]]
[[ 0.00083889 -0.00042149 -0.00369628]]
[[ 0.00061818 -0.00298741 -0.00452042]]
[[ 0.00047104 -0.00115303 -0.00402429]]
[[ 0.0008476  -0.00150957 -0.00269694]]
[[ 0.00070788 -0.00131174 -0.00209493]]
[[ 0.00156763 -0.0033567  -0.00114451]]
[[ 0.00155489 -0.00192561 -0.00208921]]
[[ 0.00124262 -0.00102885 -0.0012551 ]]
[[-0.00397148  0.00161691  0.00357958]]
[[-0.00034498  0.00274433  0.0005501 ]]
[[ -9.21403826e-05   4.68817286e-03  -4.31723319e-04]]
[[-0.00123728  0.0038878   0.00117939]]
[[-0.00288361  0.00235328 -0.00051676]]
[[-0.00419102  0.00153305  0.00051922]]
[[-0.00036826  0.00172331  0.00194111]]
[[-0.00099319  0.00328834  0.00639878]]
[[-0.00151408  0.0035423   0.00217721]]
[[-0.00160016  0.00273018  0.00253443]]
[[-0.00251291  0.00092331  0.00246802]]
[[-0.0018067   0.00110728  0.00299461]]
[[-0.00147811  0.00023287  0.00302027]]
[[-0.00037559  0.001425    0.00291981]]
[[-0.0002843  -0.00061611  0.00190815]]
[[  4.00327369e-05   1.66200927e-04   1.19261273e-03]]
[[-0.00258593  0.00879025 -0.00272767]]
[[-0.00476406  0.00165916  0.00067976]]
[[-0.00929469  0.00085417  0.00023847]]
[[ 0.00091543  0.00388571  0.00497597]]
[[-0.00184949  0.00225804  0.00220778]]
[[-0.00159656  0.00321302  0.00254401]]
[[-0.00093773  0.00309488  0.00104281]]
[[-0.00269155  0.00047563  0.00332823]]
[[-0.00278267  0.00078267  0.00218801]]
[[-0.00132277  0.00115512  0.00238695]]
[[-0.001765    0.00149396  0.00296166]]
[[-0.00029281 -0.00068867  0.00410567]]
[[-0.00210482  0.00039496  0.00306175]]
[[ 0.00039743  0.00256762  0.00302221]]
[[ -2.89821046e-05   1.22339560e-03   2.73083628e-03]]
[[ 0.00094067 -0.00196841  0.00269467]]
[[-0.00062291 -0.00060926  0.00148096]]
[[ 0.00055506  0.00079742  0.00070894]]
[[ -6.98983401e-05   7.05078471e-06   1.39675061e-03]]
[[-0.00018016 -0.00061836  0.00078745]]
[[-0.0013285   0.00348911 -0.00253523]]
[[-0.00063177  0.00739443 -0.00074258]]
[[-0.0016312   0.00571534  0.00175434]]
[[-0.00015103  0.00542889  0.00277491]]
[[ 0.00228311  0.00523936  0.00242963]]
[[  4.13431435e-03   6.03796505e-03   1.96317790e-06]]
[[ 0.00230748  0.00781942 -0.00343699]]
[[-0.00134947  0.00148006 -0.00427905]]
[[-0.00044361  0.00355378  0.0026775 ]]
[[-0.00151934  0.00350831  0.00271279]]
[[-0.00134717  0.00159376  0.00264294]]
[[-0.00135459  0.0004803   0.0019973 ]]
[[-0.00116249  0.00057471  0.00183505]]
[[ -1.15528434e-03  -4.14140291e-05   1.80349763e-03]]
[[-0.00138303 -0.00025642  0.00152019]]
[[-0.00136404 -0.00117052  0.00090639]]
[[-0.00250782  0.00422388  0.00153709]]
[[ 0.00248124  0.00381751  0.00227329]]
[[ 0.00415902  0.00397842 -0.00083656]]
[[-0.00057576  0.00360298  0.00176484]]
[[  9.11421368e-06   2.79274830e-03   2.35995058e-03]]
[[-0.00212606  0.00256161  0.00266092]]
[[-0.00257105  0.00477247  0.00514064]]
[[-0.00101634  0.00190905  0.00187766]]
[[-0.00094951  0.00139986  0.00229009]]
[[-0.00122294  0.0004403   0.00178882]]
[[-0.00216124  0.00016147  0.00139574]]
[[-0.00096824  0.00075252  0.00150807]]
[[-0.00102901  0.00055224  0.00167392]]
[[-0.0020395  -0.00012288  0.00197788]]
[[-0.00106703  0.00017018  0.00211433]]
[[-0.00093168 -0.00010384  0.00116606]]
[[ -1.17107312e-03  -4.82686028e-05   1.15319121e-03]]
[[-0.00255165 -0.00192391  0.00060661]]
[[-0.00143663 -0.00143473  0.00100448]]
[[-0.00101611 -0.00074135  0.00064025]]
[[-0.00074257  0.00192063 -0.00323471]]
[[-0.00199016 -0.00011073 -0.00134992]]
[[-0.00103697  0.00106646 -0.00016002]]
[[ 0.0001445   0.00112597 -0.00045304]]
[[ 0.00050927  0.00031516  0.00047541]]
[[ -4.85761450e-06  -6.00184440e-04  -2.91626554e-04]]
[[-0.00129792 -0.00107401 -0.0022737 ]]
[[ -5.42927917e-05   3.60979045e-03  -5.45164045e-03]]
[[ 0.0009511   0.00061589 -0.00086204]]
[[ 0.00056395  0.00101343 -0.00125947]]
[[ 0.00138042  0.00064403 -0.00130692]]
[[ 0.00101367  0.00027567 -0.00193777]]
[[ 0.00131109 -0.00118493 -0.00172422]]
[[ 0.00057739 -0.00084234 -0.00174883]]
[[ 0.00042026 -0.00221859 -0.00117372]]
[[ -3.60120255e-05  -1.03526750e-03  -7.48229461e-04]]
[[-0.00072704  0.00209655 -0.00076335]]
[[ 0.00125182  0.00142181  0.00016646]]
[[ 0.00062943  0.00039855 -0.00034685]]
[[ -7.59108476e-04   2.11841021e-05  -2.16161941e-03]]
[[ 0.00143148  0.00064727 -0.00058578]]
[[ 0.00039332  0.00110061 -0.00141524]]
[[ 0.00061409  0.00121692 -0.00099858]]
[[ 0.00103842  0.00065406 -0.00196354]]
[[ 0.00171284  0.00100067 -0.00095438]]
[[ 0.00069177  0.00038168 -0.00181223]]
[[ 0.00083628  0.00046299 -0.00137017]]
[[ 0.00072814 -0.00226562 -0.00311823]]
[[ 0.00189882 -0.00056608 -0.00153971]]
[[ 0.00064194 -0.00057883 -0.0012105 ]]
[[ 0.00032013 -0.00050209 -0.00162109]]
[[-0.00083049 -0.00366026 -0.00155495]]
[[ 0.0008196  -0.00189165 -0.00099554]]
[[ 0.00030627 -0.00093451 -0.00056555]]
[[ -6.46040742e-05  -7.53578603e-04  -8.00981900e-04]]
[[ -2.82022061e-05  -1.21195857e-03  -6.57396093e-04]]
[[ 0.00481241  0.00198619 -0.00628111]]
[[ 0.00082518  0.00064531 -0.00294847]]
[[ 0.00056769 -0.00137423 -0.00076345]]
[[ 0.00163199 -0.00097022 -0.00146969]]
[[ 0.00347514  0.00035443  0.00034949]]
[[ 0.00338496  0.00137734 -0.00224687]]
[[ 0.00057689  0.00119251 -0.00587836]]
[[ 0.00342901 -0.00056806 -0.010201  ]]
[[ 0.00216298 -0.0003394  -0.00181955]]
[[ 0.00151262 -0.00064223 -0.0024385 ]]
[[ 0.00203439  0.00085284 -0.00245262]]
[[  7.99427962e-04   2.86689009e-05  -3.02676332e-03]]
[[-0.000599    0.00032651 -0.00324798]]
[[-0.00129523 -0.00099544 -0.00245292]]
[[-0.00157386  0.0005555  -0.00144126]]
[[-0.00138437 -0.00018662 -0.00046108]]
[[ 0.0028627  -0.0049904   0.00220544]]
[[  5.80462121e-03   5.75150562e-04   5.39455678e-05]]
[[ 0.00774011  0.00389503 -0.00269113]]
[[-0.00099031  0.00031398 -0.0043372 ]]
[[ 0.00313572  0.00064468 -0.00105545]]
[[ 0.001314   -0.00127869 -0.00235259]]
[[ 0.00114847 -0.00094358 -0.00120048]]
[[ 0.00204296  0.00169557 -0.002822  ]]
[[ 0.00278322  0.00083406 -0.0027734 ]]
[[ 0.00020349 -0.00017395 -0.00221584]]
[[ 0.00103161 -0.0002139  -0.0031715 ]]
[[-0.00133711  0.00106606 -0.00357305]]
[[-0.00091178  0.00017426 -0.00387472]]
[[-0.00171637 -0.00200471 -0.00272798]]
[[-0.00153351 -0.00097145 -0.00241243]]
[[-0.00254941  0.00155653 -0.00192335]]
[[-0.00182606  0.00065456 -0.0010113 ]]
[[-0.00169696 -0.00072874 -0.00012158]]
[[-0.00124753 -0.00010944 -0.00101583]]
[[-0.00088534  0.00038457  0.00014361]]
[[ 0.00247045 -0.00655822 -0.01040532]]
[[ 0.0058196  -0.00528617 -0.0053353 ]]
[[ 0.00570572 -0.00224931  0.00023695]]
[[ 0.00491806 -0.00151626  0.00379003]]
[[ 0.00483453 -0.00122898  0.00135828]]
[[ 0.00479747 -0.00188274 -0.00200239]]
[[ 0.00657878 -0.00362751 -0.00771823]]
[[ 0.00187218 -0.00067122 -0.01007841]]
[[  3.63886552e-03   8.64502427e-06   4.88910322e-03]]
[[ 0.00382425 -0.00033844  0.00750758]]
[[ 0.00030835 -0.00064507  0.00648292]]
[[ 0.00046689  0.00150355  0.00612456]]
[[ 0.00010363  0.00137926  0.00556086]]
[[ 0.0006709   0.0029305   0.00555168]]
[[ 0.00029186  0.00197177  0.00475252]]
[[-0.00015688  0.00227022  0.00310978]]
[[ 0.00284134  0.00038407 -0.00167567]]
[[ 0.00262201 -0.00131983  0.00308803]]
[[-0.00047822 -0.00087431 -0.00340807]]
[[ 0.00300127  0.00082823  0.00523717]]
[[ 0.00391095  0.00018906  0.00489826]]
[[ 0.00595643 -0.00091843  0.00973626]]
[[  1.79494617e-03   3.27303160e-05   7.55405289e-03]]
[[-0.00052331 -0.00153345  0.0052431 ]]
[[ 0.00104086 -0.00043346  0.00553402]]
[[ 0.00081557  0.00119978  0.00742916]]
[[-0.0011853   0.00285531  0.00547917]]
[[ 0.00041502  0.00139795  0.00460983]]
[[ 0.00045261  0.00117139  0.00547944]]
[[  8.56214331e-05   4.28701052e-03   5.63746321e-03]]
[[ 0.00159881  0.00249126  0.00640902]]
[[  8.51521463e-05   2.09099587e-03   4.59604620e-03]]
[[ 0.00062591  0.00141644  0.00492865]]
[[-0.00081554  0.00355537  0.00178175]]
[[-0.00050364  0.0027886   0.00393812]]
[[  4.46593776e-05   3.68395665e-04   1.87547517e-03]]
[[ 0.00488576  0.00790425 -0.01136531]]
[[ 0.0079104   0.01014235 -0.00387494]]
[[ 0.00703094  0.00719646  0.00190169]]
[[ 0.00685781  0.00564247  0.0045607 ]]
[[ 0.00872689  0.00430594  0.00307439]]
[[ 0.0106843   0.00516421 -0.00090006]]
[[ 0.00926005  0.00834602 -0.00621763]]
[[ 0.00176441  0.00300163 -0.01124965]]
[[ 0.0051772   0.00417407  0.00506147]]
[[ 0.00535811  0.0040454   0.00781505]]
[[ 0.00195562  0.00224279  0.00715483]]
[[ 0.00122447  0.00105814  0.00668272]]
[[ 0.00044687  0.00104824  0.00604959]]
[[  5.42194608e-04   9.79251612e-05   6.03691759e-03]]
[[  3.13029554e-04  -8.28136330e-05   5.73324848e-03]]
[[ 0.0003619  -0.00129864  0.00452336]]
[[ 0.00605645  0.00706863  0.0024577 ]]
[[ 0.00802975  0.00232705  0.00382122]]
[[ 0.01015675  0.00222657 -0.00218528]]
[[ 0.00344739  0.00430441  0.00382136]]
[[ 0.00557551  0.00230092  0.00485342]]
[[ 0.00737964  0.00451725  0.01011607]]
[[ 0.00293108  0.00466273  0.00928831]]
[[ 0.00137406  0.00267567  0.00546171]]
[[ 0.00301545  0.00122067  0.00614218]]
[[ 0.00098249  0.00116369  0.00830203]]
[[ -6.46235799e-05   5.37865456e-04   6.05093477e-03]]
[[  4.01051189e-05   1.20823480e-03   4.98622462e-03]]
[[ 0.00117082  0.00057228  0.00567393]]
[[-0.00112581 -0.00023844  0.00580093]]
[[  1.50006979e-03  -4.88676652e-05   6.79714618e-03]]
[[  1.16422007e-04  -6.15233716e-05   4.66494810e-03]]
[[  7.35544399e-04  -4.41398381e-05   6.13543156e-03]]
[[-0.00130349 -0.00243192  0.0040332 ]]
[[ 0.00053593 -0.00196635  0.0050435 ]]
[[  6.81007966e-04  -2.12479282e-05   3.68423253e-03]]
[[ 0.00308698  0.00115169 -0.00677236]]
[[ 0.00019622  0.00010548 -0.00537204]]
[[ 0.00108538  0.00057086 -0.00338341]]
[[ 0.00077731  0.00162829 -0.00276177]]
[[-0.00059033  0.00093368 -0.00166414]]
[[ -3.19068641e-03   6.40789682e-05  -3.53439611e-03]]
[[-0.00134196  0.00020552 -0.00828629]]
[[ 0.00455339  0.00453409 -0.00993007]]
[[ 0.00196424  0.00037125 -0.00261838]]
[[ 0.00121064  0.00059856 -0.00297698]]
[[  1.21873403e-03  -3.31928565e-05  -3.14248630e-03]]
[[ 0.00037287 -0.00012204 -0.00340873]]
[[-0.00091763 -0.00136257 -0.00326862]]
[[-0.00111244 -0.00090194 -0.00210767]]
[[-0.00170341 -0.00187148 -0.00140216]]
[[-0.00147915 -0.00078864 -0.0004544 ]]
[[ 0.00172694  0.00044959 -0.00296864]]
[[-0.00030049  0.00172451 -0.00089435]]
[[-0.00436028 -0.00188611 -0.00390089]]
[[ 0.00090018 -0.00050927 -0.00421978]]
[[ 0.00230178  0.00046838 -0.00163135]]
[[ 0.00083405  0.00053531 -0.00286228]]
[[ 0.00111577  0.00083981 -0.00254063]]
[[ 0.00112864 -0.00028598 -0.00364185]]
[[ 0.00172451  0.00036299 -0.00359578]]
[[ -8.62088117e-05   1.25558436e-05  -2.92952749e-03]]
[[  2.61291804e-04   6.65095042e-05  -2.78684417e-03]]
[[-0.00086027 -0.00225461 -0.00384427]]
[[-0.00161096 -0.00073818 -0.00380417]]
[[-0.00077821 -0.00067717 -0.0016745 ]]
[[-0.00123016 -0.00045635 -0.002098  ]]
[[-0.00255056 -0.00286597 -0.00132914]]
[[-0.00220661 -0.00162427 -0.00119654]]
[[-0.00096922 -0.00069424 -0.0003684 ]]
[[-0.00146863 -0.00044432 -0.00084993]]
[[-0.00118553 -0.00080838 -0.00014696]]
