[[-0.00481148  0.00560938  0.00893378]]
[[-0.00795797  0.00075742  0.0044709 ]]
[[-0.00904988 -0.00136599  0.00069285]]
[[-0.00725377 -0.00156604 -0.00234102]]
[[-0.00634959 -0.00161535 -0.00049527]]
[[-0.00595865 -0.00130131  0.0013063 ]]
[[-0.0066235  -0.00067744  0.00368693]]
[[-0.00382022  0.00188878  0.00737487]]
[[-0.00581812 -0.00150669 -0.00372308]]
[[-0.00658575 -0.00070553 -0.00692866]]
[[-0.00271964  0.0004921  -0.00612202]]
[[-0.00231391 -0.00012976 -0.00615516]]
[[-0.00128794 -0.00014182 -0.00577479]]
[[-0.00103678 -0.0002729  -0.00583737]]
[[-0.00083354  0.00029241 -0.00582926]]
[[-0.00020843  0.00065915 -0.00484826]]
[[-0.0068749  -0.00297332  0.00249448]]
[[-0.00533101 -0.00127067 -0.00176321]]
[[-0.00547029 -0.00127898  0.00163105]]
[[-0.00499406 -0.00244365 -0.00474139]]
[[-0.00600648 -0.00122172 -0.0039818 ]]
[[-0.00938177  0.00010161 -0.00936074]]
[[-0.00464476 -0.00147892 -0.00517373]]
[[-0.00118023  0.00117141 -0.00524655]]
[[-0.0034782 -0.0002941 -0.0053677]]
[[-0.00236067 -0.00032187 -0.00803477]]
[[-0.00125128 -0.00062014 -0.00559884]]
[[-0.00122649 -0.00035331 -0.00515132]]
[[ -1.97409739e-03  -8.57976187e-05  -5.55325053e-03]]
[[ -7.33531682e-05  -4.53369120e-04  -4.91792903e-03]]
[[-0.00168654 -0.00127606 -0.00640978]]
[[-0.00033509  0.00012821 -0.0059392 ]]
[[-0.00131111  0.00055744 -0.00632912]]
[[ 0.00021826  0.00057857 -0.00348809]]
[[  1.15390248e-05  -4.03671815e-04  -5.07850753e-03]]
[[-0.00025985  0.00220911 -0.00450842]]
[[-0.00312161  0.0004487   0.00380807]]
[[-0.00235569  0.0011132   0.00429854]]
[[-0.00211272  0.00076449  0.0034507 ]]
[[-0.00237087  0.00119321  0.00314626]]
[[-0.00339123  0.00138015  0.0021258 ]]
[[-0.00349612  0.00156201  0.00373736]]
[[-0.00218759  0.00221017  0.00560511]]
[[-0.00416805  0.00054894  0.00521621]]
[[-0.00235675  0.00090297  0.00254352]]
[[-0.00145577  0.00119177  0.00279292]]
[[-0.00107756  0.00061468  0.00315175]]
[[-0.00037058  0.00096665  0.00333408]]
[[ 0.0013067   0.00124658  0.00348479]]
[[ 0.00135673  0.0020906   0.00211155]]
[[ 0.00179693  0.00141319  0.00124769]]
[[ 0.00150465  0.00136059  0.00044862]]
[[-0.00217593  0.0004681   0.00285077]]
[[-0.00471129  0.00059194  0.00188612]]
[[-0.00699994 -0.00154042  0.00386542]]
[[-0.00185903  0.00068958  0.00290746]]
[[-0.00285957  0.00046397  0.00212985]]
[[-0.00100337  0.00091849  0.00256983]]
[[-0.0009241   0.00165566  0.00184425]]
[[-0.00091855  0.00076226  0.00324406]]
[[-0.00128546 -0.00029207  0.00406929]]
[[  9.87842844e-05   7.51681051e-04   2.82967281e-03]]
[[-0.00052159  0.0012854   0.00360631]]
[[ 0.00067169  0.00151462  0.0026335 ]]
[[ 0.0024841   0.0010614   0.00424938]]
[[ 0.0021879   0.00319603  0.00281177]]
[[ 0.00156414  0.00109486  0.00221773]]
[[ 0.00121284  0.0015417   0.00097083]]
[[ 0.00256441  0.00142259  0.0010051 ]]
[[ 0.00212013  0.0021355   0.0002873 ]]
[[ 0.00160973  0.00081359  0.00089033]]
[[ 0.00105805  0.00091176 -0.00011235]]
[[-0.00193986  0.0043422   0.00371017]]
[[ 0.00072631  0.01002186  0.00332187]]
[[-0.00104825  0.00704466  0.00325132]]
[[-0.00087762  0.0065782   0.0036932 ]]
[[ 0.00027418  0.00787901  0.00213482]]
[[ 0.00230554  0.0105588   0.00276392]]
[[ 0.00314767  0.01146378  0.00308862]]
[[-0.00397394  0.00044684  0.0058477 ]]
[[-0.00201811  0.0053194   0.00326613]]
[[-0.00212536  0.0037003   0.00378563]]
[[-0.00268284  0.00207233  0.00393397]]
[[-0.00147731  0.00025369  0.00430647]]
[[-0.00021663  0.00114344  0.00409942]]
[[ 0.00072425 -0.00067354  0.00319142]]
[[ 0.0008399   0.00078102  0.00177594]]
[[ 0.00097708 -0.00102094  0.00041912]]
[[-0.00204988  0.00485896  0.00288542]]
[[-0.00104379  0.00705303  0.00173975]]
[[-0.00105883  0.01310364  0.00298357]]
[[ 0.00042264  0.00677146  0.00337852]]
[[-0.00242651  0.00470702  0.00184759]]
[[-0.00233151  0.00246664  0.0038758 ]]
[[-0.00344058  0.00452246  0.00566877]]
[[-0.00148895  0.00262071  0.00351323]]
[[-0.00317485  0.00210712  0.00391078]]
[[-0.00064812  0.00020873  0.00361499]]
[[-0.00250048 -0.00051023  0.00379701]]
[[ 0.00010371  0.00224939  0.00421128]]
[[ 0.00012806  0.00052195  0.00454562]]
[[ 0.0005506  -0.00188632  0.00359948]]
[[  1.22725342e-03   4.68258178e-05   3.56361824e-03]]
[[ 0.00200663  0.00205865  0.00163908]]
[[ 0.00112411  0.00073279  0.00118653]]
[[ -1.46981654e-05  -2.17654256e-03  -6.57791420e-05]]
[[ 0.00103728 -0.00114601  0.00116107]]
[[ 0.00075728 -0.00036567 -0.00046184]]
[[-0.00246289  0.00011797  0.00748593]]
[[-0.0080458  -0.0046439   0.00422168]]
[[-0.00811258 -0.00028657  0.00020605]]
[[-0.00635634 -0.00076582 -0.00352085]]
[[-0.00716319 -0.00183513 -0.00110125]]
[[-0.00889521 -0.00372846  0.00164409]]
[[-0.00882009 -0.00578859  0.00491168]]
[[-0.00084771  0.00498722  0.00528789]]
[[-0.00401229  0.00064747 -0.00496366]]
[[-0.00358806  0.00103854 -0.00753252]]
[[  9.53422227e-05   1.13141545e-03  -6.70370249e-03]]
[[ 0.00061735  0.00216055 -0.00597269]]
[[ 0.00070239  0.00035778 -0.00539867]]
[[ 0.0001448   0.00097683 -0.00547478]]
[[-0.00010579 -0.00046746 -0.00502492]]
[[ 0.00013652  0.00075724 -0.00332229]]
[[-0.00535556  0.00509668  0.0016971 ]]
[[-0.00548181  0.00035272 -0.00236105]]
[[-0.00758433 -0.00061055  0.00241197]]
[[-0.00614833  0.00093985 -0.0063079 ]]
[[-0.00416466  0.00031977 -0.00452452]]
[[-0.00498806  0.00195665 -0.00973596]]
[[-0.00059247  0.00116965 -0.00797948]]
[[ -1.18658253e-05   6.63375070e-04  -6.54572477e-03]]
[[-0.00066806  0.0014022  -0.00536276]]
[[ 0.00092828  0.00264277 -0.00680544]]
[[ 0.00180188  0.00332089 -0.00421875]]
[[-0.00029661 -0.0002904  -0.00654548]]
[[ 0.00070267  0.00024685 -0.0052583 ]]
[[ 0.00173821  0.00150325 -0.00419906]]
[[-0.00072574  0.00199337 -0.00572829]]
[[-0.00135973 -0.00127412 -0.00530457]]
[[-0.0001669  -0.0011186  -0.00550006]]
[[ 0.0019208   0.00152068 -0.00197233]]
[[ 0.00043468  0.00217232 -0.00398514]]
[[-0.00027252 -0.00079539 -0.00237379]]
[[ 0.00421267 -0.0017643   0.00098104]]
[[ 0.0017123  -0.00427213  0.00166924]]
[[ 0.00048896 -0.00526234  0.00071013]]
[[ -7.82982975e-05  -4.15304355e-03  -9.19053387e-04]]
[[-0.00063344 -0.0031738  -0.00038268]]
[[-0.00055985 -0.00292813  0.00042488]]
[[  7.69909344e-05  -3.14602702e-03   1.07744725e-03]]
[[ 0.00041137 -0.00121081  0.00117622]]
[[  8.65404666e-05  -4.69096838e-03  -1.94829475e-03]]
[[ 0.00111303 -0.00266609 -0.00215258]]
[[ 0.00099847 -0.00140955 -0.00207828]]
[[ 0.00106809 -0.00114195 -0.00153201]]
[[ 0.00060005 -0.00098045 -0.0016689 ]]
[[ 0.00085423 -0.00064707 -0.00155781]]
[[ 0.0008419  -0.00015354 -0.00153105]]
[[ 0.00112906  0.00021732 -0.00122776]]
[[ 0.0031152  -0.00889331  0.00328737]]
[[-0.0006044  -0.00277247 -0.00091674]]
[[-0.0007986  -0.00262196  0.00052466]]
[[-0.0001764  -0.0065189  -0.00369404]]
[[-0.0005103  -0.00301311 -0.00223996]]
[[ 0.00137299 -0.00303804 -0.00197729]]
[[ 0.00068853 -0.00269635 -0.00132736]]
[[ 0.00199842 -0.00126413 -0.00243466]]
[[ 0.00064635 -0.00128156 -0.00205882]]
[[ 0.0011035  -0.00111528 -0.00115194]]
[[ 0.000819   -0.00129479 -0.00129535]]
[[ 0.00031259 -0.00122361 -0.0019457 ]]
[[ 0.00043584 -0.00054868 -0.00174144]]
[[ 0.00075535 -0.00063334 -0.00119442]]
[[ 0.00100482 -0.00099886 -0.00139563]]
[[  8.56666418e-04  -7.03858726e-05  -2.01745945e-03]]
[[  6.29388494e-04   2.73853136e-05  -1.31151830e-03]]
[[ 0.00082749  0.00026566 -0.00083303]]
[[ 0.00139113  0.00017543 -0.0010282 ]]
[[ 0.00102995  0.000681   -0.00133104]]
[[-0.0004226  -0.00160035  0.00122566]]
[[-0.00074059 -0.00096456  0.0012147 ]]
[[-0.00114463 -0.00096263  0.00103216]]
[[-0.00169148 -0.00099966  0.00117813]]
[[-0.00318743 -0.00112347  0.00026394]]
[[-0.00457278 -0.0009555   0.00079104]]
[[-0.00128457 -0.00052577  0.00052441]]
[[ 0.00014133 -0.00210391  0.0015162 ]]
[[-0.00123262 -0.00096943  0.00100137]]
[[-0.00105631 -0.00087975  0.0010792 ]]
[[-0.00140656 -0.00070175  0.00131213]]
[[-0.00115071 -0.00012825  0.00177926]]
[[-0.00095295  0.00053849  0.00186769]]
[[-0.00031926  0.00185387  0.00161092]]
[[-0.0002543   0.00128507  0.00091679]]
[[ 0.00010375  0.00157316  0.00059111]]
[[-0.00105489 -0.00106021  0.00103935]]
[[-0.00420571 -0.00271641  0.00078266]]
[[-0.00896005 -0.00263433  0.00018156]]
[[-0.00087388 -0.00126389  0.00100563]]
[[-0.00147716 -0.00100986  0.00107851]]
[[-0.00100637 -0.00065283  0.00104028]]
[[-0.0007491 -0.0011304  0.0006709]]
[[-0.00093097 -0.00076161  0.00122432]]
[[-0.00150213 -0.00124747  0.00130513]]
[[-0.00094291 -0.00014937  0.0015752 ]]
[[-0.0014736 -0.0001409  0.002568 ]]
[[-0.00070309  0.00040173  0.00131883]]
[[-0.00106317  0.0005976   0.00187662]]
[[ 0.00054131  0.00293935  0.00262015]]
[[ -3.79015780e-05   8.15026344e-04   1.60245337e-03]]
[[-0.00028271  0.00110281  0.00077469]]
[[-0.00033825  0.00135719  0.00069113]]
[[ 0.0007307   0.00252845  0.00056004]]
[[ 0.00022427  0.00097151  0.00074933]]
[[ -3.39595889e-05   1.06974327e-03   1.66831111e-04]]
[[-0.00027585  0.00042795 -0.00036249]]
[[ 0.00383975  0.00517361 -0.00081368]]
[[ 0.00348189  0.00061804  0.00113581]]
[[ 0.00354282  0.00161339  0.00402744]]
[[ 0.00562679  0.00278854  0.00247173]]
[[ 0.00812426  0.00481768  0.00010189]]
[[ 0.00741201  0.00767617 -0.0018178 ]]
[[ 0.00203953 -0.00152524 -0.00049736]]
[[  1.95954292e-03  -5.29782521e-05   5.04117168e-03]]
[[ 0.000429    0.00052456  0.00598906]]
[[ -9.43597564e-04  -1.52604281e-05   5.75456709e-03]]
[[-0.00102702 -0.00065787  0.00533394]]
[[-0.00125665  0.00092455  0.00490697]]
[[-0.00107455  0.00022385  0.00460158]]
[[-0.00116367  0.00170844  0.00370725]]
[[-0.00124454  0.00015313  0.00236792]]
[[ 0.00062762 -0.00588593 -0.00122166]]
[[ 0.004652    0.00019751  0.0031393 ]]
[[ 0.00735836  0.00155476 -0.00099502]]
[[ 0.00423904 -0.00040426  0.00651532]]
[[ 0.00240943  0.00029158  0.00461534]]
[[  4.01023235e-06  -1.49980076e-03   6.48434107e-03]]
[[-0.00096517  0.00147369  0.00728301]]
[[-0.0009267   0.00052484  0.0059519 ]]
[[-0.00036309 -0.00046986  0.004857  ]]
[[-0.00067183 -0.00109474  0.00528997]]
[[-0.00186143 -0.00130928  0.00398214]]
[[-0.00020496  0.00190239  0.00611992]]
[[-0.00129543  0.00076687  0.0045117 ]]
[[-0.00223167 -0.00015455  0.00381236]]
[[-0.00096047 -0.00039718  0.00494232]]
[[ 0.00042412  0.00310623  0.00407606]]
[[-0.00093605  0.00195194  0.00311196]]
[[-0.00258617 -0.00045785  0.00141237]]
[[-0.00148354 -0.00057961  0.0024504 ]]
[[-0.00095424  0.00102987  0.00212285]]
[[ 0.004208   -0.0023044  -0.00208351]]
[[ 0.00243526 -0.00704296 -0.00231324]]
[[ 0.00427059 -0.00479566 -0.0032712 ]]
[[ 0.00381287 -0.00374657 -0.00454088]]
[[ 0.00250172 -0.00434524 -0.00338159]]
[[ 0.00231804 -0.00631023 -0.00243172]]
[[ 0.00054677 -0.00754716 -0.000317  ]]
[[ 0.00492802  0.00193761 -0.00254755]]
[[ 0.00377928 -0.00262975 -0.00442712]]
[[ 0.00384803 -0.00171409 -0.0042064 ]]
[[ 0.00402266 -0.00073223 -0.00409874]]
[[ 0.00302913  0.00096355 -0.00408996]]
[[ 0.0025387  -0.00037492 -0.00357257]]
[[ 0.00107957  0.00172618 -0.00329049]]
[[  1.10596956e-03   4.88448865e-05  -1.90363749e-03]]
[[ 0.00041713  0.00193176 -0.00083305]]
[[ 0.0050976  -0.00335344 -0.00313676]]
[[ 0.00320535 -0.00333142 -0.00362387]]
[[ 0.00672278 -0.00550985 -0.00207442]]
[[ 0.00232153 -0.00372017 -0.00486041]]
[[ 0.00390765 -0.00180709 -0.00403219]]
[[ 0.00417348 -0.00108444 -0.00399612]]
[[ 0.00442578 -0.00228956 -0.00592813]]
[[ 0.0030163  -0.0012878  -0.00394832]]
[[ 0.00413919 -0.00063101 -0.00365025]]
[[ 0.00231154  0.00065559 -0.00343212]]
[[ 0.00369423  0.00199373 -0.00363306]]
[[ 0.00156107 -0.00173335 -0.00412784]]
[[ 0.00315543  0.00031781 -0.00340462]]
[[ 0.00096013  0.00321307 -0.00376508]]
[[ 0.00046269  0.00070331 -0.00348413]]
[[-0.00044966 -0.00134358 -0.00195694]]
[[  1.46714832e-03   6.97914312e-05  -1.36351291e-03]]
[[ 0.00122848  0.0034582  -0.00036292]]
[[ 0.0003308   0.00190714 -0.0012806 ]]
[[  3.22988618e-04   1.07054520e-03  -2.17411578e-05]]
[[ 0.00404713  0.00096683  0.00054506]]
[[ 0.00171862 -0.00170401  0.00165959]]
[[ 0.00050945 -0.00282255  0.00123577]]
[[ -4.52962691e-05  -1.94844586e-03  -2.22158944e-05]]
[[ -2.79254050e-04  -1.15826893e-03   8.13239679e-05]]
[[ -7.53406636e-06  -8.34204192e-04   4.10614827e-04]]
[[ 0.00041353 -0.00087577  0.00083635]]
[[ 0.00069638  0.0009573   0.00041082]]
[[-0.00012812 -0.00241092 -0.00078334]]
[[ 0.00067048 -0.00110439 -0.00087192]]
[[ 0.00055421 -0.00014534 -0.00066333]]
[[ 0.00048479 -0.00037618 -0.00019407]]
[[ 0.00010359 -0.0006735  -0.00038535]]
[[ 0.00027977 -0.0005524  -0.00050939]]
[[ 0.00036866 -0.0005054  -0.00067667]]
[[  6.91324621e-04  -6.25862997e-05  -6.11443703e-04]]
[[ 0.00283098 -0.00612226  0.00412515]]
[[-0.00026433 -0.00086371 -0.00022646]]
[[-0.00013099 -0.00059132  0.00023655]]
[[-0.00065271 -0.00352666 -0.00209538]]
[[-0.00046687 -0.0012496  -0.00093461]]
[[ 0.00099365 -0.00159147 -0.00072425]]
[[ 0.00041036 -0.00100858 -0.00041229]]
[[ 0.00141369  0.0003505  -0.00064461]]
[[ 0.0004176  -0.00035552 -0.00059893]]
[[ 0.00056493 -0.00039454  0.00014216]]
[[ 0.00038808 -0.00041142 -0.00028254]]
[[-0.00033394 -0.00089965 -0.0003647 ]]
[[  7.61430102e-05  -3.27900308e-04  -4.89550599e-04]]
[[ 0.0003266  -0.00044811 -0.00036922]]
[[ 0.00043716 -0.00095357 -0.00039157]]
[[ 0.00028568 -0.00067577 -0.00107339]]
[[ 0.00024005 -0.00020241 -0.00056357]]
[[  4.74971131e-04   3.32761720e-05  -3.61404482e-04]]
[[ 0.00092932 -0.00015275 -0.0005023 ]]
[[ 0.0006777   0.00021077 -0.0007096 ]]
[[ 0.00025195  0.00019169  0.0003396 ]]
[[  5.19615932e-05   7.83097677e-04   4.61976686e-05]]
[[  4.32956562e-06   6.49731970e-04  -1.56727574e-04]]
[[ -6.44332961e-04   6.77856877e-04  -4.86095716e-05]]
[[-0.00230292  0.00071505 -0.0006253 ]]
[[ -3.91069514e-03   9.83999025e-04  -7.58512133e-05]]
[[-0.00073019  0.00141382 -0.00032816]]
[[  5.68525656e-04  -2.58409814e-05   8.60928718e-04]]
[[ -1.24808044e-04   4.97160809e-04  -8.78140053e-05]]
[[ 0.0001898   0.00064831 -0.00023461]]
[[  8.33285810e-05   2.85298430e-04  -1.65817072e-04]]
[[ 0.00035513  0.00065039  0.00012797]]
[[ 0.00076662  0.00100761  0.00015938]]
[[ 0.00133108  0.00190253 -0.00024981]]
[[ 0.0019737   0.00116419 -0.00084519]]
[[ 0.00177909  0.001215   -0.00225714]]
[[ 0.00022775  0.00044976 -0.00011151]]
[[-0.00351993 -0.00077737  0.000144  ]]
[[-0.00855514 -0.00046655 -0.00049339]]
[[  3.24448898e-05   3.74905342e-04  -2.38109384e-05]]
[[-0.00029473  0.00036898  0.00017717]]
[[ 0.00033763  0.00046093 -0.00019818]]
[[ 0.00062784  0.00094944 -0.00088978]]
[[ 0.00028265  0.00038691 -0.00010141]]
[[  5.34737475e-05  -3.26301512e-04   7.11476387e-05]]
[[  5.79001320e-04   4.58990454e-04   1.23866434e-05]]
[[ 0.00015587  0.00086997  0.00068543]]
[[ 0.00070568  0.00103133 -0.00022778]]
[[ 0.00075209  0.0010079   0.00046809]]
[[ 0.00229943  0.00294906  0.00054355]]
[[ 0.00149457  0.00088726 -0.00019784]]
[[ 0.00136161  0.00126719 -0.00080897]]
[[ 0.00169619  0.0011228  -0.00015611]]
[[ 0.00262827  0.00177533 -0.00210273]]
[[ 0.00137809  0.0005688  -0.00142839]]
[[ 0.00200234  0.00040662 -0.0040098 ]]
[[-0.00075593  0.00160319 -0.00318727]]
[[  3.76706924e-05   5.63004273e-03  -1.58478818e-03]]
[[-0.00059456  0.00404883  0.00091655]]
[[ 0.00077374  0.00371156  0.00195885]]
[[ 0.00311084  0.00339002  0.00192677]]
[[ 0.00477984  0.00413741 -0.00055243]]
[[ 0.0028069   0.00592727 -0.00400961]]
[[-0.00101333 -0.00062493 -0.00475013]]
[[ 0.00053655  0.00196211  0.00197161]]
[[-0.00036831  0.0018337   0.00182204]]
[[ 0.00010913  0.00042345  0.00163227]]
[[ 0.00020863 -0.00053162  0.00082964]]
[[  8.14212326e-04  -8.86254857e-05   6.72419916e-04]]
[[ 0.00090369 -0.00033168  0.00050615]]
[[ 0.00160139 -0.00041856  0.00040605]]
[[ 0.00133272 -0.0013233  -0.00134579]]
[[-0.00134297  0.0025985   0.00070159]]
[[ 0.00312589  0.00177205  0.00199957]]
[[ 0.00459975  0.0017922  -0.00127517]]
[[ 0.00022508  0.00181039  0.00110244]]
[[ 0.00106097  0.00131127  0.00185169]]
[[-0.00083609  0.00127039  0.00181519]]
[[-0.00133651  0.00254215  0.00401594]]
[[ 0.00017466  0.00054418  0.00100855]]
[[ 0.00057566  0.00034352  0.00159111]]
[[ 0.00045845 -0.0004237   0.00062854]]
[[ -5.44527416e-04  -1.15782179e-03  -5.65410715e-05]]
[[ 0.00066559 -0.00012511  0.00048306]]
[[  1.05814507e-03   1.77052450e-05   9.90145453e-04]]
[[  3.19767146e-05  -4.51854834e-04   4.03954984e-04]]
[[ 0.00104348 -0.00014968  0.00075275]]
[[  1.35659518e-03  -6.35483133e-04   7.25232813e-05]]
[[  1.69682482e-03  -6.10227103e-05   1.29105476e-03]]
[[ 0.00030347 -0.00198008 -0.00102779]]
[[ 0.00104005 -0.00132809 -0.00073103]]
[[ 0.00220245 -0.00057651 -0.00305397]]
[[-0.00087258 -0.00081666 -0.00355099]]
[[-0.00203242 -0.00269469 -0.00126119]]
[[-0.00104878 -0.00144405  0.00044149]]
[[  8.78587377e-05  -1.20022341e-03   5.63362310e-04]]
[[ 0.00080807 -0.0018386   0.00106662]]
[[ 0.00047867 -0.00279816 -0.00018621]]
[[-0.00103845 -0.00339944 -0.00237238]]
[[ 0.00018668  0.00148599 -0.00601593]]
[[ 0.00063171 -0.00177438  0.00041756]]
[[  5.45170201e-05  -6.78008838e-04   1.49061337e-04]]
[[ 0.00085995 -0.00070821  0.00021933]]
[[ 0.00037959 -0.0006089  -0.00049702]]
[[ 0.00077643 -0.00160902 -0.00034256]]
[[ -2.21209978e-05  -1.07647363e-03  -5.94717170e-04]]
[[ -8.67586515e-05  -2.01568522e-03  -2.07944275e-04]]
[[ -5.02758866e-04  -8.85729165e-04   3.16044844e-06]]
[[-0.00099864 -0.0008028   0.00014268]]
[[ 0.0015564  -0.00066278  0.00098199]]
[[ 0.00122956 -0.00176331 -0.00050441]]
[[-0.00133091 -0.00304124 -0.00044495]]
[[ 0.00135356 -0.0012697   0.00082601]]
[[ -4.48960448e-05  -4.56884529e-04  -2.36791005e-05]]
[[  2.83015506e-04  -6.32340988e-04   3.12986879e-05]]
[[  3.67373667e-04  -1.02885809e-03  -7.54902712e-05]]
[[  1.40451906e-03  -3.84897042e-05   6.18076873e-04]]
[[ 0.00012071 -0.00042571 -0.00042027]]
[[ 0.0003632  -0.00057233 -0.00025127]]
[[  5.61512271e-05  -2.72179877e-03  -1.46608806e-03]]
[[ 0.00150302 -0.00089727 -0.00018138]]
[[ 0.0001824  -0.00093182 -0.00027923]]
[[-0.00025434 -0.0006764  -0.00051306]]
[[-0.00141757 -0.00323307 -0.0005076 ]]
[[ 0.00040671 -0.00178986 -0.00014008]]
[[ -8.00860120e-05  -8.73906810e-04   2.51094508e-05]]
[[-0.00054253 -0.00056406 -0.00014866]]
[[-0.00042986 -0.00085225  0.00011444]]
[[ 0.00133471  0.00708531  0.00526218]]
[[-0.0054535   0.00903265  0.00296686]]
[[ -4.36218009e-03   4.60651724e-03  -7.21756179e-05]]
[[-0.00423965  0.00386582 -0.00245185]]
[[-0.00641825  0.00523938  0.00012645]]
[[-0.01040439  0.00765994  0.00149254]]
[[-0.00823381  0.00963359  0.00215887]]
[[  2.44418374e-03   2.21455112e-05   1.36512040e-03]]
[[-0.0015916   0.00264493 -0.00366145]]
[[-0.00123041  0.00251536 -0.00612611]]
[[ 0.00148347  0.00191556 -0.00543307]]
[[ 0.00135894  0.00032927 -0.00457751]]
[[ -4.49526338e-05   1.23257230e-03  -4.32566822e-03]]
[[-0.00025626  0.00031986 -0.00368787]]
[[-0.00019212  0.00129457 -0.00301772]]
[[ 0.00028106 -0.00030059 -0.00169235]]
[[-0.00065566  0.00043542  0.00209352]]
[[-0.00504821  0.00355796 -0.00031325]]
[[-0.01099428  0.0082086   0.00170092]]
[[-0.00325524  0.00273116 -0.00513456]]
[[-0.00154525  0.00254347 -0.00231234]]
[[-0.00227811  0.00185902 -0.00783035]]
[[ 0.00120675  0.00306841 -0.00730547]]
[[ 0.00165563  0.0029777  -0.00456175]]
[[ 0.00141331  0.00101968 -0.00465664]]
[[ 0.00185248 -0.00019577 -0.0046892 ]]
[[ 0.00239449 -0.00026568 -0.00341898]]
[[-0.00070443  0.00194062 -0.0047331 ]]
[[-0.0007503   0.00114011 -0.00474849]]
[[ 0.00159157  0.00014573 -0.00291882]]
[[-0.00080924 -0.00091513 -0.00394392]]
[[-0.00171294  0.00237327 -0.00325778]]
[[-0.00085538  0.00182037 -0.00236956]]
[[ 0.00230809 -0.00097057 -0.00074675]]
[[ 0.00053069 -0.00167844 -0.00261283]]
[[ 0.00048039  0.00048844 -0.00114795]]
[[ 0.00182668 -0.00336171 -0.00293926]]
[[ 0.00633867 -0.00751299 -0.00011871]]
[[ 0.00391189 -0.00479838  0.00207127]]
[[ 0.00282345 -0.00297441  0.00297949]]
[[  3.30932057e-03  -3.52492667e-03  -7.22032634e-05]]
[[ 0.00620329 -0.0050777  -0.00040141]]
[[ 0.00730685 -0.00652539 -0.00039565]]
[[-0.00186834  0.00351416  0.00129437]]
[[ 0.00029908 -0.00241352  0.00323886]]
[[ 0.00111711 -0.0009387   0.00538333]]
[[-0.0019663  -0.00032318  0.00484847]]
[[-0.00152935  0.00119503  0.00481202]]
[[ -3.66454281e-04  -4.34401988e-05   4.31460289e-03]]
[[ 0.00075354  0.00181556  0.00352694]]
[[  5.78386140e-04   3.94224447e-05   2.05482577e-03]]
[[ 0.00084626  0.00196774  0.00079953]]
[[ 0.00237288 -0.00418908  0.00268233]]
[[ 0.0006655  -0.00284933  0.00057641]]
[[ 0.00202639 -0.00652958 -0.00123132]]
[[ 0.00159889 -0.00338847  0.00371957]]
[[-0.00024373 -0.00165499  0.00185163]]
[[ 0.0026616  -0.00147358  0.00730211]]
[[-0.00078338 -0.0005839   0.00611831]]
[[-0.00112902 -0.00062705  0.00434493]]
[[-0.0021341  -0.00043026  0.00423587]]
[[-0.00161008  0.00110754  0.00509425]]
[[-0.00252645  0.00228139  0.00394973]]
[[-0.00014421 -0.00094244  0.00458176]]
[[  8.62602478e-05   3.33678872e-04   4.71797075e-03]]
[[  9.76804871e-05   3.30171650e-03   3.62839792e-03]]
[[ 0.00185495  0.00139272  0.003967  ]]
[[ 0.0018371  -0.00129278  0.00205797]]
[[  8.18819039e-04  -9.59093416e-05   1.34476904e-03]]
[[ -5.97314521e-04   3.55574260e-03   2.46756291e-05]]
[[ 0.00100705  0.00257554  0.00208413]]
[[ 0.00035366  0.00101314 -0.0002893 ]]
[[-0.00152346  0.00941174 -0.00769252]]
[[ 0.00442896  0.00808905 -0.0028357 ]]
[[ 0.0035482   0.00474909  0.00194787]]
[[ 0.00444283  0.0034132   0.00437282]]
[[ 0.00614681  0.00353873  0.00158167]]
[[ 0.00884469  0.00467551 -0.00071802]]
[[ 0.00821661  0.00657752 -0.00369466]]
[[-0.00055426  0.00418572 -0.00609409]]
[[ 0.00241614  0.00184899  0.00518146]]
[[ 0.00193367  0.00298292  0.00775002]]
[[-0.00090814  0.00247326  0.00712175]]
[[-0.00104559  0.0006367   0.00620492]]
[[ 0.00042532 -0.00021686  0.00600091]]
[[ 0.00034227 -0.00191513  0.0047905 ]]
[[  3.95902246e-05  -1.32853390e-03   3.70223982e-03]]
[[-0.00058961 -0.00200631  0.00230611]]
[[-0.00035142  0.00214741 -0.00071627]]
[[ 0.00426382  0.00403882  0.00243774]]
[[ 0.00545536  0.00723015 -0.0021099 ]]
[[ 0.00160092  0.00100479  0.00566504]]
[[ 0.00287813  0.00169695  0.00425913]]
[[ 0.00328932  0.0031976   0.00963797]]
[[ 0.00057388  0.00356119  0.00832186]]
[[-0.00177094  0.00338414  0.00561787]]
[[-0.00032778  0.00219821  0.00662403]]
[[-0.00155541  0.00080101  0.00663121]]
[[-0.00211875  0.00012473  0.0063263 ]]
[[ 0.0002785  -0.00036879  0.00445824]]
[[  1.86393127e-03  -2.71442393e-05   6.42243442e-03]]
[[-0.00039397 -0.00297703  0.00540707]]
[[ 0.00085713 -0.00163696  0.00535775]]
[[  2.86754565e-05  -1.17398265e-03   3.40893403e-03]]
[[ 0.00115868 -0.00090046  0.00276502]]
[[-0.00146981 -0.00331949  0.00124696]]
[[-0.00080464 -0.00249796  0.0032214 ]]
[[-0.00093729 -0.00074663  0.00158262]]
[[ 0.0035238  -0.00218798  0.00050357]]
[[-0.00291484  0.00111385 -0.00031895]]
[[-0.00225052  0.00272215 -0.00100493]]
[[-0.00119147  0.00410565 -0.0023702 ]]
[[-0.00060384  0.00283186  0.00084608]]
[[-0.0015872   0.00196414 -0.0003895 ]]
[[-0.00326537  0.0026482  -0.00313117]]
[[ 0.00344676  0.00377085 -0.0049454 ]]
[[ 0.00064732  0.00282354 -0.00349   ]]
[[-0.00040028  0.00214582 -0.00561081]]
[[  2.40154270e-03  -3.15312482e-05  -5.05446451e-03]]
[[ 0.00192999  0.00069956 -0.00493262]]
[[  2.35392487e-04   7.11220322e-05  -4.76627068e-03]]
[[-0.00060497  0.00167086 -0.00373093]]
[[-0.00082747 -0.00015195 -0.0026014 ]]
[[-0.00072131  0.00081279 -0.00156844]]
[[ 0.0009309   0.00421163  0.00118315]]
[[ 0.00154587  0.00122614 -0.00012843]]
[[ 0.00205614 -0.00239222 -0.00010908]]
[[-0.00035298  0.00290319 -0.00650903]]
[[ 0.00105083  0.00201535 -0.00263871]]
[[-0.002176    0.00126411 -0.00714739]]
[[ -9.03842499e-05   3.11200880e-03  -3.44537758e-03]]
[[ 0.00284005 -0.00085727 -0.00525561]]
[[  2.70777209e-03   6.75031962e-05  -4.75389727e-03]]
[[ 0.00235083  0.00083161 -0.00489236]]
[[ 0.00207874  0.00118904 -0.00490475]]
[[-0.00044348 -0.00069053 -0.00502331]]
[[-0.00030769  0.0001568  -0.00533254]]
[[-0.00062558  0.00289374 -0.00374762]]
[[-0.00133267  0.00198776 -0.00362127]]
[[-0.00190164 -0.00128649 -0.00303101]]
[[-0.00118542 -0.00036383 -0.00199312]]
[[-0.00058431  0.00170883 -0.00091762]]
[[-0.00061546  0.00130255 -0.00247602]]
[[ -8.92407928e-05  -7.25961091e-05  -9.17599566e-04]]
[[ 0.0035598   0.00094524  0.00073653]]
[[ 0.00122837 -0.00172178  0.00186686]]
[[ -6.41593348e-05  -2.87688177e-03   1.40275762e-03]]
[[ -6.03283081e-04  -1.92603918e-03   5.35853183e-05]]
[[-0.00079311 -0.00115892  0.00014841]]
[[-0.00048279 -0.00085257  0.00055006]]
[[ -5.42224458e-05  -8.90294821e-04   1.00993371e-03]]
[[ 0.00023157  0.00091638  0.0006292 ]]
[[-0.00082515 -0.00231671 -0.00078202]]
[[ -3.44973005e-05  -9.50696201e-04  -8.30121355e-04]]
[[ -4.19483356e-04   2.98614361e-05  -6.59720425e-04]]
[[ -4.80769756e-04  -1.07512183e-04  -5.52613700e-05]]
[[-0.00129283 -0.00035379 -0.0003109 ]]
[[ -1.09848253e-03  -2.60037850e-05  -1.37641954e-04]]
[[-0.00195611  0.0003309  -0.00036424]]
[[-0.00115531  0.00074559  0.00108637]]
[[ 0.00221772 -0.00616914  0.00431055]]
[[-0.00076977 -0.00079272 -0.00026376]]
[[-0.00061002 -0.00059392  0.00040145]]
[[-0.00124819 -0.00345385 -0.00209286]]
[[-0.00122573 -0.00116336 -0.00109306]]
[[ 0.00024052 -0.0015046  -0.00064873]]
[[-0.00021412 -0.00083471 -0.00029304]]
[[ 0.00061963  0.00049372 -0.00062072]]
[[-0.00066586 -0.000196   -0.00084777]]
[[-0.00042371 -0.00024722  0.00032219]]
[[ -4.88908778e-04  -9.95373783e-05  -3.23344564e-05]]
[[-0.00145772 -0.00064666 -0.00027096]]
[[ -1.51888253e-03  -2.93030866e-06  -7.77998102e-04]]
[[-0.00093899  0.0001368   0.00024845]]
[[ -9.01102470e-04  -6.56598463e-04   6.48415744e-05]]
[[ -1.44384904e-03   4.10071351e-05  -9.87835331e-04]]
[[-0.00205694  0.0007659  -0.00129845]]
[[-0.00132132  0.00108157  0.00143846]]
[[-0.00053653  0.00049282  0.00068645]]
[[-0.00164063  0.00164392  0.00232824]]
[[-0.00020201  0.00017326  0.00060621]]
[[-0.00045481  0.00070385  0.00037561]]
[[-0.00059866  0.00050046  0.0001726 ]]
[[-0.00127108  0.000538    0.00024892]]
[[-0.00292599  0.00055484 -0.00045821]]
[[-0.00447951  0.00084509  0.00013464]]
[[-0.0012421   0.00133283 -0.00011957]]
[[  1.16512888e-04  -5.00161310e-05   1.08103690e-03]]
[[-0.00087742  0.00036569  0.0001478 ]]
[[-0.00053412  0.00051558  0.00011548]]
[[-0.00087658  0.00013202  0.00021961]]
[[-0.00054117  0.00049407  0.00073411]]
[[-0.00043011  0.00083069  0.00081804]]
[[ 0.00022504  0.0017964   0.00074807]]
[[ 0.00018641  0.00114783  0.00017722]]
[[  5.03773667e-04   1.16606053e-03   7.43477040e-05]]
[[-0.00039626  0.00031205  0.00026002]]
[[-0.00414644 -0.00090581  0.00019021]]
[[-0.00914742 -0.00060316 -0.00031277]]
[[-0.00059471  0.00019691  0.00028822]]
[[-0.00114734  0.00021732  0.00027031]]
[[-0.00038609  0.00037729  0.00013664]]
[[ -6.99377589e-05   7.60322563e-04  -5.66955050e-04]]
[[-0.00049805  0.00017397  0.00038264]]
[[-0.001046   -0.00051861  0.00027105]]
[[-0.00026577  0.00034786  0.00058018]]
[[-0.00073141  0.00066267  0.00124404]]
[[-0.00025849  0.00076114  0.00053314]]
[[-0.00064042  0.00079361  0.00090852]]
[[ 0.00116887  0.00279499  0.00154011]]
[[ 0.00052878  0.00079981  0.00076994]]
[[  7.01830052e-05   1.02483459e-03   2.14289709e-04]]
[[  1.04328537e-05   1.18998247e-03   5.47323838e-05]]
[[  1.17964579e-03   1.82415789e-03  -2.37023953e-05]]
[[ 0.0006496   0.000624    0.00026097]]
[[ 0.00028507  0.00078204 -0.00027047]]
[[-0.00124241  0.00162633 -0.00303375]]
[[-0.00045848  0.00566786 -0.00142998]]
[[-0.00118858  0.00414259  0.00103193]]
[[ 0.00018701  0.00375475  0.00197316]]
[[ 0.00254427  0.00346316  0.00189529]]
[[ 0.0042705   0.00420104 -0.00049314]]
[[ 0.00231787  0.00596697 -0.00391026]]
[[-0.00147412 -0.00058733 -0.00458838]]
[[-0.00019732  0.0019786   0.00191371]]
[[-0.00112459  0.00179899  0.00179654]]
[[-0.00093054  0.00041944  0.00156111]]
[[-0.00083976 -0.00059821  0.00088528]]
[[ -6.83452671e-04  -9.15397477e-05   6.54069376e-04]]
[[-0.00061539 -0.00041372  0.00076349]]
[[-0.00091755 -0.00044151  0.00055876]]
[[-0.00091225 -0.00106201  0.00014782]]
[[-0.00197539  0.00268234  0.00085463]]
[[ 0.0025599   0.00180941  0.0018485 ]]
[[ 0.00408739  0.00185294 -0.00118815]]
[[-0.00037077  0.00186849  0.00108886]]
[[ 0.00025184  0.00135847  0.00161762]]
[[-0.00165823  0.00125581  0.00182372]]
[[-0.002028    0.00250639  0.00403649]]
[[-0.00064578  0.00060253  0.00102714]]
[[-0.0005935   0.00038319  0.00124396]]
[[-0.00063925 -0.00044499  0.00072367]]
[[ -1.52101932e-03  -1.24098369e-03   3.84654327e-05]]
[[ -5.30056905e-04  -5.67979832e-06   6.25918999e-04]]
[[ -6.63786575e-04   4.32080015e-05   5.74659038e-04]]
[[-0.00139034 -0.00054432  0.00069609]]
[[-0.00048369 -0.00017391  0.00109834]]
[[-0.00053738 -0.00037703  0.00044791]]
[[-0.00082922 -0.00014954  0.00031172]]
[[-0.00202538 -0.00161594 -0.00022193]]
[[-0.00094804 -0.00134274  0.00030907]]
[[-0.00064544 -0.00072273 -0.00011906]]
[[-0.00133462 -0.00078354 -0.00336106]]
[[-0.00252761 -0.00263286 -0.00101396]]
[[-0.00163535 -0.00132474  0.00068905]]
[[-0.00050681 -0.00111749  0.000773  ]]
[[ 0.00022743 -0.00173459  0.00117989]]
[[ -5.59932946e-05  -2.70093025e-03  -2.79745488e-05]]
[[-0.00153118 -0.00334034 -0.0022199 ]]
[[-0.00027004  0.00151984 -0.00586563]]
[[ -8.25508548e-05  -1.72033100e-03   5.74567533e-04]]
[[-0.00062989 -0.00063116  0.00040264]]
[[ -4.50071825e-05  -6.45362592e-04   4.87481845e-04]]
[[ -4.63474979e-04  -5.59219801e-04  -4.43749397e-05]]
[[-0.00037414 -0.00151684  0.00011077]]
[[-0.00109438 -0.00105043  0.00014223]]
[[-0.00192962 -0.00196229  0.00046008]]
[[-0.00185719 -0.00076782  0.00192825]]
[[-0.00161206 -0.00068264  0.00042837]]
[[ 0.00096657 -0.00060157  0.00098812]]
[[ 0.00067325 -0.00167702 -0.00035429]]
[[-0.00194288 -0.00295515 -0.0002324 ]]
[[ 0.00054847 -0.00120124  0.00084833]]
[[-0.00073681 -0.00040738  0.00022062]]
[[-0.0003456  -0.00055615  0.00029318]]
[[-0.0003932  -0.00091387  0.00026455]]
[[  3.68006784e-04   3.33440062e-05   7.02782021e-04]]
[[ -6.87687999e-04  -3.48063858e-04   1.16288213e-05]]
[[-0.00041653 -0.00050689  0.00020388]]
[[-0.00091935 -0.00252396 -0.00091907]]
[[  1.66476356e-04  -8.43140928e-04   2.54426047e-05]]
[[-0.00081658 -0.00090182  0.00049323]]
[[-0.00121945 -0.0005828   0.00023579]]
[[-0.00281806 -0.00288317  0.00025996]]
[[-0.00137402 -0.00192056 -0.00039483]]
[[-0.00150008 -0.00086007  0.00165129]]
[[-0.00141257 -0.00049318  0.00122881]]
[[-0.00228228 -0.00105506  0.00333482]]
[[ 0.00467977  0.00493531  0.00336199]]
[[ 0.00178621  0.00550971  0.00260152]]
[[ 0.00168684  0.00283899 -0.00041162]]
[[ 0.0003889   0.00325778 -0.00295409]]
[[-0.00066154  0.00365688 -0.00174228]]
[[-0.00078413  0.00450509  0.00062367]]
[[-0.00162491  0.00598806  0.00492757]]
[[ 0.00128558  0.00281933  0.0045629 ]]
[[ 0.00033677  0.00115378 -0.00363524]]
[[ 0.00172492  0.00231395 -0.00404786]]
[[ 0.00211308  0.00165619 -0.0038337 ]]
[[ 0.00171291 -0.00011274 -0.00335163]]
[[ 0.00124317 -0.00072732 -0.00336293]]
[[ 0.0008806  -0.00222588 -0.00323288]]
[[ 0.00125216 -0.00175984 -0.00244672]]
[[ 0.00143862 -0.00222436 -0.00146843]]
[[ 0.00462207 -0.00147847  0.00249292]]
[[ 0.0004357   0.00386566 -0.00264303]]
[[ 0.00363688  0.00397596  0.00171967]]
[[ -4.26730299e-05   2.85483105e-04  -4.09716084e-03]]
[[-0.00017714  0.00147715 -0.00362638]]
[[ 0.00223884  0.00125087 -0.0040786 ]]
[[ 0.00211161  0.00341031 -0.00534829]]
[[ 0.00246704  0.00246039 -0.00301529]]
[[ 0.00169354  0.00170092 -0.00344519]]
[[ 0.00131051  0.00011892 -0.00293785]]
[[ 0.00269534 -0.00067098 -0.00342683]]
[[ 0.00058227 -0.00069658 -0.00255243]]
[[ 0.00116132 -0.00051243 -0.00336059]]
[[ 0.00084422 -0.00320095 -0.00410295]]
[[ 0.00072769 -0.00139111 -0.00358263]]
[[ 0.00093985 -0.00166068 -0.00245649]]
[[ 0.00093072 -0.00137409 -0.00179204]]
[[ 0.00168573 -0.00345162 -0.00082524]]
[[ 0.0017217  -0.00205129 -0.00174223]]
[[ 0.0013139  -0.00114792 -0.00089067]]
[[-0.00332084  0.00149915  0.00355564]]
[[ 0.00026552  0.00252131  0.00041843]]
[[ 0.00053624  0.00456352 -0.00062177]]
[[-0.00070292  0.00363837  0.00096384]]
[[-0.00245728  0.00202325 -0.00074068]]
[[-0.00374388  0.00116482  0.00036562]]
[[ 0.0001838   0.00136679  0.00185275]]
[[-0.00037421  0.00304787  0.00644428]]
[[-0.00103444  0.00330041  0.00195697]]
[[-0.00117154  0.00258069  0.00234147]]
[[-0.00216311  0.00085744  0.00227256]]
[[-0.00149283  0.0010734   0.00283559]]
[[-0.00122744  0.00026223  0.00287714]]
[[-0.00015094  0.00144901  0.00280889]]
[[-0.00010106 -0.00055654  0.00181211]]
[[ 0.00019701  0.00021193  0.00111424]]
[[-0.00192655  0.00876705 -0.00290698]]
[[-0.00440397  0.00125639  0.00046226]]
[[ -8.88004044e-03   3.91452676e-04   9.47993137e-05]]
[[ 0.00149205  0.00361241  0.0046918 ]]
[[-0.0013546   0.00198501  0.00196586]]
[[-0.0011616   0.00315148  0.00242066]]
[[-0.00063997  0.00293211  0.00086154]]
[[-0.00229764  0.00042927  0.0030997 ]]
[[-0.00241708  0.000687    0.00198485]]
[[-0.0010018   0.00117113  0.00228365]]
[[-0.00153459  0.00144868  0.00281047]]
[[ -2.43655816e-05  -6.22202825e-04   3.95594329e-03]]
[[-0.00183944  0.00039019  0.00291998]]
[[ 0.00057078  0.00258878  0.00291261]]
[[ 0.00020335  0.00127413  0.00266128]]
[[ 0.00112755 -0.00187112  0.00260471]]
[[-0.00042792 -0.00057842  0.00139279]]
[[ 0.00068668  0.00084825  0.00063664]]
[[  9.77557285e-05   6.28733615e-05   1.35804520e-03]]
[[ -5.94494010e-05  -5.57968798e-04   6.89566916e-04]]
[[-0.00108692  0.00320336 -0.00256404]]
[[-0.00038102  0.00706105 -0.00085093]]
[[-0.00137025  0.00541213  0.0016225 ]]
[[  8.99727870e-05   5.09675041e-03   2.60104623e-03]]
[[ 0.00251507  0.00485175  0.0022597 ]]
[[ 0.00443869  0.00556042 -0.00015521]]
[[ 0.00255932  0.00740902 -0.00348869]]
[[-0.00109362  0.00113722 -0.00425776]]
[[-0.00026561  0.00328004  0.00252393]]
[[-0.00131784  0.0032451   0.00256744]]
[[-0.00117267  0.00141283  0.00247721]]
[[-0.00116923  0.00033343  0.00185122]]
[[-0.00100844  0.00046824  0.00168288]]
[[-0.00099703 -0.00010871  0.00167769]]
[[-0.00125288 -0.00030818  0.00139742]]
[[-0.00123986 -0.001195    0.00080202]]
[[-0.00223772  0.0039507   0.0014195 ]]
[[ 0.00266192  0.00339445  0.00212376]]
[[ 0.0044385   0.00337396 -0.00100404]]
[[-0.00044035  0.00329687  0.00163332]]
[[ 0.00018884  0.00252839  0.002212  ]]
[[-0.00189284  0.00237073  0.00254798]]
[[-0.0023448   0.00442626  0.00494517]]
[[-0.00087508  0.00169948  0.00173908]]
[[-0.00077807  0.00122752  0.00213546]]
[[-0.00101446  0.00032682  0.00166985]]
[[ -1.96136757e-03  -2.27212515e-05   1.21823877e-03]]
[[-0.00083732  0.0006245   0.00138313]]
[[-0.00088025  0.00045479  0.00153393]]
[[-0.00187595 -0.00020236  0.001833  ]]
[[-0.0008941   0.00011678  0.00201224]]
[[-0.0008224  -0.00017305  0.00106434]]
[[ -1.04639182e-03  -9.72008880e-05   1.04303453e-03]]
[[-0.00242404 -0.00194817  0.00050185]]
[[-0.00130078 -0.0014492   0.00093075]]
[[-0.00091972 -0.00077188  0.00051451]]
[[-0.00050459  0.00136076 -0.00320316]]
[[-0.00173623 -0.00053045 -0.00128039]]
[[ -7.30793093e-04   6.46550062e-04  -5.34924241e-05]]
[[ 0.00040647  0.0007972  -0.00029736]]
[[  7.81419709e-04   3.59128237e-05   5.89042088e-04]]
[[ 0.00027884 -0.00089024 -0.00022669]]
[[-0.00102566 -0.0014175  -0.00220543]]
[[ 0.0001971   0.00318386 -0.0054708 ]]
[[ 0.00116367  0.00026884 -0.00068921]]
[[ 0.00072344  0.00071305 -0.00107259]]
[[ 0.00151143  0.00034445 -0.00110134]]
[[  1.10143375e-03   2.91445363e-05  -1.73242990e-03]]
[[ 0.00138841 -0.00141286 -0.00150905]]
[[ 0.00061604 -0.00102621 -0.00154785]]
[[ 0.00045736 -0.00237645 -0.00097464]]
[[ -1.95397358e-05  -1.14969633e-03  -5.57277902e-04]]
[[-0.00043914  0.00156907 -0.00063301]]
[[ 0.00151141  0.00117813  0.00031428]]
[[ 0.00091085  0.00013403 -0.0003352 ]]
[[-0.00054033 -0.0004209  -0.00197181]]
[[ 0.00170775  0.00039667 -0.00039351]]
[[ 0.00057504  0.0007857  -0.00119345]]
[[ 0.00072726  0.00087639 -0.00087022]]
[[ 0.00117078  0.00026578 -0.00173438]]
[[ 0.00190698  0.00078729 -0.00073394]]
[[ 0.00080242  0.00012637 -0.00158257]]
[[ 0.00089459  0.00018003 -0.00121389]]
[[ 0.00079832 -0.00256266 -0.00287744]]
[[ 0.00202648 -0.00073104 -0.00131595]]
[[ 0.00066752 -0.00079451 -0.00104981]]
[[ 0.00037577 -0.00068714 -0.00140549]]
[[-0.00080094 -0.00386206 -0.00134199]]
[[ 0.00090093 -0.00201184 -0.00079321]]
[[ 0.00031794 -0.00109087 -0.00041718]]
[[ -3.19603011e-05  -8.77480969e-04  -6.20194092e-04]]
[[ -2.58301728e-05  -1.28728907e-03  -4.52641848e-04]]
[[ 0.00558681  0.00251938 -0.00630614]]
[[ 0.00168649  0.00134909 -0.00321752]]
[[ 0.00140569 -0.00073434 -0.00110818]]
[[ 0.00248169 -0.00018782 -0.00198285]]
[[ 0.00435268  0.00137823 -0.00011944]]
[[ 0.00456013  0.00269765 -0.00269436]]
[[ 0.00152176  0.00217333 -0.00595351]]
[[ 0.00431702  0.00014553 -0.01006007]]
[[ 0.00281431  0.00030031 -0.00228337]]
[[  2.18303064e-03  -6.76565521e-05  -2.89171699e-03]]
[[ 0.00260469  0.00129723 -0.00297045]]
[[ 0.00135629  0.00039096 -0.00348956]]
[[-0.00017788  0.00065702 -0.00372221]]
[[-0.00088895 -0.00075309 -0.0028434 ]]
[[-0.0012717   0.00078965 -0.00182201]]
[[ -1.10557088e-03  -1.85522859e-05  -7.94962457e-04]]
[[ 0.00367346 -0.00446335  0.00188331]]
[[ 0.00653729  0.00176722 -0.00035659]]
[[ 0.00889678  0.00572176 -0.00317622]]
[[-0.00052312  0.00104219 -0.004787  ]]
[[ 0.00381432  0.0013374  -0.00150125]]
[[ 0.00204543 -0.00092731 -0.00268736]]
[[ 0.00192434 -0.00019573 -0.001715  ]]
[[ 0.00252019  0.00223394 -0.00332486]]
[[ 0.0033694   0.00128327 -0.0032878 ]]
[[ 0.00080062  0.00010657 -0.00257689]]
[[ 0.0016088   0.00022022 -0.00366676]]
[[-0.00094979  0.00147962 -0.00399041]]
[[-0.00050233  0.00046589 -0.00434343]]
[[-0.0013156  -0.00172579 -0.00313802]]
[[-0.0011033  -0.00076484 -0.00272239]]
[[-0.00227429  0.00185805 -0.00224519]]
[[-0.00154849  0.00085756 -0.00137495]]
[[-0.00141364 -0.00053461 -0.00043377]]
[[ -9.52732333e-04   2.94541082e-05  -1.25635315e-03]]
[[-0.00067198  0.00057447 -0.00026478]]
[[ 0.00344333 -0.00513922 -0.01019896]]
[[ 0.00674521 -0.00437301 -0.00499718]]
[[ 0.00675659 -0.00128057  0.00069298]]
[[ 0.00577011 -0.0008112   0.00440434]]
[[ 0.00566818 -0.00064154  0.00181129]]
[[ 0.00567786 -0.00129068 -0.00168958]]
[[ 0.00751437 -0.00293408 -0.0074356 ]]
[[ 0.00280874  0.0003189  -0.01005663]]
[[ 0.0043103   0.00074626  0.00551054]]
[[ 0.00438422  0.00037375  0.00821831]]
[[  6.91292218e-04   4.13424717e-05   7.21288752e-03]]
[[ 0.00072688  0.00212154  0.00684061]]
[[ 0.0003016   0.00192667  0.00626208]]
[[ 0.00075766  0.00341855  0.00617517]]
[[ 0.00036604  0.00237376  0.0053416 ]]
[[-0.00013672  0.00258597  0.0036578 ]]
[[ 0.00387791  0.00166933 -0.00116681]]
[[ 0.00340463 -0.00080882  0.00360223]]
[[ 0.00034779 -0.00035033 -0.00327389]]
[[ 0.00373648  0.00173346  0.00588507]]
[[ 0.00473255  0.00069837  0.00554469]]
[[  6.61243947e-03  -9.08844068e-05   1.06046195e-02]]
[[ 0.00211734  0.000867    0.00807156]]
[[ -9.41126048e-05  -6.77484864e-04   6.03705659e-03]]
[[  1.59921361e-03   3.22287436e-05   6.26760017e-03]]
[[ 0.00113407  0.00186993  0.00826229]]
[[-0.00105798  0.00359043  0.0060555 ]]
[[ 0.00061853  0.00209022  0.00535714]]
[[ 0.00079762  0.00156387  0.00617228]]
[[ 0.00012219  0.00488061  0.00615555]]
[[ 0.0017239   0.00298687  0.00708886]]
[[ 0.00015961  0.00258855  0.00521356]]
[[ 0.00082163  0.00172061  0.00550076]]
[[-0.00081178  0.00400005  0.00221438]]
[[-0.00044412  0.00313108  0.00446248]]
[[  2.36336890e-05   5.69106658e-04   2.45474724e-03]]
[[ 0.00470946  0.00548036 -0.01198498]]
[[ 0.00725357  0.00816838 -0.00495945]]
[[ 0.0067567   0.00574024  0.00073129]]
[[ 0.00614935  0.00453991  0.00346103]]
[[ 0.00757305  0.00352012  0.00191073]]
[[ 0.00907879  0.00429343 -0.00184096]]
[[ 0.00777578  0.00661153 -0.00725227]]
[[ 0.0007325   0.00031741 -0.01156998]]
[[ 0.00459793  0.00322166  0.00412295]]
[[ 0.00497195  0.00281952  0.0067716 ]]
[[ 0.00176314  0.00149224  0.00607102]]
[[ 0.0012522   0.00031673  0.0056301 ]]
[[ 0.00060539  0.0006948   0.00506915]]
[[  8.39532503e-04   3.56622324e-05   5.31658411e-03]]
[[ 0.00052841 -0.00012682  0.00515737]]
[[ 0.0005917  -0.00121797  0.00412983]]
[[ 0.00612222  0.0056301   0.00158349]]
[[ 0.00678439  0.0019106   0.00278409]]
[[ 0.008466    0.00168501 -0.00276954]]
[[ 0.00320069  0.00327445  0.00312588]]
[[ 0.00486635  0.00175029  0.00397684]]
[[ 0.00705922  0.0033211   0.00899482]]
[[ 0.00231571  0.00303823  0.00797547]]
[[ 0.00137809  0.00187769  0.00470819]]
[[ 0.00263943  0.00079683  0.00516953]]
[[ 0.00113903  0.00037488  0.00711337]]
[[ -6.66064284e-05  -4.14334840e-04   4.56340188e-03]]
[[ 0.00022818  0.00081082  0.00430847]]
[[ 0.00114678  0.00038455  0.00485591]]
[[-0.00071296 -0.00020484  0.00493513]]
[[ 0.00188107 -0.00012489  0.0060246 ]]
[[ 0.00031167 -0.00015302  0.00421647]]
[[  8.46023535e-04  -5.65592345e-05   5.62870488e-03]]
[[-0.00107531 -0.00225175  0.00370776]]
[[ 0.00077759 -0.00187401  0.00473237]]
[[  8.32967606e-04  -2.22694993e-05   3.27895477e-03]]
[[ 0.00081329 -0.00024861 -0.00678862]]
[[-0.00171417 -0.00203195 -0.00478637]]
[[-0.00088968 -0.000941   -0.00232316]]
[[-0.00037972 -0.00045017 -0.00151074]]
[[-0.00067553 -0.00133351 -0.00050851]]
[[-0.00308131 -0.00241099 -0.00293567]]
[[-0.00228759 -0.00256424 -0.00785969]]
[[ 0.00279094  0.0024325  -0.01050542]]
[[ 0.00103745 -0.00129869 -0.00125271]]
[[ 0.00025855 -0.00030844 -0.00190586]]
[[ 0.00068543 -0.00044094 -0.00210165]]
[[-0.00012842 -0.00039312 -0.00267126]]
[[-0.00115629 -0.00136742 -0.00264138]]
[[-0.00135871 -0.00098104 -0.00169291]]
[[-0.00185663 -0.0018904  -0.00104796]]
[[-0.00163366 -0.00081739 -0.00016575]]
[[-0.00041752 -0.00038225 -0.00201981]]
[[ 0.00012781 -0.00023877  0.0003122 ]]
[[-0.00380901 -0.00410588 -0.00357372]]
[[-0.0009491  -0.00247662 -0.00239295]]
[[  1.74042324e-03  -1.17943090e-03  -8.99431132e-05]]
[[ -1.00013116e-04  -6.59407547e-05  -2.01528019e-03]]
[[ 0.0005965  -0.00015452 -0.00171872]]
[[ 0.00035906 -0.00064627 -0.00237698]]
[[  1.34374361e-03  -3.24411932e-05  -2.45408924e-03]]
[[-0.00058189 -0.00016646 -0.00231565]]
[[ -8.42118690e-05  -2.99788502e-04  -2.17539173e-03]]
[[-0.00109394 -0.00216454 -0.00322199]]
[[-0.00174761 -0.00074999 -0.00318671]]
[[-0.00097819 -0.00080848 -0.00128881]]
[[-0.00148809 -0.00050318 -0.00172599]]
[[-0.00272139 -0.00287222 -0.00103461]]
[[-0.00230019 -0.00166323 -0.00086572]]
[[-0.00109702 -0.000757   -0.00011646]]
[[-0.00162462 -0.00046457 -0.00061882]]
[[-0.00130671 -0.00079102  0.00017456]]
