[[-0.00436148  0.0046717   0.00883769]]
[[ -7.47865739e-03   2.04754600e-07   4.52520800e-03]]
[[-0.00866424 -0.00202124  0.00085194]]
[[-0.00680506 -0.00214642 -0.00212272]]
[[-0.00584291 -0.00208637 -0.00030616]]
[[-0.00540352 -0.0018027   0.00139081]]
[[-0.0060728  -0.00133628  0.00370138]]
[[-0.0033322   0.00108939  0.00715306]]
[[-0.00537316 -0.00212492 -0.00349184]]
[[-0.00614506 -0.00143785 -0.00657591]]
[[-0.00237784 -0.00010756 -0.00574664]]
[[-0.00200906 -0.00078597 -0.00571152]]
[[-0.00108528 -0.00065137 -0.00531069]]
[[-0.00087831 -0.00076967 -0.0053728 ]]
[[ -7.34365003e-04  -9.51733806e-05  -5.37008386e-03]]
[[-0.00013529  0.00032637 -0.00438582]]
[[-0.00653265 -0.00373767  0.00263654]]
[[-0.00478328 -0.00170899 -0.00154829]]
[[-0.0048488  -0.00177626  0.0016586 ]]
[[-0.00471996 -0.0031306  -0.00457001]]
[[-0.00553872 -0.00165098 -0.00372996]]
[[-0.00888012 -0.00061349 -0.00895352]]
[[-0.00419826 -0.00237894 -0.00478783]]
[[-0.00098676  0.00050779 -0.0049937 ]]
[[-0.0030846  -0.0007034  -0.00499425]]
[[-0.00202954 -0.00095167 -0.0075227 ]]
[[-0.00095591 -0.00143018 -0.0050917 ]]
[[-0.00113191 -0.00091217 -0.00483456]]
[[-0.00169872 -0.00043578 -0.00512059]]
[[  5.17752327e-05  -1.05261332e-03  -4.38804671e-03]]
[[-0.00152167 -0.00174766 -0.005888  ]]
[[-0.00030557 -0.00030489 -0.00561283]]
[[-0.00113179  0.00028666 -0.005906  ]]
[[ 0.00025059  0.00018503 -0.0030496 ]]
[[ 0.00010995 -0.00071508 -0.00464002]]
[[-0.00023396  0.00188306 -0.00395958]]
[[-0.00249403 -0.00022414  0.00358039]]
[[-0.00181903  0.00042954  0.00389564]]
[[-0.00162192  0.00018899  0.00295817]]
[[-0.00197042  0.00053868  0.00257089]]
[[-0.00312996  0.00067009  0.00154281]]
[[-0.00318136  0.00081288  0.00329618]]
[[-0.00175001  0.00142547  0.00523699]]
[[-0.00361627 -0.000163    0.00508895]]
[[-0.00200911  0.0001689   0.00196233]]
[[-0.00111266  0.00062231  0.0022334 ]]
[[-0.00083333  0.00010496  0.00255368]]
[[-0.00012862  0.00056191  0.00278329]]
[[ 0.00143993  0.00089896  0.00292126]]
[[ 0.00149323  0.00179464  0.00160189]]
[[ 0.00184315  0.0011532   0.00073589]]
[[  1.53305903e-03   1.16552612e-03  -5.00912860e-05]]
[[ -1.60007040e-03  -8.96050668e-05   2.39894524e-03]]
[[-0.00452254 -0.00020078  0.00127744]]
[[-0.00669731 -0.002403    0.00350694]]
[[-0.00138396 -0.00021959  0.00227861]]
[[-0.00258423 -0.00019602  0.00147549]]
[[-0.00068442  0.00047392  0.00206524]]
[[-0.00070055  0.00101978  0.00134273]]
[[-0.0005819   0.00014189  0.00262331]]
[[-0.00111939 -0.00074451  0.00341289]]
[[ 0.00030224  0.00043702  0.00233425]]
[[-0.00035981  0.00081345  0.00310123]]
[[ 0.00087708  0.00108496  0.00208023]]
[[ 0.00254762  0.00074052  0.0036361 ]]
[[ 0.00227291  0.00284213  0.0023387 ]]
[[ 0.00165904  0.00086203  0.00175468]]
[[ 0.00131045  0.00121649  0.00048992]]
[[ 0.00253542  0.00117507  0.00044908]]
[[ 0.00212502  0.00185749 -0.00014463]]
[[ 0.00158344  0.00063144  0.00047513]]
[[ 0.00107302  0.00078284 -0.00067373]]
[[-0.0017377   0.00378233  0.00347721]]
[[ 0.00094501  0.00940727  0.00293409]]
[[-0.0008121   0.00649042  0.0028229 ]]
[[-0.00068413  0.00597337  0.00317649]]
[[ 0.00044287  0.00722926  0.00163363]]
[[ 0.00258949  0.00977836  0.00231488]]
[[ 0.00334514  0.01076392  0.00278514]]
[[-0.00375843 -0.00017484  0.00567813]]
[[-0.0019379   0.00477541  0.00279773]]
[[-0.00201412  0.00313329  0.00330532]]
[[-0.00262187  0.00163959  0.00340208]]
[[-0.00139933 -0.00017382  0.00378128]]
[[-0.00020927  0.0008049   0.00352694]]
[[ 0.00074228 -0.00099313  0.00265018]]
[[ 0.00078044  0.00052509  0.00120043]]
[[ 0.00090784 -0.00126618 -0.0001763 ]]
[[-0.00179086  0.00433362  0.00250928]]
[[-0.00097979  0.00635433  0.00127229]]
[[-0.00080838  0.01213925  0.00256941]]
[[ 0.00049312  0.00616566  0.00295041]]
[[-0.0023708   0.00421266  0.00136057]]
[[-0.00221325  0.00204147  0.00343804]]
[[-0.00326229  0.00379528  0.0051526 ]]
[[-0.00141378  0.00213752  0.00304593]]
[[-0.00315849  0.00172282  0.00335106]]
[[-0.00057799 -0.00012692  0.00312766]]
[[-0.00237105 -0.00104149  0.00326067]]
[[ 0.00014655  0.00188408  0.0037279 ]]
[[  7.04023132e-05   2.34678100e-04   3.94164582e-03]]
[[ 0.00061542 -0.00227568  0.00306089]]
[[ 0.00122307 -0.00020671  0.00306074]]
[[ 0.00198821  0.00179122  0.00115972]]
[[ 0.0009823   0.00051898  0.00057098]]
[[ -3.27590050e-05  -2.46895302e-03  -5.79854460e-04]]
[[ 0.00090296 -0.00133146  0.00067174]]
[[ 0.00068561 -0.00063042 -0.00119481]]
[[-0.00229071 -0.00079558  0.00734836]]
[[-0.0078251  -0.00537886  0.0041385 ]]
[[-0.00780873 -0.00101082  0.0001972 ]]
[[-0.00610842 -0.00138413 -0.0034507 ]]
[[-0.00688598 -0.00237182 -0.00108249]]
[[-0.00860175 -0.00428091  0.00158503]]
[[-0.00857426 -0.0064164   0.00482893]]
[[-0.00064674  0.00426108  0.005047  ]]
[[ -3.83100147e-03  -2.88929375e-05  -4.82756082e-03]]
[[-0.00347667  0.0004516  -0.00736646]]
[[ 0.00018429  0.00054128 -0.00649116]]
[[ 0.00064686  0.00166408 -0.00575378]]
[[ 0.00073088 -0.00011467 -0.00515454]]
[[ 0.00011972  0.00058333 -0.00524096]]
[[-0.00011731 -0.000828   -0.00478106]]
[[  9.65982539e-05   4.84791141e-04  -3.08856030e-03]]
[[-0.00508619  0.00421739  0.00173572]]
[[-0.00522897 -0.00014132 -0.00227009]]
[[-0.00728132 -0.00114383  0.00230746]]
[[ -5.95805870e-03   8.50211329e-05  -6.13584715e-03]]
[[-0.00390438 -0.00019614 -0.00434685]]
[[-0.00485765  0.00138264 -0.00954864]]
[[-0.00050813  0.00051055 -0.00788516]]
[[  8.97750382e-05  -8.61726317e-05  -6.28283322e-03]]
[[-0.00050123  0.00096192 -0.00512359]]
[[ 0.00098106  0.00216062 -0.00657155]]
[[ 0.0018165   0.0027573  -0.00406182]]
[[-0.0002667 -0.0008905 -0.0062477]]
[[ 0.00078986 -0.00011188 -0.00499484]]
[[ 0.00171698  0.00105123 -0.00401836]]
[[-0.00073242  0.00161953 -0.00549133]]
[[-0.00137128 -0.00172784 -0.00502549]]
[[-0.00012549 -0.00139967 -0.00523855]]
[[ 0.0018913   0.00117051 -0.00178941]]
[[ 0.00040772  0.0018945  -0.00377514]]
[[-0.00031099 -0.00101264 -0.00212509]]
[[ 0.00415077 -0.00203612  0.00085223]]
[[ 0.00162663 -0.00445671  0.00152391]]
[[ 0.00035854 -0.00546057  0.00056324]]
[[-0.00017711 -0.00428872 -0.00110042]]
[[-0.00072844 -0.00328498 -0.00054095]]
[[-0.0006499  -0.00304137  0.0002829 ]]
[[ -1.96996401e-05  -3.28861895e-03   9.20082272e-04]]
[[ 0.00032831 -0.00139318  0.00102662]]
[[  1.08968826e-05  -4.83182435e-03  -2.12016587e-03]]
[[ 0.00106576 -0.00279753 -0.00233344]]
[[ 0.00098521 -0.00150753 -0.00225693]]
[[ 0.00108317 -0.00121653 -0.00168827]]
[[ 0.00061485 -0.00102307 -0.00181226]]
[[ 0.00088066 -0.00068573 -0.00167798]]
[[ 0.00086223 -0.00017521 -0.00164164]]
[[ 0.00114983  0.00019955 -0.00133056]]
[[ 0.00299888 -0.00918812  0.00316156]]
[[-0.00069854 -0.00287618 -0.00107444]]
[[-0.00087745 -0.00272786  0.00041863]]
[[-0.00028955 -0.00667982 -0.00388562]]
[[-0.00061038 -0.00310575 -0.0024108 ]]
[[ 0.00132565 -0.00321757 -0.0021789 ]]
[[ 0.00067469 -0.00284124 -0.00146265]]
[[ 0.00198106 -0.00137284 -0.00264692]]
[[ 0.00060106 -0.00134817 -0.00222662]]
[[ 0.00111979 -0.00119453 -0.00131879]]
[[ 0.00083686 -0.00138463 -0.00142357]]
[[ 0.00033676 -0.00126919 -0.00209254]]
[[ 0.0004287  -0.00058481 -0.00187829]]
[[ 0.00077898 -0.00068422 -0.00130107]]
[[ 0.00102745 -0.00103335 -0.001516  ]]
[[  8.80962416e-04  -9.24207583e-05  -2.12280484e-03]]
[[  6.33645114e-04   6.23023926e-06  -1.41755169e-03]]
[[ 0.00084776  0.00023397 -0.0009188 ]]
[[ 0.00140626  0.0001559  -0.00111949]]
[[ 0.00105231  0.00068052 -0.00144457]]
[[-0.00049862 -0.00172917  0.00108671]]
[[-0.0008114  -0.00110532  0.00106621]]
[[-0.00122665 -0.0011064   0.00088474]]
[[-0.00175829 -0.00117226  0.00101621]]
[[-0.00325188 -0.00131869  0.00010156]]
[[-0.00464823 -0.00115923  0.00065729]]
[[-0.00136521 -0.00070379  0.00036697]]
[[  5.50149795e-05  -2.24687705e-03   1.36034916e-03]]
[[-0.00128176 -0.00116769  0.00085629]]
[[-0.0011446  -0.00109491  0.00091563]]
[[-0.00148052 -0.00089827  0.00115804]]
[[-0.00124705 -0.00032103  0.00161044]]
[[-0.00104253  0.00035576  0.00170043]]
[[-0.00042615  0.00167367  0.00142854]]
[[-0.00036488  0.00109922  0.00073008]]
[[ -2.97290340e-05   1.40717549e-03   3.77461861e-04]]
[[-0.0011327  -0.00120339  0.00091263]]
[[-0.00422149 -0.00296989  0.0006021 ]]
[[ -8.99772314e-03  -2.91203879e-03   9.53357547e-05]]
[[-0.00089762 -0.00148283  0.00088146]]
[[-0.00152591 -0.00121867  0.00092659]]
[[-0.00113294 -0.00080151  0.00085859]]
[[-0.00086368 -0.00140153  0.00050553]]
[[-0.00097148 -0.00098755  0.00108853]]
[[-0.00158897 -0.00145294  0.00114029]]
[[-0.00108199 -0.00029131  0.00139187]]
[[-0.00158363 -0.00037991  0.00240543]]
[[-0.00076432  0.00017941  0.00117205]]
[[-0.00117038  0.00041854  0.00168929]]
[[ 0.00043541  0.00271537  0.00244172]]
[[-0.00019057  0.00067433  0.00141094]]
[[-0.00036691  0.0008696   0.00061838]]
[[-0.00047796  0.00117543  0.00047414]]
[[ 0.00060697  0.0022928   0.00035847]]
[[  3.31490457e-05   8.24977836e-04   5.47301336e-04]]
[[ -1.34767644e-04   9.18256011e-04  -6.10544953e-05]]
[[-0.00076393 -0.00273544 -0.00123769]]
[[ 0.00287698  0.00257562 -0.00225913]]
[[ 0.00299781 -0.00140999 -0.00043981]]
[[  2.56240334e-03  -2.06264592e-05   2.49366975e-03]]
[[ 0.00417148  0.00157202  0.0009101 ]]
[[ 0.00619935  0.00350802 -0.00116521]]
[[ 0.00557019  0.00541087 -0.00315283]]
[[ 0.00064523 -0.00482321 -0.00101232]]
[[ 0.0010902  -0.00157625  0.003708  ]]
[[-0.00025541 -0.00134877  0.00447804]]
[[-0.00139976 -0.00133842  0.0041785 ]]
[[-0.00126701 -0.00202747  0.00372628]]
[[ -1.32905396e-03   1.81461805e-05   3.33226780e-03]]
[[-0.00100303 -0.00041929  0.00326536]]
[[-0.00116106  0.00114432  0.00248364]]
[[-0.00123998 -0.0002875   0.00124198]]
[[ 0.00054874 -0.00796487 -0.00245643]]
[[ 0.00306336 -0.00061244  0.00172328]]
[[ 0.00533688  0.00058767 -0.00182023]]
[[ 0.00381097 -0.00207744  0.00545816]]
[[ 0.00139429 -0.00068837  0.00333056]]
[[-0.00066963 -0.0033082   0.00487782]]
[[-0.00186274 -0.00093292  0.00550225]]
[[-0.00107117 -0.00091134  0.00477831]]
[[-0.00104038 -0.0013214   0.00336878]]
[[-0.00084321 -0.0024664   0.00351688]]
[[-0.00210312 -0.00301774  0.00194739]]
[[-0.00014365  0.00090015  0.00494839]]
[[-0.00161238  0.0001531   0.00308382]]
[[-0.00199799 -0.0008149   0.00234687]]
[[-0.00085454 -0.00099162  0.00353727]]
[[ 0.00049046  0.00244543  0.00307972]]
[[-0.0011217   0.001521    0.00194314]]
[[-0.00251222 -0.0009078   0.00049885]]
[[-0.0015699  -0.00093514  0.00150347]]
[[-0.00095305  0.00046901  0.00079796]]
[[ 0.00153578 -0.00419852 -0.00224092]]
[[ 0.00015498 -0.00971481 -0.00182233]]
[[ 0.00192973 -0.00675424 -0.00225222]]
[[ 0.00229601 -0.00635682 -0.00331039]]
[[ 0.00211694 -0.0071861  -0.00226377]]
[[ 0.0021631  -0.00941175 -0.00192942]]
[[ -7.60699542e-04  -1.09275768e-02  -6.53406536e-06]]
[[ 0.00279096 -0.00070132 -0.00335234]]
[[ 0.00246074 -0.00485717 -0.00303037]]
[[ 0.00255958 -0.0030965  -0.00307522]]
[[ 0.00319089 -0.00154896 -0.00297383]]
[[ 0.00225525  0.00035201 -0.00326791]]
[[ 0.00207358 -0.00066651 -0.00285468]]
[[ 0.00061627  0.00140691 -0.0027907 ]]
[[ 0.0007727  -0.0001746  -0.00146176]]
[[  9.31943574e-05   1.74873105e-03  -4.65596869e-04]]
[[ 0.00256593 -0.00460161 -0.00219095]]
[[ 0.00333159 -0.00597121 -0.00242076]]
[[ 0.00706758 -0.00845865 -0.00183884]]
[[  4.42611763e-05  -6.34239687e-03  -2.94003149e-03]]
[[ 0.00290869 -0.00398862 -0.00244336]]
[[ 0.00290795 -0.00203607 -0.00313419]]
[[ 0.0037031  -0.00382333 -0.00506512]]
[[ 0.00192446 -0.00212656 -0.00255342]]
[[ 0.00344024 -0.00140484 -0.00240933]]
[[ 0.00154734  0.00021748 -0.00278029]]
[[ 0.00316809  0.00123743 -0.00295335]]
[[ 0.00108687 -0.00197704 -0.00337849]]
[[  2.78028828e-03   4.43457188e-05  -2.68179262e-03]]
[[ 0.00061002  0.00280751 -0.00330851]]
[[ -1.16756660e-05   4.70272312e-04  -3.06568620e-03]]
[[-0.00080416 -0.00158742 -0.0015516 ]]
[[ 0.00119139 -0.00015376 -0.00093664]]
[[  9.73746288e-04   3.20497186e-03  -4.26707462e-05]]
[[ -5.48313889e-06   1.75265118e-03  -1.00667122e-03]]
[[  6.68658999e-05   9.60235681e-04   3.87986265e-04]]
[[ 0.00403167  0.00092556  0.00065629]]
[[ 0.00170506 -0.00173986  0.0017736 ]]
[[ 0.00049209 -0.00285568  0.00133568]]
[[ -5.29862319e-05  -1.97590261e-03   7.14941855e-05]]
[[-0.00027955 -0.00118122  0.00018304]]
[[ -1.38666191e-05  -8.63514120e-04   5.16049599e-04]]
[[ 0.00041122 -0.0009059   0.00095697]]
[[ 0.00068841  0.00091842  0.00054869]]
[[-0.00013156 -0.00243649 -0.0007096 ]]
[[ 0.00066569 -0.00112532 -0.0008045 ]]
[[ 0.00054769 -0.00016497 -0.00059946]]
[[ 0.00047648 -0.00039313 -0.00013513]]
[[  9.59483127e-05  -6.91034599e-04  -3.28757649e-04]]
[[ 0.00027026 -0.00056686 -0.00045834]]
[[ 0.00036018 -0.00052046 -0.00062778]]
[[  6.83215765e-04  -7.55614337e-05  -5.63567034e-04]]
[[ 0.00280709 -0.00615883  0.00420775]]
[[-0.00025245 -0.00087995 -0.0001387 ]]
[[-0.00013895 -0.00062433  0.00033107]]
[[-0.00065932 -0.00356017 -0.00202982]]
[[-0.00046358 -0.00126859 -0.00086488]]
[[ 0.00099075 -0.00160903 -0.00065273]]
[[ 0.00040075 -0.00103208 -0.00034648]]
[[ 0.00140354  0.000326   -0.00058664]]
[[ 0.00041802 -0.00036987 -0.00053697]]
[[ 0.00055876 -0.00040988  0.00020287]]
[[ 0.00037723 -0.00042973 -0.00022555]]
[[-0.00034505 -0.00092039 -0.00031444]]
[[  7.47034923e-05  -3.40618703e-04  -4.35079023e-04]]
[[ 0.00031553 -0.00046359 -0.00031969]]
[[ 0.00042944 -0.00096682 -0.00034031]]
[[ 0.00027527 -0.00069397 -0.00103053]]
[[ 0.00023761 -0.00021363 -0.00051716]]
[[  4.64709952e-04   2.02925142e-05  -3.20049864e-04]]
[[ 0.00092386 -0.00016339 -0.00046025]]
[[ 0.00066844  0.0001934  -0.00065361]]
[[ 0.00025513  0.00015241  0.00047552]]
[[  3.85581402e-05   7.32186153e-04   2.12611948e-04]]
[[ -1.25711825e-05   5.95326364e-04   1.35932640e-05]]
[[-0.00066507  0.00061261  0.00014096]]
[[-0.00232677  0.00065727 -0.0004599 ]]
[[ -3.94539491e-03   9.24256330e-04   7.64612819e-05]]
[[-0.00074253  0.00136876 -0.000182  ]]
[[  5.66003941e-04  -6.05161627e-05   9.93663724e-04]]
[[ -1.34355695e-04   4.20925611e-04   8.34967005e-05]]
[[  1.93400852e-04   5.61304047e-04  -4.61318316e-05]]
[[  8.73443207e-05   1.89887827e-04   3.67105015e-05]]
[[ 0.00037399  0.00053628  0.00035298]]
[[ 0.00079924  0.00087904  0.00040782]]
[[  1.38259963e-03   1.75053090e-03   1.89561593e-05]]
[[ 0.00205735  0.00099166 -0.00054885]]
[[ 0.00189033  0.00102014 -0.00191274]]
[[  2.11425883e-04   3.91734527e-04   4.68663179e-05]]
[[-0.0035338  -0.00083586  0.00029482]]
[[-0.00860104 -0.00053378 -0.00037112]]
[[  1.70100009e-05   2.85143307e-04   1.54852452e-04]]
[[-0.00030382  0.00029977  0.00035278]]
[[  3.64240716e-04   4.01895520e-04  -1.55930260e-05]]
[[ 0.00061152  0.00084376 -0.00073006]]
[[ 0.00027403  0.00027866  0.00010725]]
[[  6.27862104e-05  -4.16108204e-04   2.87271138e-04]]
[[ 0.0006288   0.00037949  0.00022629]]
[[ 0.0001526   0.00073577  0.00087125]]
[[  7.18186486e-04   8.91175991e-04   2.03741878e-05]]
[[ 0.00079513  0.00088561  0.00074006]]
[[ 0.00231946  0.00277229  0.00075979]]
[[  1.58521585e-03   7.81485222e-04   5.14725846e-05]]
[[ 0.00141709  0.0010786  -0.00051651]]
[[ 0.00180428  0.00095859  0.00018561]]
[[ 0.00269175  0.00154427 -0.00186782]]
[[ 0.00155652  0.00043304 -0.00115361]]
[[ 0.00210362  0.0001668  -0.00357162]]
[[-0.00076201  0.0015459  -0.00308348]]
[[  2.07792339e-05   5.57645020e-03  -1.46201656e-03]]
[[-0.00060616  0.0039902   0.001039  ]]
[[ 0.00075166  0.00364841  0.00209469]]
[[ 0.00309374  0.00333245  0.00205859]]
[[ 0.00475223  0.0040922  -0.00043212]]
[[ 0.00279253  0.00587404 -0.00389002]]
[[-0.00102025 -0.00067141 -0.0046429 ]]
[[ 0.0005088   0.00186908  0.00209686]]
[[-0.00038613  0.00173402  0.00196372]]
[[  8.33494505e-05   3.03852131e-04   1.78465976e-03]]
[[ 0.00019438 -0.00066098  0.00099867]]
[[ 0.00080059 -0.00023798  0.00085232]]
[[ 0.00090385 -0.00049898  0.00070265]]
[[ 0.00160613 -0.00061388  0.00061262]]
[[ 0.00136945 -0.00152172 -0.00111098]]
[[-0.00135765  0.00252952  0.00081169]]
[[ 0.00310911  0.0016997   0.00212827]]
[[ 0.00456084  0.00174758 -0.00117477]]
[[ 0.00019773  0.00169948  0.00121334]]
[[ 0.00103936  0.00122859  0.00198055]]
[[-0.0008352   0.00118478  0.00196007]]
[[-0.00136292  0.00242671  0.00415685]]
[[ 0.00014789  0.00039937  0.00114178]]
[[ 0.00056155  0.00023694  0.00175075]]
[[ 0.00047219 -0.00053098  0.00079684]]
[[-0.00056709 -0.00131206  0.00011592]]
[[ 0.00065046 -0.00030937  0.00063649]]
[[ 0.00105692 -0.00011927  0.00118092]]
[[  2.31956530e-05  -6.54385714e-04   6.10912430e-04]]
[[ 0.00107955 -0.00028769  0.00094618]]
[[ 0.00136291 -0.00087503  0.00023974]]
[[ 0.00172192 -0.00024161  0.00151476]]
[[ 0.00032589 -0.00226185 -0.00078022]]
[[ 0.00112492 -0.00150626 -0.00051855]]
[[ 0.00222105 -0.00076639 -0.00280051]]
[[-0.00089377 -0.00085777 -0.00345522]]
[[-0.00204784 -0.00272792 -0.00116601]]
[[-0.00106304 -0.00146987  0.00052587]]
[[  8.00963406e-05  -1.22886461e-03   6.42598367e-04]]
[[ 0.00080844 -0.00187058  0.00114999]]
[[ 0.00047646 -0.00283286 -0.00010248]]
[[-0.00104364 -0.00343969 -0.00227257]]
[[ 0.00017338  0.00143947 -0.00590152]]
[[ 0.00062271 -0.00180436  0.00048231]]
[[  4.42030840e-05  -7.08892717e-04   2.07588973e-04]]
[[ 0.0008484  -0.00073422  0.00027498]]
[[ 0.00036665 -0.00063478 -0.00044617]]
[[ 0.00076488 -0.00163011 -0.00029414]]
[[ -3.54300578e-05  -1.09816726e-03  -5.50848178e-04]]
[[ -9.87274038e-05  -2.03408658e-03  -1.66163533e-04]]
[[ -5.14234490e-04  -9.01711181e-04   4.36682597e-05]]
[[-0.00101941 -0.00082912  0.00021509]]
[[ 0.00156455 -0.00070092  0.00105635]]
[[ 0.00122391 -0.00180195 -0.0004334 ]]
[[-0.00134295 -0.00307341 -0.0003828 ]]
[[ 0.00135234 -0.001297    0.00088837]]
[[ -5.26545597e-05  -4.84315587e-04   3.87127910e-05]]
[[  2.71587741e-04  -6.70321509e-04   8.41300251e-05]]
[[  3.53451339e-04  -1.05821921e-03  -2.12390317e-05]]
[[  1.40026636e-03  -6.15735604e-05   6.72991578e-04]]
[[ 0.00011099 -0.00044777 -0.00036822]]
[[ 0.00035044 -0.00060493 -0.00020457]]
[[  4.29586140e-05  -2.74657002e-03  -1.41953158e-03]]
[[ 0.00149708 -0.00091622 -0.00013376]]
[[ 0.00016996 -0.00095924 -0.00023828]]
[[-0.00026494 -0.0006948  -0.0004693 ]]
[[-0.00142988 -0.00325461 -0.00046828]]
[[  4.00000342e-04  -1.80655108e-03  -9.94701047e-05]]
[[ -9.11546675e-05  -8.97528929e-04   6.04995492e-05]]
[[-0.00055171 -0.00057987 -0.00011272]]
[[-0.00044165 -0.00086227  0.00015922]]
[[ 0.00110356  0.00577327  0.0051346 ]]
[[-0.0055821   0.00764206  0.00310966]]
[[-0.00460329  0.00338317  0.00022982]]
[[-0.00427218  0.00261223 -0.00202367]]
[[-0.00622941  0.0039737   0.00056312]]
[[-0.01022163  0.00620459  0.00175522]]
[[-0.00814101  0.00809922  0.00216084]]
[[ 0.00231145 -0.00138953  0.00100863]]
[[-0.00151873  0.0015441  -0.00322845]]
[[-0.00134958  0.00124445 -0.00565412]]
[[ 0.00140229  0.0010612  -0.00487599]]
[[ 0.00116071 -0.00048918 -0.00408201]]
[[-0.00018856  0.00065507 -0.00380158]]
[[-0.00045931 -0.00015996 -0.00326363]]
[[-0.0003409   0.00091986 -0.00260428]]
[[ 0.00011535 -0.00059352 -0.00132789]]
[[-0.00100767 -0.0007223   0.00235438]]
[[-0.00463853  0.00229881  0.00011916]]
[[-0.01056075  0.00657765  0.00194183]]
[[-0.00326479  0.00156062 -0.00481931]]
[[-0.00140205  0.00163616 -0.00187407]]
[[-0.00251445  0.00084209 -0.00740781]]
[[ 0.00105786  0.00136875 -0.00659397]]
[[ 0.0015389   0.00204307 -0.00418774]]
[[ 0.00142191  0.00032979 -0.00412887]]
[[ 0.00156316 -0.00088436 -0.00422898]]
[[ 0.00214531 -0.00130689 -0.00274738]]
[[-0.00086824  0.00129264 -0.00437342]]
[[-0.00081439  0.00068967 -0.00426832]]
[[ 0.00136181 -0.00043249 -0.00239977]]
[[-0.00106549 -0.00133547 -0.00355202]]
[[-0.00186705  0.00193495 -0.00295997]]
[[-0.00094469  0.00152589 -0.00199887]]
[[ 0.00212652 -0.00132858 -0.00038619]]
[[ 0.00034562 -0.00193801 -0.00232094]]
[[ 0.00034932  0.00020396 -0.00069924]]
[[ 0.00218932 -0.00511295 -0.00334219]]
[[ 0.00640453 -0.00898031 -0.0007243 ]]
[[ 0.00388789 -0.00609794  0.00134347]]
[[ 0.00268286 -0.00415905  0.00215426]]
[[ 0.00296362 -0.00460788 -0.00081855]]
[[ 0.00584394 -0.00622117 -0.0009581 ]]
[[ 0.00712216 -0.00789261 -0.00096148]]
[[-0.00179031  0.00193007  0.00106759]]
[[ 0.00021823 -0.00369796  0.00239275]]
[[ 0.00120532 -0.00191648  0.00456394]]
[[-0.00192327 -0.00126593  0.00395499]]
[[-0.0013944   0.00048643  0.00397153]]
[[-0.0003297  -0.00067495  0.00344042]]
[[ 0.00084088  0.00131246  0.00272019]]
[[ 0.00056331 -0.00041316  0.00123412]]
[[  8.16405273e-04   1.64399764e-03  -2.78282902e-05]]
[[ 0.00256613 -0.00565639  0.00197269]]
[[ 0.00026097 -0.00386747 -0.00023037]]
[[ 0.00163805 -0.00762909 -0.00158395]]
[[ 0.00163816 -0.00504545  0.00279301]]
[[-0.00055285 -0.002663    0.00092767]]
[[ 0.00272834 -0.00235548  0.00647374]]
[[-0.00075208 -0.00165369  0.00544435]]
[[-0.00096412 -0.00184271  0.00338733]]
[[-0.00228616 -0.00118009  0.00327056]]
[[-0.00153728  0.00048542  0.00427941]]
[[-0.00244623  0.00147713  0.00322315]]
[[  8.13368655e-06  -1.75033271e-03   3.68690854e-03]]
[[ -1.98464847e-05  -2.04914382e-04   3.77755153e-03]]
[[ 0.00014051  0.00271362  0.00290639]]
[[ 0.00186915  0.00096148  0.0031994 ]]
[[ 0.00190546 -0.00187208  0.00127884]]
[[ 0.00067231 -0.00050993  0.0004546 ]]
[[-0.00064507  0.00310469 -0.00068024]]
[[ 0.00087347  0.00225622  0.00138179]]
[[ 0.00032711  0.00078972 -0.0012304 ]]
[[-0.0015521   0.00874331 -0.00795456]]
[[ 0.00438778  0.00743861 -0.00324127]]
[[ 0.00356653  0.00417011  0.0014893 ]]
[[ 0.0043808   0.00283773  0.00384435]]
[[ 0.00600403  0.00299351  0.00107536]]
[[ 0.00872287  0.00405248 -0.00113859]]
[[ 0.00808091  0.00592158 -0.00403727]]
[[-0.00062771  0.00351911 -0.00629613]]
[[ 0.00229563  0.00130878  0.00468828]]
[[ 0.0018534   0.00234909  0.00719865]]
[[-0.00099073  0.00199981  0.00650795]]
[[-0.00109708  0.00010991  0.00555387]]
[[ 0.00035027 -0.00060789  0.00527655]]
[[ 0.00028331 -0.00232713  0.00405111]]
[[ -6.36686507e-05  -1.63026744e-03   2.89523976e-03]]
[[-0.0007274  -0.00233248  0.00139408]]
[[-0.00028536  0.00155344 -0.0011205 ]]
[[ 0.00402139  0.00349458  0.00195656]]
[[ 0.0052729   0.00652655 -0.00245834]]
[[ 0.0015634   0.00041778  0.00523001]]
[[ 0.00271483  0.00126393  0.0037434 ]]
[[ 0.003191    0.002672    0.00909919]]
[[ 0.00052664  0.00274262  0.00773776]]
[[-0.00177181  0.00287834  0.00510005]]
[[-0.00047583  0.00181964  0.00597887]]
[[-0.00163576  0.00035925  0.00599623]]
[[-0.0021332  -0.0005449   0.00565788]]
[[ 0.00028665 -0.00076562  0.00385768]]
[[ 0.00170641 -0.00033197  0.00566491]]
[[-0.00040384 -0.00349316  0.00466849]]
[[ 0.00074738 -0.00198027  0.00464854]]
[[ -5.01057296e-06  -1.46562192e-03   2.73264525e-03]]
[[ 0.0009585 -0.0011383  0.0019082]]
[[-0.00153536 -0.00371165  0.00046271]]
[[-0.00106651 -0.00274634  0.00246646]]
[[-0.00104008 -0.00109343  0.00044064]]
[[ 0.00328194 -0.00294731  0.00035315]]
[[-0.00305377  0.00041775 -0.00040106]]
[[-0.00235854  0.00208242 -0.00099718]]
[[-0.00126005  0.00346981 -0.00230654]]
[[-0.00057254  0.00223826  0.00087932]]
[[-0.00153235  0.0013453  -0.00044759]]
[[-0.00331662  0.00198099 -0.00322984]]
[[ 0.00330282  0.00308299 -0.00520314]]
[[ 0.00054169  0.00211491 -0.00335277]]
[[-0.00056433  0.00159331 -0.0054652 ]]
[[ 0.00226417 -0.00056712 -0.0048645 ]]
[[ 0.00175443  0.00027853 -0.00475717]]
[[  9.43775810e-05  -3.15593162e-04  -4.57515756e-03]]
[[-0.00077477  0.00135643 -0.00355947]]
[[-0.00096692 -0.00043472 -0.00242654]]
[[-0.00086671  0.00060011 -0.00140673]]
[[ 0.00074564  0.00350574  0.00122624]]
[[  1.57863003e-03   6.39728228e-04  -3.36508076e-05]]
[[ 0.00213874 -0.00303271 -0.00019868]]
[[-0.00052391  0.00199779 -0.0063206 ]]
[[ 0.00101373  0.00143113 -0.00245845]]
[[-0.0023498   0.00079303 -0.0070257 ]]
[[-0.00017362  0.00250473 -0.00333647]]
[[ 0.00266558 -0.00153022 -0.00501908]]
[[ 0.00262427 -0.00037016 -0.00454116]]
[[ 0.00217463  0.00047781 -0.00474382]]
[[ 0.00196986  0.00071582 -0.00475748]]
[[-0.00060972 -0.00116903 -0.00479253]]
[[-0.00041727 -0.00016912 -0.00512706]]
[[-0.00073691  0.00253542 -0.003598  ]]
[[-0.00150229  0.0017279  -0.00347693]]
[[-0.00204996 -0.00162973 -0.00283211]]
[[-0.00130132 -0.000608   -0.00181212]]
[[-0.00068708  0.00143952 -0.00077694]]
[[-0.0007668   0.00111029 -0.0023516 ]]
[[-0.00021013 -0.00024636 -0.00074212]]
[[  8.18341150e-04  -3.85778007e-03  -8.83066811e-05]]
[[-0.00101164 -0.00434897  0.00072358]]
[[-0.00264133 -0.00533746  0.0001706 ]]
[[-0.00246777 -0.0036068  -0.00147859]]
[[-0.0024411  -0.00254559 -0.00092048]]
[[-0.00220294 -0.00233985 -0.00025392]]
[[-0.00205301 -0.00286869  0.00019818]]
[[-0.00200838 -0.00219739  0.00065631]]
[[-0.00228958 -0.00401806 -0.00227275]]
[[-0.00129743 -0.00273315 -0.00259014]]
[[-0.0011653  -0.00166585 -0.00255601]]
[[-0.00080465 -0.00138102 -0.00192983]]
[[-0.00143166 -0.00120156 -0.00207638]]
[[-0.00100512 -0.00069237 -0.00161468]]
[[ -1.95810381e-03  -8.59488220e-05  -1.69924509e-03]]
[[-0.00116062  0.00036033 -0.0001148 ]]
[[-0.00082885 -0.00929256  0.00283317]]
[[-0.00222377 -0.00197737 -0.00146851]]
[[ -2.14597838e-03  -1.92148403e-03   6.14307653e-05]]
[[-0.00309782 -0.00542325 -0.00357907]]
[[-0.00293959 -0.00230009 -0.00263508]]
[[-0.00122753 -0.00383716 -0.00272461]]
[[-0.00085324 -0.0028502  -0.00151798]]
[[-0.00044435 -0.0016619  -0.0029889 ]]
[[-0.00180418 -0.00122333 -0.00268891]]
[[-0.0007864  -0.00173594 -0.00182658]]
[[-0.00060825 -0.00157297 -0.00144135]]
[[-0.00145266 -0.00165677 -0.00224788]]
[[-0.00197772 -0.00063326 -0.002458  ]]
[[-0.00086096 -0.00071738 -0.00100773]]
[[-0.00086169 -0.00125108 -0.00147991]]
[[-0.00131904 -0.00041707 -0.00221159]]
[[-0.00229121  0.00035655 -0.00264095]]
[[-0.00131674  0.00047296  0.00040233]]
[[-0.00065674  0.00011188 -0.00037606]]
[[-0.00165144  0.00141956  0.00102077]]
[[-0.00172527 -0.00138323  0.00062286]]
[[-0.00221004 -0.00129655  0.00102075]]
[[-0.00218476 -0.00121343  0.00094713]]
[[-0.00277656 -0.00148585  0.00135049]]
[[-0.00424509 -0.00200594  0.00093076]]
[[-0.00664065 -0.00267056  0.00153435]]
[[-0.0031907  -0.00154001  0.00030137]]
[[-0.0018443  -0.00214254  0.00060926]]
[[-0.00186469 -0.00119786  0.00111068]]
[[-0.00163592 -0.00080162  0.00095586]]
[[-0.00164348 -0.00067965  0.00117131]]
[[ -1.26393316e-03   2.63235309e-05   1.48306207e-03]]
[[-0.00088642  0.00043552  0.00151041]]
[[-0.0002351   0.0015494   0.00124039]]
[[-0.00015568  0.00087897  0.00062544]]
[[ 0.00016514  0.00096456  0.00045626]]
[[-0.00193133 -0.00115819  0.00090029]]
[[-0.00472976 -0.00367879  0.00125677]]
[[-0.01081244 -0.00527534  0.00181051]]
[[-0.00125266 -0.00152406  0.00105265]]
[[-0.00205019 -0.00142756  0.00125309]]
[[-0.00161589 -0.00049007  0.00073287]]
[[-0.00155298 -0.00092033  0.00059858]]
[[-0.00109744 -0.00079832  0.00111977]]
[[-0.00177171 -0.00127789  0.00125842]]
[[ -1.05048039e-03  -6.50374505e-05   1.17235051e-03]]
[[-0.00147899  0.00016788  0.00218712]]
[[-0.00069004  0.00024717  0.00108441]]
[[-0.00103359  0.00050724  0.00157083]]
[[ 0.00075359  0.0025357   0.00203411]]
[[  2.22668532e-05   5.72626895e-04   1.18020484e-03]]
[[-0.00024029  0.00068094  0.00059532]]
[[-0.00028333  0.00094658  0.00046635]]
[[ 0.00080833  0.00158133  0.00032496]]
[[ 0.00028421  0.00047382  0.00053516]]
[[  2.82575536e-05   5.62763148e-04   2.03945471e-04]]
[[-0.00120957  0.00147695 -0.00318386]]
[[-0.00046766  0.00549378 -0.00161205]]
[[-0.0011766   0.00401123  0.00084127]]
[[ 0.00014765  0.00365777  0.00178395]]
[[ 0.00245825  0.00340139  0.00169236]]
[[ 0.00415084  0.00412307 -0.00067305]]
[[ 0.00221366  0.00581175 -0.00408461]]
[[-0.00149891 -0.00075058 -0.00475949]]
[[-0.00022633  0.00190904  0.00176076]]
[[-0.0011439   0.00173354  0.00164928]]
[[-0.00093759  0.00037253  0.00142371]]
[[-0.00083831 -0.00063658  0.00075758]]
[[-0.00067598 -0.00012155  0.00053634]]
[[-0.00060191 -0.00042968  0.00066217]]
[[-0.00090552 -0.00045932  0.00046614]]
[[ -9.00923916e-04  -1.07338608e-03   6.00191518e-05]]
[[-0.00192923  0.00256795  0.0007057 ]]
[[ 0.00246811  0.00179222  0.00167198]]
[[ 0.00398615  0.00181448 -0.00132734]]
[[-0.0003774   0.00178626  0.0009654 ]]
[[ 0.00020629  0.00132126  0.00147699]]
[[-0.00167474  0.00118187  0.00166724]]
[[-0.00205531  0.00243778  0.00386866]]
[[-0.00063694  0.00054647  0.00091402]]
[[-0.00061805  0.00035943  0.00111531]]
[[-0.00063636 -0.00049326  0.00058616]]
[[-0.00152204 -0.00127909 -0.00010346]]
[[ -5.14309205e-04  -4.15369063e-05   5.28587728e-04]]
[[ -6.71792974e-04   2.70781129e-05   4.65806583e-04]]
[[-0.00137462 -0.00055459  0.00059323]]
[[-0.0004714  -0.00019283  0.00099438]]
[[-0.00052192 -0.00040001  0.00036863]]
[[-0.00082968 -0.00016023  0.00022531]]
[[-0.00201108 -0.00162098 -0.00029932]]
[[-0.00094174 -0.00135288  0.0002304 ]]
[[-0.00063087 -0.00074343 -0.00021824]]
[[-0.0014518  -0.00086811 -0.00352266]]
[[-0.00260553 -0.0027808  -0.00120297]]
[[-0.00173068 -0.00145872  0.00051065]]
[[-0.00054653 -0.00131114  0.00057525]]
[[ 0.00025825 -0.00190584  0.00100849]]
[[  9.16003637e-07  -2.86899026e-03  -2.02611471e-04]]
[[-0.00155066 -0.00350834 -0.00238253]]
[[-0.00035999  0.00138136 -0.0060259 ]]
[[-0.00013788 -0.00193614  0.00041244]]
[[-0.00071361 -0.00079838  0.00022646]]
[[-0.00011876 -0.00082222  0.00031246]]
[[-0.00055316 -0.00071675 -0.00023712]]
[[ -4.67457122e-04  -1.67813696e-03  -9.65180347e-05]]
[[ -1.20258380e-03  -1.21357300e-03  -7.83964724e-05]]
[[-0.00206811 -0.00212797  0.00021728]]
[[-0.00200668 -0.00094295  0.00165737]]
[[-0.00171584 -0.00077898  0.00026315]]
[[ 0.0010038  -0.00075361  0.00083931]]
[[ 0.00076109 -0.00183062 -0.00050131]]
[[-0.00205918 -0.00322542 -0.00041465]]
[[ 0.0005205  -0.00140627  0.00068789]]
[[ -8.46816594e-04  -5.13126754e-04   3.80997092e-05]]
[[-0.00037218 -0.00074296  0.0001459 ]]
[[ -4.91864738e-04  -1.12899346e-03   8.51227126e-05]]
[[ 0.00029834 -0.00013221  0.00052248]]
[[-0.00080605 -0.00045307 -0.000185  ]]
[[ -4.60180479e-04  -6.86827455e-04   4.41563586e-05]]
[[-0.00100745 -0.00270602 -0.00111628]]
[[  6.30586509e-05  -9.92843164e-04  -2.00704435e-04]]
[[-0.00088058 -0.00109108  0.00031294]]
[[ -1.36086744e-03  -6.94898979e-04   2.09455285e-05]]
[[ -2.92588678e-03  -3.06159829e-03   4.00912824e-05]]
[[-0.00154373 -0.00206982 -0.00068809]]
[[-0.00160249 -0.00107108  0.00146391]]
[[-0.00161748 -0.00061702  0.00100377]]
[[-0.00242274 -0.00125429  0.0029936 ]]
[[ 0.00461777  0.00452589  0.00321075]]
[[ 0.00173258  0.00509937  0.00251059]]
[[ 0.00159574  0.0024567  -0.00045429]]
[[ 0.00033323  0.00285829 -0.00296431]]
[[-0.00070291  0.00325057 -0.00177946]]
[[-0.00083399  0.00406453  0.00056249]]
[[-0.00166343  0.00554823  0.00478137]]
[[ 0.00122733  0.00240831  0.00433571]]
[[ 0.0003203   0.00075387 -0.00362814]]
[[ 0.00167802  0.00186754 -0.00402024]]
[[ 0.0020761   0.00128974 -0.00377678]]
[[ 0.00165511 -0.00049492 -0.00328307]]
[[ 0.0011894  -0.00104035 -0.00326733]]
[[ 0.0008125  -0.00253559 -0.00313762]]
[[ 0.00119047 -0.00201842 -0.00233445]]
[[ 0.00137071 -0.00245767 -0.00134895]]
[[ 0.00451922 -0.00186658  0.00246451]]
[[ 0.00043073  0.00342086 -0.00268303]]
[[ 0.00362733  0.00347087  0.00167122]]
[[ -6.64028922e-05  -1.56049840e-04  -4.09249717e-03]]
[[-0.00020072  0.00112341 -0.00361715]]
[[ 0.00216529  0.00088067 -0.00407791]]
[[ 0.00206114  0.00284211 -0.00528425]]
[[ 0.00242283  0.0020494  -0.0029841 ]]
[[ 0.0016533   0.00138256 -0.00339231]]
[[ 0.00122638 -0.00020574 -0.00288741]]
[[ 0.00263098 -0.00115177 -0.00332811]]
[[ 0.00051941 -0.00105013 -0.00249442]]
[[ 0.00111308 -0.00077815 -0.00327422]]
[[ 0.00076701 -0.00358687 -0.00398287]]
[[ 0.00063791 -0.00165896 -0.00350262]]
[[ 0.00087216 -0.00195756 -0.00238209]]
[[ 0.00087876 -0.00159359 -0.00169289]]
[[ 0.00160465 -0.00375716 -0.00070908]]
[[ 0.00164363 -0.00226136 -0.0016554 ]]
[[ 0.00125653 -0.00136114 -0.00071772]]
[[-0.00331562  0.00100138  0.00332999]]
[[ 0.00024256  0.00210233  0.00012685]]
[[ 0.0004761   0.00416528 -0.00094705]]
[[-0.00075973  0.00326446  0.00058026]]
[[-0.00256572  0.0016687  -0.00109495]]
[[ -3.84397415e-03   8.07073831e-04   8.30332065e-05]]
[[ 0.00011013  0.00096249  0.00157019]]
[[-0.00040719  0.00260512  0.00624929]]
[[-0.00107296  0.00287613  0.00157238]]
[[-0.0011929   0.00222907  0.00192855]]
[[-0.0021901   0.00050231  0.00181617]]
[[-0.00150679  0.0007951   0.00236176]]
[[ -1.28121030e-03  -4.02533507e-06   2.36065242e-03]]
[[-0.00019277  0.00125052  0.00228859]]
[[-0.00020579 -0.0007425   0.0012511 ]]
[[  8.23709276e-05   1.19665166e-04   5.09258643e-04]]
[[-0.00194909  0.00831201 -0.00321516]]
[[ -4.52599256e-03   8.92425049e-04   8.82875806e-05]]
[[ -8.97404560e-03   2.99679938e-05  -1.10229888e-04]]
[[ 0.00149088  0.00307923  0.00429909]]
[[-0.00145278  0.00163399  0.00154526]]
[[-0.00122543  0.00281957  0.00200523]]
[[-0.00065224  0.00254105  0.00050889]]
[[ -2.29193690e-03  -2.65600336e-05   2.63313178e-03]]
[[-0.00251113  0.00040449  0.0014857 ]]
[[-0.00107078  0.00090269  0.00182133]]
[[-0.00153865  0.00113324  0.00239891]]
[[ -3.83599003e-05  -9.82376861e-04   3.43834692e-03]]
[[-0.00195741  0.00018132  0.00235047]]
[[ 0.00054407  0.00236129  0.00246118]]
[[ 0.00010007  0.00107235  0.00216622]]
[[ 0.00106238 -0.00214137  0.00205857]]
[[-0.00061544 -0.00071719  0.00075988]]
[[ 0.00060564  0.00070881  0.00016335]]
[[ -1.07917721e-04  -7.71351424e-05   8.50871153e-04]]
[[ -1.60329271e-04  -5.72724473e-04  -2.94365532e-05]]
[[-0.00109779  0.00296014 -0.00275106]]
[[-0.00038325  0.00682105 -0.0011045 ]]
[[-0.00135486  0.00519986  0.0013518 ]]
[[  8.45324827e-05   4.88082385e-03   2.29165140e-03]]
[[ 0.00248606  0.00464452  0.00196631]]
[[ 0.00443454  0.00531741 -0.00041155]]
[[ 0.00252928  0.00716815 -0.00371338]]
[[-0.00111361  0.0008925  -0.00443116]]
[[-0.00029946  0.00308682  0.00223829]]
[[-0.00134715  0.0030206   0.00224863]]
[[-0.0012025   0.00125886  0.00212548]]
[[-0.00119737  0.00015896  0.00147065]]
[[-0.00104872  0.00036258  0.00126223]]
[[-0.00104125 -0.0002169   0.00123824]]
[[-0.00131892 -0.0003444   0.00092284]]
[[-0.00133683 -0.00123611  0.00027009]]
[[-0.00220601  0.00373789  0.00118005]]
[[ 0.00259565  0.00319159  0.00184389]]
[[ 0.0044272   0.00309527 -0.00121923]]
[[-0.00044538  0.00308607  0.0013754 ]]
[[ 0.00013861  0.00237414  0.00191423]]
[[-0.00194325  0.00219135  0.00223674]]
[[-0.00235179  0.00413112  0.00462178]]
[[-0.00086807  0.00153904  0.00143548]]
[[-0.00083781  0.00111257  0.00176413]]
[[-0.00107382  0.00017972  0.0012991 ]]
[[-0.0019703  -0.00025091  0.00083363]]
[[-0.00083491  0.00053083  0.00103382]]
[[-0.00096082  0.00039055  0.00108992]]
[[-0.00189895 -0.0003454   0.001384  ]]
[[ -9.81233597e-04   2.00872887e-05   1.58815477e-03]]
[[-0.00084777 -0.00018461  0.00068048]]
[[ -1.17046441e-03  -9.31644549e-05   5.38230886e-04]]
[[ -2.49527204e-03  -1.97643150e-03   1.10095548e-06]]
[[-0.00147674 -0.00148133  0.00047313]]
[[-0.00098189 -0.00081675 -0.00012198]]
[[-0.0005567   0.00107352 -0.00335141]]
[[-0.00176229 -0.00079733 -0.00141453]]
[[-0.00074083  0.00039017 -0.00015149]]
[[ 0.00039272  0.00053941 -0.00037407]]
[[ 0.00079485 -0.0002003   0.0005049 ]]
[[ 0.00030423 -0.00113138 -0.00034034]]
[[-0.00103716 -0.00166731 -0.00234157]]
[[ 0.0001638   0.00293083 -0.00566728]]
[[  1.12655067e-03  -3.05783986e-05  -7.22533369e-04]]
[[ 0.00066805  0.00046197 -0.00109168]]
[[  1.46076603e-03   8.29373537e-05  -1.09832523e-03]]
[[ 0.00103707 -0.0001918  -0.00172377]]
[[ 0.00133178 -0.00163769 -0.00148655]]
[[ 0.00054654 -0.00121734 -0.00151998]]
[[ 0.00039635 -0.00256781 -0.00093701]]
[[ -8.55732597e-05  -1.29920203e-03  -5.19069992e-04]]
[[-0.00046516  0.00128249 -0.00070527]]
[[ 0.00151438  0.00094194  0.00026419]]
[[ 0.00094815 -0.00011689 -0.00044374]]
[[-0.00059063 -0.0008016  -0.00199542]]
[[ 0.00168703  0.00014662 -0.0004094 ]]
[[ 0.00051559  0.00057602 -0.00121953]]
[[ 0.00070257  0.00059662 -0.00089212]]
[[  1.11476113e-03  -6.48583170e-05  -1.72152197e-03]]
[[ 0.001871    0.00057262 -0.00072081]]
[[  7.37602573e-04  -5.95828226e-05  -1.58352439e-03]]
[[  8.56251283e-04  -6.81617621e-05  -1.20658850e-03]]
[[ 0.00073824 -0.00284512 -0.00284006]]
[[ 0.0019776  -0.00091869 -0.00128428]]
[[ 0.00062363 -0.0010101  -0.00102464]]
[[ 0.00030661 -0.00084791 -0.00138788]]
[[-0.00086212 -0.00410082 -0.00129139]]
[[ 0.00084692 -0.0021737  -0.00074812]]
[[ 0.00027483 -0.0012753  -0.00037755]]
[[-0.00010273 -0.00101245 -0.00059299]]
[[ -8.11427008e-05  -1.42530166e-03  -4.15245947e-04]]
[[ 0.00498503  0.00181671 -0.00643976]]
[[ 0.00097505  0.00051071 -0.00314982]]
[[ 0.00069135 -0.00150452 -0.00096358]]
[[ 0.00174321 -0.00108353 -0.00169608]]
[[ 0.00354029  0.00026906  0.00013778]]
[[ 0.00346965  0.00130532 -0.00245988]]
[[ 0.0006899   0.0010738  -0.00609828]]
[[ 0.00360704 -0.00070464 -0.01038669]]
[[ 0.00229419 -0.00044728 -0.00202586]]
[[ 0.00165369 -0.00072928 -0.0026635 ]]
[[ 0.00218475  0.00079836 -0.00269335]]
[[  9.44638983e-04  -1.33140598e-05  -3.25329694e-03]]
[[-0.00050065  0.00032326 -0.00346874]]
[[-0.00120621 -0.00101264 -0.00263568]]
[[-0.00152833  0.00056313 -0.00161042]]
[[-0.00134555 -0.00019055 -0.00060304]]
[[ 0.00299143 -0.00516554  0.00203419]]
[[ 0.00581864  0.00048545 -0.00010997]]
[[ 0.00779977  0.00386343 -0.00290293]]
[[-0.00088422  0.00019644 -0.0045673 ]]
[[ 0.00325789  0.00058298 -0.00123703]]
[[ 0.00145519 -0.00141131 -0.00256796]]
[[ 0.00131133 -0.00103063 -0.00137811]]
[[ 0.00219114  0.00164514 -0.00309718]]
[[ 0.00292704  0.0008057  -0.0030166 ]]
[[ 0.00034371 -0.00021545 -0.00241946]]
[[ 0.00116959 -0.00026973 -0.00337203]]
[[-0.0012254   0.00107704 -0.00378777]]
[[-0.00082969  0.0001652  -0.00410603]]
[[-0.00163895 -0.00203687 -0.00289885]]
[[-0.00145153 -0.00097996 -0.00257352]]
[[-0.00249622  0.00157632 -0.00207577]]
[[-0.00180513  0.00065382 -0.00118422]]
[[-0.00166365 -0.00075067 -0.00024634]]
[[-0.00121506 -0.00011284 -0.00113436]]
[[ -8.56505773e-04   4.04086251e-04  -1.06760852e-05]]
[[ 0.0026162  -0.00663379 -0.01061292]]
[[ 0.00602361 -0.0054046  -0.00549097]]
[[ 0.0059259  -0.00230195  0.00013957]]
[[ 0.00511309 -0.0015933   0.00371776]]
[[ 0.00503018 -0.00130769  0.00126719]]
[[ 0.00502368 -0.00197463 -0.00210567]]
[[ 0.00680273 -0.0037711  -0.00787291]]
[[ 0.00202014 -0.00078453 -0.01029397]]
[[  3.78795872e-03  -8.62031941e-05   4.82603201e-03]]
[[ 0.00392895 -0.00041301  0.00744517]]
[[ 0.0003475  -0.00075679  0.00637687]]
[[ 0.00044798  0.00141937  0.00594265]]
[[  7.06241284e-05   1.24737505e-03   5.30752626e-03]]
[[ 0.00059314  0.00284353  0.00519543]]
[[ 0.00019745  0.00181634  0.00431256]]
[[-0.00030952  0.00219522  0.00252544]]
[[ 0.00305282  0.0003822  -0.00176875]]
[[ 0.00282249 -0.00142289  0.00299242]]
[[-0.0002532  -0.00098656 -0.00350359]]
[[ 0.0031796   0.00070899  0.00518636]]
[[  4.07693061e-03   8.41399987e-05   4.81453334e-03]]
[[ 0.00603774 -0.00093293  0.00973524]]
[[  1.83654709e-03  -3.72214321e-05   7.46669585e-03]]
[[-0.00046592 -0.00168927  0.00516278]]
[[ 0.0011004  -0.00054642  0.00538514]]
[[ 0.00072655  0.00113152  0.00729128]]
[[-0.00121127  0.00277729  0.00530764]]
[[ 0.00039751  0.00120168  0.00437587]]
[[ 0.0004281   0.00105788  0.00517312]]
[[  3.09547671e-05   4.20889044e-03   5.30719124e-03]]
[[ 0.0014362   0.00240205  0.00608011]]
[[  1.92758160e-05   1.84865312e-03   4.21247956e-03]]
[[ 0.00049952  0.00128126  0.00440046]]
[[-0.00091333  0.00345652  0.00128264]]
[[-0.0007819   0.00267637  0.0034601 ]]
[[ -7.17623074e-05   2.92698100e-04   1.13536069e-03]]
[[ 0.00446663  0.00501941 -0.01221725]]
[[ 0.00702947  0.00776298 -0.00528352]]
[[ 0.00658092  0.00538202  0.00036594]]
[[ 0.00594483  0.00419703  0.0030434 ]]
[[ 0.00732928  0.00323615  0.00153417]]
[[ 0.00882251  0.00398965 -0.00214665]]
[[ 0.00749977  0.00625303 -0.00753513]]
[[  4.67734733e-04  -8.82697267e-05  -1.17635942e-02]]
[[ 0.0043891   0.00286553  0.00372922]]
[[ 0.00475405  0.00239197  0.00628695]]
[[ 0.00160298  0.00114441  0.00554235]]
[[  1.08664385e-03  -9.65997806e-05   5.00695412e-03]]
[[ 0.0004895   0.00037545  0.00437269]]
[[ 0.00070812 -0.00033525  0.00452959]]
[[ 0.00038067 -0.00038383  0.00428054]]
[[ 0.00042232 -0.00153241  0.00312771]]
[[ 0.00596734  0.00523039  0.00125319]]
[[ 0.00650104  0.00164989  0.00241798]]
[[ 0.00819329  0.00137421 -0.00299783]]
[[ 0.00308381  0.0028776   0.00276614]]
[[ 0.00463694  0.00149358  0.00356977]]
[[ 0.00677542  0.00294784  0.00849388]]
[[ 0.00212843  0.00250129  0.00750805]]
[[ 0.00130835  0.00150116  0.00424771]]
[[ 0.00244258  0.00054735  0.0046235 ]]
[[  9.00322569e-04   1.72712096e-05   6.47819926e-03]]
[[-0.00020168 -0.00093461  0.00396162]]
[[ 0.00020045  0.00049088  0.00371471]]
[[ 0.00098622  0.00015601  0.00413273]]
[[-0.00079659 -0.00067464  0.00417915]]
[[ 0.00166143 -0.0004391   0.00524985]]
[[ 0.00027043 -0.00037904  0.00348836]]
[[ 0.0005945  -0.00023765  0.00464642]]
[[-0.00116126 -0.00262897  0.00284983]]
[[ 0.00047303 -0.00211865  0.00385809]]
[[ 0.00075612 -0.00035917  0.00205091]]
[[ 0.00048577 -0.00061132 -0.00692909]]
[[-0.00200532 -0.00240245 -0.00487989]]
[[-0.00118118 -0.00125699 -0.00235832]]
[[-0.00064823 -0.00081448 -0.00151666]]
[[-0.00088781 -0.00170172 -0.00053397]]
[[-0.00328365 -0.00280126 -0.0030127 ]]
[[-0.00254987 -0.00296283 -0.00798619]]
[[ 0.00250186  0.002061   -0.01072783]]
[[ 0.00075928 -0.00170875 -0.00121056]]
[[ -1.37131581e-05  -6.37232003e-04  -1.85305646e-03]]
[[ 0.00044332 -0.00074516 -0.00202273]]
[[-0.00036575 -0.00064278 -0.00259486]]
[[-0.00136245 -0.00159036 -0.00255635]]
[[-0.00156216 -0.00117173 -0.00161038]]
[[-0.00203468 -0.0020605  -0.00096164]]
[[ -1.79848690e-03  -9.50833679e-04  -8.27954709e-05]]
[[-0.00073908 -0.00069436 -0.00202513]]
[[ -8.62024101e-05  -6.39969123e-04   3.14937586e-04]]
[[-0.0040021  -0.00455348 -0.00364925]]
[[-0.00126311 -0.00298331 -0.00231186]]
[[  1.46278130e-03  -1.54108608e-03  -2.57323544e-05]]
[[-0.00038124 -0.00031496 -0.00199988]]
[[ 0.00041152 -0.00052101 -0.00167244]]
[[ 0.00010248 -0.00101461 -0.00226844]]
[[ 0.00110156 -0.00029314 -0.00236636]]
[[-0.0008235  -0.00035533 -0.00227646]]
[[-0.00025426 -0.0005846  -0.00210334]]
[[-0.00130574 -0.00242916 -0.00311252]]
[[-0.00196059 -0.00094579 -0.00309586]]
[[-0.0011272  -0.00102737 -0.00120992]]
[[-0.00169443 -0.00064765 -0.00167635]]
[[-0.00289658 -0.00306994 -0.00093292]]
[[-0.00248411 -0.00181519 -0.00077717]]
[[ -1.22280180e-03  -9.25414247e-04  -3.65920631e-05]]
[[-0.00180017 -0.00057687 -0.00057026]]
[[-0.00144051 -0.0009024   0.00026843]]
