[[ -6.85631602e-03   1.50234538e-05   8.36475035e-03]]
[[-0.00955847 -0.00249619  0.00378871]]
[[ -1.10584739e-02  -4.33404519e-03   2.18349295e-05]]
[[-0.00855265 -0.00370105 -0.00321283]]
[[-0.00737757 -0.00335379 -0.0009656 ]]
[[-0.00702659 -0.0031856   0.00096263]]
[[-0.00792725 -0.00318317  0.00328751]]
[[-0.00538697 -0.00188227  0.0075597 ]]
[[-0.00674884 -0.00367685 -0.00458811]]
[[-0.0072996  -0.00304554 -0.00790258]]
[[-0.0030623  -0.00162174 -0.00719997]]
[[-0.00227082 -0.00187741 -0.00712361]]
[[-0.00115994 -0.00131088 -0.00659657]]
[[-0.00071937 -0.00124691 -0.00636727]]
[[-0.0006354  -0.0003004  -0.00620281]]
[[ -9.15667304e-06   1.25664699e-04  -5.04923697e-03]]
[[-0.00935853 -0.00671517  0.00153886]]
[[-0.00611868 -0.00275758 -0.00235656]]
[[-0.0063189  -0.00300867  0.00161443]]
[[-0.00649103 -0.00493441 -0.00569061]]
[[-0.00713222 -0.00265801 -0.00487186]]
[[-0.01016959 -0.00273939 -0.01055121]]
[[-0.00480591 -0.00418364 -0.00563536]]
[[-0.00199904 -0.00142974 -0.00694396]]
[[-0.00411215 -0.00157931 -0.00637646]]
[[-0.0022753  -0.00224561 -0.00918971]]
[[-0.00105767 -0.002685   -0.00607906]]
[[-0.00108569 -0.00167854 -0.00637126]]
[[-0.00204013 -0.00089937 -0.00629357]]
[[ 0.00016822 -0.00167721 -0.00518487]]
[[-0.00135659 -0.00216578 -0.00695495]]
[[-0.00010998 -0.00048495 -0.00639773]]
[[ -1.19504369e-03   7.68377753e-05  -6.69468824e-03]]
[[ 0.0003596  -0.00014792 -0.00359625]]
[[ 0.0002115  -0.00091048 -0.00522954]]
[[-0.00014039  0.00180716 -0.004657  ]]
[[-0.00390097 -0.00166974  0.00392763]]
[[-0.0034388  -0.00145741  0.00488642]]
[[-0.00305589 -0.00140604  0.00405878]]
[[-0.00329562 -0.00134791  0.00400654]]
[[-0.00420847 -0.00172547  0.00330498]]
[[-0.0051131  -0.00254878  0.00502355]]
[[-0.00350363 -0.00130147  0.00603849]]
[[-0.00543003 -0.0021276   0.00500684]]
[[-0.0028083  -0.00124196  0.00322446]]
[[-0.00204045 -0.00057477  0.00336343]]
[[-0.00141944 -0.00058066  0.00379597]]
[[-0.0006823   0.00019306  0.0038127 ]]
[[ 0.00116958  0.00060764  0.00390204]]
[[ 0.00121285  0.00163331  0.00237078]]
[[ 0.00170433  0.00097685  0.00146862]]
[[ 0.00140185  0.00102826  0.00063126]]
[[-0.00300631 -0.00144393  0.0033099 ]]
[[-0.00480556 -0.00279594  0.0027319 ]]
[[-0.00811175 -0.00693989  0.00588573]]
[[-0.00193376 -0.00175595  0.00330302]]
[[-0.0032308  -0.0016625   0.00278694]]
[[-0.00170397 -0.00029378  0.00297752]]
[[-0.00202739 -0.00051961  0.00276867]]
[[-0.00106968 -0.00066694  0.00361504]]
[[-0.00159549 -0.00136705  0.00472513]]
[[-0.00026954  0.00010886  0.00322543]]
[[-0.00095941  0.00043955  0.00429955]]
[[ 0.00057317  0.00071828  0.00288141]]
[[ 0.00240142  0.00056231  0.00462289]]
[[ 0.00201408  0.00269181  0.00308649]]
[[ 0.0013793   0.00071069  0.00245321]]
[[ 0.00115187  0.00101026  0.00111579]]
[[ 0.00250659  0.00102736  0.00118836]]
[[ 0.00193797  0.00172092  0.0004559 ]]
[[ 0.00149322  0.00055065  0.00102672]]
[[ 0.00098807  0.00060126  0.00013514]]
[[-0.00146628  0.00366103  0.00364738]]
[[ 0.00115799  0.00930213  0.00309171]]
[[-0.0005547   0.00639694  0.00295362]]
[[-0.0005079   0.00594721  0.0033376 ]]
[[ 0.00054038  0.00720719  0.00178737]]
[[ 0.00262519  0.0097518   0.00245258]]
[[ 0.00345682  0.01067653  0.00294947]]
[[-0.00352542 -0.00026666  0.0058714 ]]
[[-0.00171668  0.00475706  0.00295232]]
[[-0.00178101  0.00310336  0.0034579 ]]
[[-0.00237793  0.00161328  0.00355548]]
[[-0.00116588 -0.0001775   0.00393747]]
[[  2.48546640e-05   7.87531573e-04   3.70597970e-03]]
[[ 0.00097114 -0.00097288  0.00285108]]
[[ 0.0010218   0.00051549  0.00143606]]
[[ 0.00115461 -0.00123232  0.00011018]]
[[-0.00151234  0.00421969  0.00263286]]
[[-0.00090225  0.00635923  0.00147578]]
[[-0.00080851  0.01212078  0.00266278]]
[[ 0.00071187  0.00614926  0.00309847]]
[[-0.00212706  0.00418939  0.0015686 ]]
[[-0.00193989  0.00198471  0.00361298]]
[[-0.00307576  0.00376243  0.00526993]]
[[-0.00120096  0.00209574  0.00318217]]
[[-0.00286807  0.00169278  0.00353675]]
[[-0.00030399 -0.00015968  0.00330381]]
[[-0.0021757  -0.00103798  0.00337864]]
[[ 0.00033792  0.00183212  0.0038829 ]]
[[ 0.00034746  0.00021668  0.00415869]]
[[ 0.00080668 -0.00224101  0.00323349]]
[[ 0.00149731 -0.00021103  0.00327264]]
[[ 0.00217845  0.00173768  0.00135962]]
[[ 0.00127164  0.00050439  0.00086439]]
[[ 0.00017611 -0.00243118 -0.0003543 ]]
[[ 0.00122524 -0.00132778  0.00092352]]
[[ 0.00089775 -0.00058639 -0.00084378]]
[[-0.00219578 -0.00083222  0.00750355]]
[[-0.00766606 -0.0054133   0.00437022]]
[[-0.0076531  -0.00109178  0.00048089]]
[[-0.00593184 -0.00150331 -0.00312407]]
[[-0.00663385 -0.00250148 -0.00078628]]
[[-0.00830166 -0.00439767  0.00182125]]
[[-0.0083089  -0.00648927  0.0050647 ]]
[[-0.00050524  0.00419458  0.00523652]]
[[-0.00371273 -0.00016244 -0.00452607]]
[[-0.00338159  0.00034592 -0.00703297]]
[[ 0.00020128  0.0004697  -0.00617988]]
[[ 0.00062706  0.00161512 -0.00547863]]
[[ 0.00070168 -0.00012024 -0.0049153 ]]
[[  7.09453741e-05   5.65224752e-04  -5.05630038e-03]]
[[-0.00015967 -0.00081487 -0.00462589]]
[[  5.55079809e-05   4.83150942e-04  -2.95478937e-03]]
[[-0.00496075  0.00412303  0.00197796]]
[[-0.00497511 -0.00028399 -0.00198233]]
[[-0.0070011  -0.00127512  0.00246484]]
[[ -5.89949434e-03  -6.53219531e-05  -5.85855984e-03]]
[[-0.0037328  -0.00033564 -0.00405845]]
[[-0.00473716  0.00127291 -0.00915012]]
[[-0.00044217  0.00037863 -0.00759238]]
[[  5.83619000e-05  -1.57740687e-04  -5.97022497e-03]]
[[-0.00042986  0.00088408 -0.00483391]]
[[ 0.00095727  0.00212409 -0.00625984]]
[[ 0.00180026  0.00268519 -0.00380983]]
[[-0.00032401 -0.00088348 -0.00602399]]
[[ 0.0008008  -0.00013187 -0.00477428]]
[[ 0.00167486  0.00101248 -0.00384471]]
[[-0.00078413  0.00161223 -0.00530196]]
[[-0.00141517 -0.00169741 -0.004881  ]]
[[-0.00014498 -0.00139473 -0.00510864]]
[[ 0.00185067  0.00114847 -0.00167303]]
[[ 0.00037073  0.00189362 -0.0036528 ]]
[[-0.00035942 -0.00098862 -0.001983  ]]
[[ 0.00438359 -0.00272949  0.00097678]]
[[ 0.00176425 -0.00509448  0.00157486]]
[[ 0.00045999 -0.00604981  0.00053034]]
[[-0.00010552 -0.00486578 -0.00118673]]
[[-0.0007408  -0.00382339 -0.00060026]]
[[-0.00067748 -0.00360228  0.00030585]]
[[  4.43695232e-05  -3.89483860e-03   9.84205975e-04]]
[[ 0.00047636 -0.0020141   0.00124591]]
[[ 0.00011847 -0.00548241 -0.00227   ]]
[[ 0.00122604 -0.0033097  -0.00249542]]
[[ 0.00112601 -0.00200113 -0.00246028]]
[[ 0.00125824 -0.00160841 -0.001879  ]]
[[ 0.00075658 -0.00137834 -0.00201778]]
[[ 0.00104903 -0.00097839 -0.00186334]]
[[ 0.0009988  -0.00043466 -0.0018293 ]]
[[  1.29152624e-03   6.38541210e-07  -1.50280768e-03]]
[[ 0.00317191 -0.00984025  0.00309997]]
[[-0.00071877 -0.00341303 -0.00118421]]
[[-0.00093193 -0.00330579  0.00047094]]
[[-0.00013289 -0.00751587 -0.00408654]]
[[-0.0005626  -0.00363305 -0.00259843]]
[[ 0.0014903  -0.00366285 -0.0023217 ]]
[[ 0.00077162 -0.00340566 -0.00158409]]
[[ 0.00214636 -0.00199307 -0.00289844]]
[[ 0.00069297 -0.00174302 -0.00244879]]
[[ 0.00129355 -0.00153394 -0.00148478]]
[[ 0.00095852 -0.00182732 -0.00158128]]
[[ 0.00049483 -0.0017087  -0.00233847]]
[[ 0.00054138 -0.00087652 -0.00209667]]
[[ 0.00089957 -0.00101978 -0.00146094]]
[[ 0.00119413 -0.00128317 -0.00167498]]
[[ 0.00101953 -0.00040577 -0.00233343]]
[[ 0.00074533 -0.00021208 -0.00161009]]
[[  9.53823681e-04  -2.07363656e-05  -1.06839586e-03]]
[[  1.55283082e-03  -2.93650664e-05  -1.25473797e-03]]
[[ 0.00117035  0.00052102 -0.00163175]]
[[-0.00044572 -0.00232546  0.00129925]]
[[-0.00074566 -0.00166812  0.00140781]]
[[-0.00120818 -0.00159208  0.00126676]]
[[-0.00167914 -0.00164767  0.00145323]]
[[-0.00310915 -0.00177647  0.00053171]]
[[-0.00452337 -0.00169682  0.00102089]]
[[-0.00122309 -0.00127793  0.00066623]]
[[ 0.0001449  -0.00284719  0.00151877]]
[[-0.00115956 -0.00160851  0.00125544]]
[[-0.0010521  -0.00158876  0.00135999]]
[[-0.00140426 -0.00126028  0.00163792]]
[[-0.00119544 -0.00069277  0.00210973]]
[[ -9.89844736e-04   9.23301968e-05   2.23242179e-03]]
[[-0.00038907  0.00143575  0.00194881]]
[[-0.00031119  0.00094344  0.00126558]]
[[  3.41828945e-05   1.27843545e-03   9.34820579e-04]]
[[-0.0011559  -0.0016977   0.00124014]]
[[-0.00399797 -0.00341823  0.00100796]]
[[-0.00881316 -0.00352228  0.00040229]]
[[-0.00083704 -0.00196953  0.00122364]]
[[-0.0013679  -0.00157203  0.00133598]]
[[-0.0010248  -0.00121862  0.00130661]]
[[-0.00080404 -0.00203306  0.00098572]]
[[-0.00095343 -0.00138389  0.00147983]]
[[-0.00145955 -0.00173294  0.00163043]]
[[-0.00101012 -0.00061687  0.00189581]]
[[-0.00156503 -0.00084607  0.00294115]]
[[ -7.67078478e-04  -9.77746803e-05   1.59368148e-03]]
[[-0.0010528   0.00023047  0.00222671]]
[[ 0.00044075  0.00242639  0.00299476]]
[[-0.00012493  0.00045739  0.00192928]]
[[-0.00035771  0.00071126  0.0010405 ]]
[[-0.00034617  0.00108014  0.00101588]]
[[ 0.00063421  0.00216208  0.00088355]]
[[ 0.0001569   0.00071265  0.00103978]]
[[-0.00010225  0.00078154  0.00059624]]
[[  9.82706939e-05  -4.08146160e-03  -8.35961875e-04]]
[[ 0.00359346  0.0016754  -0.00177539]]
[[  3.81419522e-03  -2.29232102e-03   9.59309071e-05]]
[[ 0.00319304 -0.00066191  0.00315166]]
[[ 0.00477298  0.00102129  0.00141865]]
[[ 0.00681964  0.00292645 -0.0007714 ]]
[[ 0.00625159  0.00468357 -0.00273635]]
[[ 0.00142249 -0.00581107 -0.00078321]]
[[ 0.00159715 -0.00221091  0.00435172]]
[[ 0.00019308 -0.00194929  0.00519246]]
[[-0.00105155 -0.00190826  0.00493903]]
[[-0.0009859  -0.00250475  0.00452513]]
[[-0.00108093 -0.0003918   0.00417266]]
[[-0.00082672 -0.00072672  0.0040972 ]]
[[-0.00097518  0.00091762  0.00333715]]
[[-0.00107622 -0.00039042  0.00213751]]
[[ 0.00139261 -0.0090834  -0.00186113]]
[[ 0.00362806 -0.00110085  0.00228244]]
[[  5.91153190e-03   5.59954789e-05  -1.60350510e-03]]
[[ 0.00435631 -0.00284339  0.00613609]]
[[ 0.00201705 -0.00114417  0.00400914]]
[[-0.00011248 -0.00401494  0.00568651]]
[[-0.00160004 -0.00162456  0.00603044]]
[[-0.00068924 -0.00163366  0.00560491]]
[[-0.00055431 -0.00170335  0.00417017]]
[[-0.00045837 -0.00303783  0.00438038]]
[[-0.00195738 -0.00357071  0.00257285]]
[[ 0.00010375  0.0003531   0.00585124]]
[[-0.00123609 -0.00010692  0.00396147]]
[[-0.00191139 -0.00117881  0.00302047]]
[[-0.00058924 -0.00137375  0.00439813]]
[[ 0.00065681  0.00212738  0.00396144]]
[[-0.00080037  0.00138857  0.00283735]]
[[-0.00242203 -0.00108652  0.0011674 ]]
[[-0.00129013 -0.00113752  0.00230018]]
[[-0.00084986  0.00051684  0.00183712]]
[[ 0.00211342 -0.00481668 -0.00211238]]
[[ 0.00083348 -0.01047414 -0.00188443]]
[[ 0.00260489 -0.00745561 -0.00239253]]
[[ 0.00300754 -0.00718147 -0.00359388]]
[[ 0.0029305  -0.00821188 -0.00250148]]
[[ 0.00325655 -0.01069605 -0.00215308]]
[[  5.31344721e-05  -1.19218937e-02   1.38075934e-04]]
[[ 0.0034736  -0.00145244 -0.00303864]]
[[ 0.00296476 -0.005544   -0.00328755]]
[[ 0.00306348 -0.00369294 -0.0033114 ]]
[[ 0.0035954  -0.00200109 -0.00325691]]
[[  2.64878766e-03  -9.18255384e-06  -3.51475920e-03]]
[[ 0.00238201 -0.0009691  -0.00311711]]
[[ 0.00091937  0.00117444 -0.00300832]]
[[ 0.00101675 -0.00038023 -0.00168194]]
[[ 0.00032317  0.00159207 -0.00066553]]
[[ 0.00321107 -0.00523129 -0.00233747]]
[[ 0.00408794 -0.00716418 -0.00264739]]
[[ 0.00820585 -0.01017357 -0.00209893]]
[[ 0.00038173 -0.00712155 -0.00316895]]
[[ 0.0034548  -0.00470023 -0.00270933]]
[[ 0.00346603 -0.00246579 -0.00326747]]
[[ 0.0042884  -0.00457241 -0.00539875]]
[[ 0.00223416 -0.00266278 -0.002799  ]]
[[ 0.00386819 -0.00185021 -0.0026872 ]]
[[  1.98109519e-03  -6.97592213e-05  -2.95243516e-03]]
[[ 0.00358802  0.00080374 -0.00324863]]
[[ 0.00134735 -0.00234317 -0.00359662]]
[[ 0.00309181 -0.00023507 -0.00293047]]
[[ 0.00091868  0.00253145 -0.00355199]]
[[ 0.00031962  0.00027654 -0.00322745]]
[[-0.00059365 -0.00184359 -0.00173297]]
[[ 0.00143086 -0.00034139 -0.00113682]]
[[ 0.00121249  0.0030104  -0.00023366]]
[[ 0.00024544  0.00162274 -0.00113901]]
[[ 0.00024568  0.00080082  0.00012779]]
[[ 0.0040581   0.00091636  0.00053285]]
[[ 0.00172619 -0.00174561  0.0016506 ]]
[[ 0.00051357 -0.00285709  0.00122834]]
[[ -4.08145823e-05  -1.98184238e-03  -2.84687616e-05]]
[[ -2.75658574e-04  -1.19192859e-03   7.54623721e-05]]
[[ -4.37249457e-06  -8.73556814e-04   4.05194978e-04]]
[[ 0.00042058 -0.0009198   0.00082651]]
[[ 0.00070643  0.00090391  0.00039616]]
[[-0.00012139 -0.00244457 -0.00078915]]
[[ 0.00067728 -0.00113731 -0.00087593]]
[[ 0.0005604  -0.00017398 -0.00066717]]
[[ 0.00049111 -0.00040349 -0.00019673]]
[[ 0.00010876 -0.00069736 -0.00038748]]
[[ 0.0002853  -0.0005751  -0.00051086]]
[[ 0.00037326 -0.00052572 -0.00067775]]
[[  6.95894238e-04  -8.04170846e-05  -6.11620430e-04]]
[[ 0.00283604 -0.00615885  0.00411777]]
[[-0.0002598  -0.0008985  -0.00023253]]
[[-0.00012537 -0.00063624  0.00023378]]
[[-0.00064665 -0.0035657  -0.00210327]]
[[-0.00046167 -0.00127747 -0.00094073]]
[[ 0.00100007 -0.00162054 -0.00072837]]
[[ 0.00041545 -0.00104802 -0.00041327]]
[[ 0.00141864  0.000317   -0.0006512 ]]
[[ 0.00042265 -0.00037858 -0.00060317]]
[[ 0.00057069 -0.00041866  0.00013995]]
[[ 0.00039284 -0.00044418 -0.00028324]]
[[-0.00033009 -0.00092762 -0.00036957]]
[[  8.09595870e-05  -3.47110180e-04  -4.92172859e-04]]
[[ 0.00033056 -0.0004753  -0.00036939]]
[[ 0.00044224 -0.00097362 -0.00039248]]
[[ 0.00028884 -0.00069961 -0.00107661]]
[[ 0.00024452 -0.00021898 -0.00056508]]
[[  4.78061556e-04   1.03743100e-05  -3.61759961e-04]]
[[ 0.00093423 -0.00016944 -0.00050242]]
[[ 0.00068132  0.0001946  -0.00070807]]
[[ 0.00026468  0.00012773  0.00032976]]
[[  6.48288599e-05   7.16461904e-04   3.31370654e-05]]
[[  1.28281231e-05   5.74774985e-04  -1.71253399e-04]]
[[ -6.28171031e-04   5.91554751e-04  -6.78103687e-05]]
[[-0.00229432  0.00063932 -0.00065024]]
[[ -3.90128968e-03   9.20064483e-04  -9.48301510e-05]]
[[-0.00072068  0.00135197 -0.00034572]]
[[  5.77400328e-04  -7.74267920e-05   8.49883467e-04]]
[[ -9.46943697e-05   3.71818734e-04  -1.10947130e-04]]
[[ 0.00021691  0.00051617 -0.000273  ]]
[[ 0.00012276  0.00011919 -0.00021433]]
[[  3.89264656e-04   4.73455390e-04   6.12914178e-05]]
[[  8.12472431e-04   7.86681833e-04   8.13518165e-05]]
[[ 0.0013713   0.00166718 -0.00035574]]
[[ 0.00203202  0.00086188 -0.00097118]]
[[ 0.00181173  0.00093608 -0.00243926]]
[[ 0.0002407   0.00036218 -0.00012321]]
[[-0.00350425 -0.00086792  0.00011265]]
[[-0.00854317 -0.00053332 -0.00050973]]
[[  5.91330518e-05   2.22808960e-04  -2.80990237e-05]]
[[-0.00026734  0.00025603  0.00015337]]
[[ 0.00035832  0.00035815 -0.00023972]]
[[ 0.00064852  0.00079826 -0.00094499]]
[[ 0.00031732  0.00018485 -0.00012363]]
[[  8.78372999e-05  -4.78936827e-04   2.26157581e-05]]
[[  5.99116053e-04   3.23923041e-04  -5.46824457e-05]]
[[ 0.00018107  0.00066696  0.00059166]]
[[ 0.00074689  0.00075939 -0.00027097]]
[[ 0.00079473  0.00079798  0.00038837]]
[[ 0.0023252   0.00268022  0.00040067]]
[[ 0.00151256  0.00070674 -0.00030244]]
[[ 0.00140991  0.00088981 -0.00087995]]
[[ 0.00174606  0.00083736 -0.00028602]]
[[ 0.00265376  0.00141958 -0.00232982]]
[[ 0.00137732  0.00032905 -0.00158913]]
[[  2.05588157e-03   9.26477438e-05  -4.22230066e-03]]
[[-0.00073425  0.00155275 -0.00322753]]
[[  6.71174786e-05   5.57233614e-03  -1.63704425e-03]]
[[-0.00055182  0.00398385  0.00085882]]
[[ 0.00081533  0.00363953  0.0018954 ]]
[[ 0.00315374  0.00332185  0.00188725]]
[[ 0.00481825  0.00407504 -0.00058936]]
[[ 0.00283551  0.00587231 -0.00404191]]
[[-0.000993   -0.00066934 -0.00478208]]
[[ 0.00057984  0.00187863  0.00191182]]
[[-0.00032646  0.00172979  0.00174341]]
[[ 0.00016375  0.00032026  0.00153663]]
[[ 0.00025891 -0.00066917  0.0006997 ]]
[[ 0.00087014 -0.00021847  0.00050547]]
[[ 0.0009492  -0.00051458  0.00029011]]
[[ 0.00160089 -0.00057742  0.00012858]]
[[ 0.00134683 -0.00155317 -0.00166617]]
[[-0.0012981   0.00253012  0.00064017]]
[[ 0.00316407  0.00169796  0.00197176]]
[[ 0.00463948  0.00172538 -0.00130161]]
[[ 0.00026645  0.0017162   0.00103023]]
[[ 0.00111255  0.00123401  0.00179775]]
[[-0.00079901  0.00119275  0.00174538]]
[[-0.00129283  0.0024087   0.00395426]]
[[ 0.00022869  0.00043138  0.00090158]]
[[ 0.00064008  0.00024515  0.00149838]]
[[ 0.0004979  -0.0005258   0.00051513]]
[[-0.00049159 -0.00133527 -0.00015673]]
[[ 0.00072956 -0.00025735  0.00031252]]
[[ 0.00112681 -0.00010676  0.00080905]]
[[  8.70885525e-05  -6.93316526e-04   2.36949036e-04]]
[[ 0.00107047 -0.00028221  0.00057076]]
[[ 0.00139864 -0.00077908 -0.00018276]]
[[ 0.00166958 -0.00021353  0.00092713]]
[[ 0.00034522 -0.00230181 -0.00124592]]
[[ 0.00102869 -0.00149431 -0.00098237]]
[[ 0.00222678 -0.00081838 -0.0034811 ]]
[[-0.0008535  -0.00086217 -0.00357028]]
[[-0.00201427 -0.00273377 -0.00128429]]
[[-0.00102982 -0.00147886  0.00042229]]
[[ 0.00010335 -0.00123279  0.00054519]]
[[ 0.00082395 -0.00187038  0.00104406]]
[[ 0.0005006  -0.00283578 -0.00021267]]
[[-0.00102076 -0.00343848 -0.00239861]]
[[ 0.00020745  0.0014392  -0.00604526]]
[[ 0.00064166 -0.00180591  0.00040512]]
[[  6.37436122e-05  -7.05891580e-04   1.38980870e-04]]
[[ 0.00086788 -0.000734    0.0002102 ]]
[[ 0.00038725 -0.00063198 -0.00050456]]
[[ 0.00078302 -0.0016308  -0.00034957]]
[[ -1.57846279e-05  -1.09590873e-03  -6.00187968e-04]]
[[ -8.11814310e-05  -2.03417456e-03  -2.13028041e-04]]
[[ -4.97519759e-04  -9.01344897e-04  -1.43802918e-06]]
[[-0.00097905 -0.00083966  0.00012908]]
[[ 0.00156829 -0.00069264  0.00096481]]
[[ 0.0012527  -0.00180399 -0.00053295]]
[[-0.00132296 -0.00307976 -0.00045483]]
[[ 0.00136473 -0.00129642  0.00081532]]
[[ -3.41771471e-05  -4.80829695e-04  -3.25142849e-05]]
[[  2.93119745e-04  -6.65307887e-04   1.86831706e-05]]
[[  3.74578967e-04  -1.06049144e-03  -8.27000255e-05]]
[[  1.41336042e-03  -5.98597616e-05   6.10318874e-04]]
[[ 0.00012993 -0.00044602 -0.0004267 ]]
[[ 0.0003711  -0.00059955 -0.00026026]]
[[  6.25124895e-05  -2.74842372e-03  -1.47092322e-03]]
[[ 0.00151    -0.00091523 -0.00018705]]
[[ 0.00018895 -0.00095484 -0.00028578]]
[[-0.00024665 -0.00069357 -0.00051749]]
[[-0.00141213 -0.00325582 -0.0005108 ]]
[[ 0.00041257 -0.00180525 -0.00014375]]
[[ -7.43636059e-05  -8.93778281e-04   2.09885763e-05]]
[[-0.0005364  -0.00057842 -0.0001515 ]]
[[-0.00042565 -0.00086724  0.0001074 ]]
[[ 0.00376014  0.00407973  0.00530995]]
[[-0.00327105  0.00517664  0.00264835]]
[[-0.00223069  0.0016071  -0.00073743]]
[[-0.00271858  0.00020415 -0.00319887]]
[[-0.00577585  0.00136661 -0.00051112]]
[[-0.00994862  0.00337157  0.0012613 ]]
[[-0.00677463  0.00495586  0.00188681]]
[[ 0.00447751 -0.00380559  0.00182482]]
[[-0.00021006 -0.00049252 -0.00456522]]
[[ -5.97390615e-05   2.13452727e-05  -6.71025179e-03]]
[[ 0.00222372  0.0003617  -0.00593719]]
[[ 0.00192189 -0.00101018 -0.00485471]]
[[ 0.00027125  0.00042801 -0.00448147]]
[[ -4.45080647e-06  -4.29729205e-04  -3.73867362e-03]]
[[ -9.96044352e-06   7.33429677e-04  -3.02704073e-03]]
[[ 0.00043068 -0.00075362 -0.00168381]]
[[ 0.0015214  -0.00179061  0.00146238]]
[[ -4.69915846e-03  -4.23264784e-05  -1.02774245e-03]]
[[-0.01073946  0.00394629  0.00168973]]
[[-0.00099895 -0.00084187 -0.00665046]]
[[-0.0004276  -0.00034962 -0.00341164]]
[[ -1.23993408e-03   6.44380945e-06  -8.17587074e-03]]
[[  1.81881527e-03   1.91670190e-05  -7.39984991e-03]]
[[ 0.00259288  0.00133738 -0.00550343]]
[[ 0.00211633 -0.00031541 -0.00530931]]
[[ 0.00231767 -0.00125769 -0.00482834]]
[[ 0.00268645 -0.00195818 -0.00338842]]
[[-0.00041732  0.00112153 -0.00508119]]
[[-0.00043705  0.00048777 -0.00495246]]
[[ 0.00171864 -0.00078141 -0.00283855]]
[[-0.00059923 -0.00153127 -0.00394554]]
[[-0.00152549  0.00173571 -0.00334381]]
[[-0.0006627   0.00134147 -0.00240632]]
[[ 0.00237875 -0.00155507 -0.00070123]]
[[ 0.00067203 -0.00207217 -0.00258354]]
[[ 0.00059737  0.00011076 -0.00109913]]
[[ 0.00278052 -0.00796262 -0.00248646]]
[[ 0.00744314 -0.01131489  0.00068757]]
[[ 0.0045216  -0.00785288  0.00288167]]
[[ 0.00374631 -0.00554697  0.00368601]]
[[ 0.00447194 -0.00560855  0.00074866]]
[[ 0.00779361 -0.00733103  0.000309  ]]
[[ 0.00900585 -0.00992794  0.00037349]]
[[-0.00034194 -0.0011201   0.00159216]]
[[ 0.00116568 -0.00495088  0.00373504]]
[[ 0.0020003  -0.00346764  0.0060946 ]]
[[-0.00137172 -0.00230185  0.00553907]]
[[-0.00104575 -0.00056854  0.00558646]]
[[-0.00015119 -0.00128762  0.00501109]]
[[ 0.00088043  0.00097186  0.00405754]]
[[ 0.00066041 -0.00066379  0.00245533]]
[[ 0.00091733  0.00149876  0.00110183]]
[[ 0.00285147 -0.00743633  0.00317053]]
[[ 0.00187107 -0.00448262  0.00122113]]
[[ 0.00364562 -0.00840907 -0.00076354]]
[[ 0.00214765 -0.0064222   0.00384486]]
[[ 0.00055348 -0.00340953  0.00224395]]
[[ 0.00355527 -0.00386545  0.00812414]]
[[ 0.00022626 -0.00364799  0.00722441]]
[[-0.00072571 -0.00295984  0.00456203]]
[[-0.0014948  -0.0017845   0.00478684]]
[[-0.00122976 -0.00059901  0.00607897]]
[[-0.00210313  0.00016109  0.00525489]]
[[  4.19744281e-05  -2.41361307e-03   4.84339420e-03]]
[[ 0.0004247  -0.00055414  0.00522206]]
[[  1.69562157e-05   2.41962184e-03   4.37757105e-03]]
[[ 0.00190542  0.00063072  0.00462716]]
[[ 0.00192066 -0.00215735  0.0022441 ]]
[[ 0.00097586 -0.00064158  0.00164282]]
[[-0.00060314  0.00303366  0.00028441]]
[[ 0.00109079  0.00215727  0.00236186]]
[[  4.09294496e-04   5.48713167e-04   6.05726774e-05]]
[[ 0.00233051  0.00988071 -0.00687908]]
[[ 0.0069602   0.00760763 -0.00205542]]
[[ 0.00580153  0.00420063  0.00274673]]
[[ 0.00614466  0.00270801  0.00516817]]
[[ 0.00756781  0.00269033  0.00208421]]
[[ 0.01043864  0.00369193 -0.00034074]]
[[ 0.01023544  0.00568817 -0.00317307]]
[[ 0.00251601  0.00371222 -0.00588311]]
[[ 0.00374952  0.00138241  0.00587746]]
[[ 0.00372214  0.00211407  0.00887213]]
[[ 0.00022445  0.00198481  0.00805926]]
[[ 0.00039084 -0.00018879  0.00756501]]
[[ 0.00106437 -0.0006307   0.00706348]]
[[ 0.00088423 -0.00248059  0.00579972]]
[[ 0.00025348 -0.00164118  0.00445567]]
[[-0.00048533 -0.00233764  0.00288526]]
[[ 0.0021257   0.00202456  0.00015436]]
[[ 0.00541507  0.00317265  0.00302719]]
[[ 0.00679074  0.00613537 -0.00207188]]
[[ 0.00270711  0.00063551  0.00626748]]
[[ 0.00421417  0.00113293  0.00494612]]
[[ 0.00581945  0.00256984  0.01118273]]
[[ 0.00176806  0.00217071  0.00903553]]
[[-0.00079261  0.00297482  0.00647188]]
[[ 0.00084843  0.00165784  0.00750402]]
[[  5.49350373e-04  -2.99484158e-06   8.71520392e-03]]
[[-0.00128162 -0.00117308  0.00724036]]
[[ 0.00084098 -0.00074422  0.00543806]]
[[ 0.00264408 -0.00044111  0.00730033]]
[[ -6.00147359e-05  -3.84020794e-03   6.19128656e-03]]
[[ 0.00148757 -0.00214923  0.00686618]]
[[ 0.00019885 -0.00149397  0.00409709]]
[[ 0.00153577 -0.00120363  0.00338605]]
[[-0.00137088 -0.00384992  0.00170034]]
[[-0.00070567 -0.00281359  0.00384078]]
[[-0.00088467 -0.000931    0.00212027]]
[[ 0.00512113 -0.00321075  0.00048327]]
[[-0.00070372  0.00013351 -0.00077051]]
[[-0.00022182  0.0016761  -0.00153674]]
[[ 0.00117558  0.00319641 -0.00324277]]
[[ 0.00245214  0.0024694  -0.00011697]]
[[ 0.00225873  0.00170578 -0.00125322]]
[[-0.00014233  0.00208626 -0.00320165]]
[[ 0.00564886  0.00284992 -0.00459013]]
[[ 0.00232569  0.00191116 -0.00417302]]
[[ 0.00071634  0.00172835 -0.00614705]]
[[ 0.0030902  -0.00059233 -0.00554812]]
[[ 0.0024715   0.00035251 -0.00524428]]
[[ 0.00060221 -0.00034308 -0.00500942]]
[[-0.00029521  0.00139575 -0.00388382]]
[[-0.00057132 -0.00045128 -0.00272079]]
[[-0.00052591  0.00061363 -0.00167398]]
[[ 0.00262694  0.00301027  0.00070863]]
[[ 0.00476843  0.00170665 -0.00104654]]
[[ 0.00649846 -0.00122999 -0.00123636]]
[[ 0.00093272  0.00151202 -0.00718757]]
[[ 0.00319164  0.00133663 -0.00350834]]
[[-0.00110566  0.00081555 -0.0074101 ]]
[[ 0.00089048  0.00272898 -0.00403168]]
[[ 0.00346241 -0.00167504 -0.0056888 ]]
[[ 0.00346119 -0.00035716 -0.00535336]]
[[ 0.00291357  0.00048405 -0.00507713]]
[[ 0.00256009  0.00083931 -0.0052487 ]]
[[-0.00012529 -0.00126071 -0.00520605]]
[[  6.75048052e-05  -1.70382970e-04  -5.52277936e-03]]
[[-0.00033266  0.00260454 -0.00392657]]
[[-0.00100588  0.00173028 -0.00371476]]
[[-0.00169657 -0.00169601 -0.00311456]]
[[-0.00087944 -0.00061272 -0.00208708]]
[[-0.00038398  0.0014775  -0.0010231 ]]
[[-0.00041012  0.00111905 -0.00252381]]
[[  5.38406142e-05  -2.74324413e-04  -1.06221001e-03]]
[[ 0.00357258  0.00088181  0.00075788]]
[[ 0.0012382  -0.00179109  0.00189558]]
[[ -5.84649412e-05  -2.95269081e-03   1.43433605e-03]]
[[ -5.91189153e-04  -2.01566726e-03   9.05034350e-05]]
[[-0.00078648 -0.00123977  0.00017262]]
[[-0.00047916 -0.00092464  0.00057213]]
[[ -4.57355679e-05  -9.55606499e-04   1.02868882e-03]]
[[ 0.00024038  0.00086366  0.00064659]]
[[-0.00079576 -0.00243596 -0.00074869]]
[[ -7.84934459e-06  -1.08800951e-03  -8.00784615e-04]]
[[-0.00037701 -0.0001244  -0.00062582]]
[[ -4.42831544e-04  -2.89138311e-04  -2.46493601e-05]]
[[-0.00123228 -0.00055492 -0.0002673 ]]
[[-0.0010441  -0.00026541 -0.0001022 ]]
[[ -1.86486117e-03   6.22399870e-05  -3.11772071e-04]]
[[-0.00108385  0.000453    0.00113707]]
[[ 0.0022254  -0.00625446  0.00434209]]
[[-0.00075414 -0.00088821 -0.00024532]]
[[-0.00060574 -0.00067171  0.00041673]]
[[-0.00122541 -0.00359172 -0.00204443]]
[[-0.00119614 -0.00127299 -0.00105428]]
[[ 0.00026792 -0.00160842 -0.0006268 ]]
[[-0.00019672 -0.00100042 -0.0002855 ]]
[[ 0.00065058  0.00031761 -0.00056941]]
[[-0.00062191 -0.00034104 -0.00080265]]
[[-0.00038769 -0.00038156  0.00034387]]
[[ -4.63309952e-04  -3.19236896e-04  -3.53136158e-05]]
[[-0.0014137  -0.0008734  -0.00020935]]
[[-0.00145089 -0.00019814 -0.00071698]]
[[-0.00090574 -0.00015371  0.00023491]]
[[ -8.50844857e-04  -8.31895603e-04   8.70902635e-05]]
[[-0.00137697 -0.00026018 -0.00090801]]
[[-0.00195088  0.00050146 -0.00121533]]
[[-0.00128036  0.00069405  0.0013996 ]]
[[-0.00045801  0.00026785  0.00070537]]
[[-0.00155407  0.00132547  0.00242821]]
[[-0.00019254  0.00011821  0.00061722]]
[[-0.00044868  0.00065907  0.00038821]]
[[-0.00059614  0.00046287  0.00018283]]
[[-0.00126715  0.00050269  0.00025834]]
[[-0.00292238  0.00052047 -0.00044675]]
[[-0.00447705  0.00080492  0.00014834]]
[[-0.00123503  0.00128768 -0.0001054 ]]
[[ 0.00012605 -0.00010652  0.00109779]]
[[-0.00087101  0.00032961  0.00015365]]
[[-0.00052714  0.00048255  0.0001218 ]]
[[-0.00087106  0.00010194  0.00022493]]
[[-0.00053534  0.00046677  0.00073983]]
[[-0.00042571  0.00080548  0.00082341]]
[[ 0.00022989  0.00177348  0.00075334]]
[[ 0.00019024  0.00112637  0.00018227]]
[[  5.07895801e-04   1.14776789e-03   8.01416904e-05]]
[[-0.0003933   0.00027166  0.00026673]]
[[-0.00414021 -0.00094003  0.00019837]]
[[-0.0091436  -0.00064851 -0.00029835]]
[[-0.0005889   0.00015349  0.00029079]]
[[-0.00114155  0.00018768  0.00027482]]
[[-0.00037874  0.00034867  0.00014392]]
[[ -6.62029903e-05   7.21936499e-04  -5.58605989e-04]]
[[-0.00049356  0.00013779  0.00038491]]
[[-0.00104082 -0.00054297  0.00027547]]
[[-0.00025988  0.00032404  0.00058699]]
[[-0.00072809  0.00063094  0.00125078]]
[[-0.00025522  0.00073096  0.0005354 ]]
[[-0.00063569  0.00077311  0.00091299]]
[[ 0.00117148  0.00276837  0.00154598]]
[[ 0.00053369  0.00077982  0.00077602]]
[[  7.28284572e-05   9.99123015e-04   2.16736951e-04]]
[[  1.47508573e-05   1.17229813e-03   5.89950481e-05]]
[[  1.18168075e-03   1.80147485e-03  -1.91482500e-05]]
[[ 0.00065457  0.00060729  0.00026628]]
[[ 0.00028795  0.00076449 -0.00026226]]
[[-0.0012254   0.00158151 -0.00299697]]
[[-0.00044237  0.00562918 -0.00140095]]
[[-0.00117199  0.00410918  0.00105585]]
[[ 0.00020265  0.00372243  0.0019935 ]]
[[ 0.00256187  0.00343001  0.00191483]]
[[ 0.00429224  0.00416206 -0.00047404]]
[[ 0.00233693  0.00592536 -0.00387966]]
[[-0.00145253 -0.00063582 -0.00454478]]
[[-0.00018689  0.00194775  0.00193051]]
[[-0.00111515  0.001768    0.00181187]]
[[-0.00092342  0.00039285  0.0015748 ]]
[[-0.00083331 -0.00062429  0.00089783]]
[[-0.00067778 -0.00011407  0.00066535]]
[[-0.00061049 -0.00043564  0.0007738 ]]
[[-0.00091307 -0.00046087  0.00056806]]
[[-0.00090801 -0.00107919  0.00015663]]
[[-0.00196012  0.00264785  0.00087655]]
[[ 0.00257738  0.00177526  0.00186712]]
[[ 0.00410795  0.00181013 -0.00117646]]
[[-0.00036238  0.00183317  0.00110554]]
[[ 0.00026656  0.00133201  0.00163409]]
[[-0.00164597  0.00122804  0.00184306]]
[[-0.0020207   0.00246806  0.00404684]]
[[-0.00063978  0.00057129  0.00104148]]
[[-0.00058261  0.00036096  0.00125819]]
[[-0.00062985 -0.00046859  0.0007387 ]]
[[ -1.51618045e-03  -1.27325534e-03   4.76103593e-05]]
[[ -5.24898307e-04  -3.25925535e-05   6.38121348e-04]]
[[ -6.55407731e-04   2.46185061e-05   5.86591015e-04]]
[[-0.00138646 -0.00057147  0.00070391]]
[[-0.00047633 -0.00019388  0.00111034]]
[[-0.00053299 -0.0004003   0.00045789]]
[[-0.00082242 -0.00016569  0.00032172]]
[[-0.00202167 -0.00163932 -0.00021481]]
[[-0.0009418  -0.00135949  0.0003186 ]]
[[-0.00064276 -0.00073725 -0.00011144]]
[[-0.0013112  -0.00083988 -0.003331  ]]
[[-0.00250239 -0.00269088 -0.00097352]]
[[-0.00159594 -0.00139334  0.00073293]]
[[-0.00047116 -0.00119125  0.0008316 ]]
[[ 0.00027169 -0.00180488  0.00124964]]
[[ -2.47145750e-05  -2.75871361e-03   2.69429709e-05]]
[[-0.00150141 -0.0033974  -0.00216905]]
[[-0.00024806  0.00147228 -0.00583147]]
[[ -4.14594047e-05  -1.82186458e-03   6.36956430e-04]]
[[-0.00058652 -0.00072833  0.00047224]]
[[  1.22883393e-05  -7.67278188e-04   5.69240866e-04]]
[[ -4.05343023e-04  -6.75195224e-04   4.01282261e-05]]
[[-0.00029194 -0.00166227  0.00021091]]
[[-0.00101271 -0.00118713  0.00024248]]
[[-0.00180939 -0.00213712  0.00058033]]
[[-0.00174073 -0.00091169  0.00204944]]
[[-0.00157462 -0.00075987  0.00046153]]
[[ 0.00101324 -0.00068066  0.00107024]]
[[ 0.00070127 -0.00173511 -0.00030758]]
[[-0.00191679 -0.00308183 -0.0001895 ]]
[[ 0.00060429 -0.00129666  0.00092807]]
[[-0.00068027 -0.00048634  0.000291  ]]
[[-0.00030526 -0.00066721  0.00036465]]
[[-0.00035673 -0.00106952  0.00032042]]
[[  4.47313638e-04  -8.13958033e-05   8.08693406e-04]]
[[ -6.11502821e-04  -4.42389887e-04   9.44829671e-05]]
[[-0.00036109 -0.00063934  0.00029362]]
[[-0.00086381 -0.00271626 -0.00085167]]
[[ 0.00027603 -0.00098256  0.00015765]]
[[-0.00073673 -0.00105716  0.00059993]]
[[-0.00111646 -0.00069528  0.00033127]]
[[-0.00273346 -0.00312222  0.0003388 ]]
[[-0.00121455 -0.00208731 -0.00022312]]
[[-0.00138039 -0.00104345  0.00177771]]
[[-0.00126479 -0.0006229   0.00133563]]
[[-0.00216416 -0.00120738  0.00346624]]
[[ 0.00608619  0.00599415  0.00321185]]
[[ 0.00342743  0.00698107  0.00191146]]
[[ 0.0031312   0.00408371 -0.00118211]]
[[ 0.00179811  0.00475685 -0.00399878]]
[[ 0.00061442  0.00564844 -0.00309177]]
[[ 0.00133446  0.00737755 -0.000783  ]]
[[ 0.00025922  0.00822383  0.00438964]]
[[ 0.0031391   0.00434951  0.00481008]]
[[ 0.00129221  0.00222389 -0.00452848]]
[[ 0.00274154  0.00309475 -0.00480745]]
[[ 0.00281694  0.00204289 -0.00466401]]
[[  2.33679071e-03  -7.90729757e-05  -3.98101389e-03]]
[[ 0.00161818 -0.00068404 -0.00390714]]
[[ 0.00123793 -0.00231799 -0.00359178]]
[[ 0.0015084  -0.00177592 -0.0027454 ]]
[[ 0.00168208 -0.00227543 -0.00170135]]
[[ 0.00600534 -0.00044715  0.00185612]]
[[ 0.00104522  0.00603665 -0.00368084]]
[[ 0.00533887  0.00793087 -0.00040431]]
[[ 0.00060089  0.0014633  -0.00480362]]
[[ 0.00069792  0.00267138 -0.00453743]]
[[ 0.00334346  0.00171209 -0.00463593]]
[[ 0.00348014  0.00439445 -0.00638739]]
[[ 0.0030117   0.00295395 -0.00365858]]
[[ 0.00236223  0.00208049 -0.00431829]]
[[ 0.00195665  0.00017975 -0.0034367 ]]
[[ 0.00332793 -0.00072616 -0.00420949]]
[[ 0.00093225 -0.00058345 -0.00299865]]
[[ 0.00148612 -0.00052982 -0.00388822]]
[[ 0.00114406 -0.00336422 -0.00443619]]
[[ 0.00110201 -0.00144805 -0.00388267]]
[[ 0.00116503 -0.00164701 -0.00272993]]
[[ 0.00115313 -0.00137611 -0.0020715 ]]
[[ 0.00194647 -0.00353901 -0.00102948]]
[[ 0.0019775  -0.00212274 -0.00190879]]
[[ 0.00149356 -0.0011629  -0.00115584]]
[[-0.00053488  0.00558108  0.00414982]]
[[ 0.00247544  0.00452385  0.00126566]]
[[ 0.00304365  0.00642262  0.00026759]]
[[ 0.00106875  0.00475514  0.00209314]]
[[ -9.87395897e-04   2.91714092e-03  -4.83849507e-05]]
[[-0.002188    0.0021708   0.00087693]]
[[ 0.0020583   0.00278153  0.00237189]]
[[ 0.00181818  0.0055163   0.00623046]]
[[ 0.00037209  0.00432312  0.00302319]]
[[ 0.00010414  0.00380992  0.0036463 ]]
[[-0.00141106  0.00194627  0.00364293]]
[[-0.00111977  0.00184986  0.00416696]]
[[-0.00108496  0.00059314  0.00404227]]
[[-0.00021786  0.00166868  0.00368101]]
[[-0.00014606 -0.00059991  0.00250147]]
[[ 0.00013279  0.00022735  0.00164185]]
[[ 0.00112016  0.01121146 -0.00175349]]
[[-0.00314898  0.00196162  0.00125649]]
[[-0.00750528  0.00126546  0.00022721]]
[[ 0.00334082  0.00469682  0.00576533]]
[[ 0.00019238  0.00259063  0.00303156]]
[[ 0.0002845   0.0049707   0.00403536]]
[[  2.31348179e-05   4.34150848e-03   1.69308595e-03]]
[[-0.00118038  0.00179339  0.0049484 ]]
[[-0.00137975  0.00124023  0.00324738]]
[[-0.00064744  0.00220713  0.00390493]]
[[-0.00136049  0.00236169  0.00372947]]
[[  2.51768080e-05  -2.88653463e-04   5.34557379e-03]]
[[-0.00146318  0.00059382  0.00394189]]
[[ 0.00051961  0.00292581  0.00360785]]
[[ 0.00011827  0.00147083  0.00363283]]
[[ 0.00099912 -0.00200783  0.00322359]]
[[-0.00033962 -0.00056924  0.00200832]]
[[ 0.00062004  0.00094572  0.0010691 ]]
[[  5.20298458e-05   8.05541799e-05   1.83954865e-03]]
[[-0.0001104  -0.00063522  0.00124176]]
[[-0.00062623  0.00385451 -0.00250399]]
[[ 0.00011091  0.00756712 -0.00068753]]
[[-0.00095713  0.00583468  0.00185849]]
[[ 0.00056615  0.00544185  0.00287548]]
[[ 0.00306212  0.0050765   0.00252002]]
[[  5.05146117e-03   5.78942701e-03   4.37847721e-06]]
[[ 0.0031463   0.00780281 -0.00334453]]
[[-0.00056743  0.00166721 -0.00427657]]
[[ 0.00017873  0.00365053  0.00279558]]
[[-0.00087238  0.00370714  0.00294148]]
[[-0.00082471  0.00177771  0.00286098]]
[[-0.00084934  0.00074414  0.00229373]]
[[-0.00079472  0.00076757  0.00212652]]
[[-0.00082453  0.00016927  0.00211284]]
[[-0.00114658 -0.00010811  0.0018075 ]]
[[-0.00115784 -0.00104345  0.00120003]]
[[-0.00187613  0.00444703  0.00162086]]
[[ 0.00322951  0.00355011  0.00240485]]
[[ 0.00508357  0.00354164 -0.00092191]]
[[-0.00016199  0.00370715  0.00184332]]
[[ 0.00066733  0.00273799  0.00250023]]
[[-0.00138331  0.00285331  0.00297904]]
[[-0.00188283  0.00498725  0.00534784]]
[[-0.00066921  0.00209972  0.0020127 ]]
[[-0.00037159  0.00143229  0.00251808]]
[[-0.0006584   0.00076015  0.00219042]]
[[-0.00163507  0.00047723  0.00172049]]
[[-0.00072213  0.00094684  0.0016969 ]]
[[-0.00059194  0.00062439  0.00194593]]
[[-0.00172267  0.00011884  0.00233136]]
[[-0.00071     0.00041131  0.00251497]]
[[ -7.71810390e-04   4.90784682e-05   1.36195449e-03]]
[[ -8.62844474e-04   1.59370465e-05   1.41127599e-03]]
[[-0.00236783 -0.00179809  0.0008885 ]]
[[-0.00119591 -0.00129345  0.00132693]]
[[-0.00089083 -0.00061145  0.00095906]]
[[ 0.00014364  0.00168908 -0.00325412]]
[[-0.00115436 -0.00013455 -0.00145089]]
[[-0.00014438  0.00093349 -0.00029502]]
[[ 0.0008951   0.00118924 -0.00057745]]
[[ 0.00114533  0.00049139  0.00031114]]
[[ 0.00066068 -0.00039015 -0.00041664]]
[[-0.00052359 -0.00090606 -0.00233216]]
[[ 0.00078677  0.00360649 -0.00543504]]
[[ 0.00160848  0.000666   -0.00098148]]
[[ 0.00113992  0.00098918 -0.0013357 ]]
[[ 0.00184773  0.000534   -0.00137552]]
[[ 0.00141654  0.00016401 -0.00196383]]
[[ 0.00163256 -0.00134822 -0.00172891]]
[[ 0.00084551 -0.00097169 -0.00172791]]
[[ 0.00063863 -0.00236535 -0.00114065]]
[[ 0.00014112 -0.00114255 -0.00070195]]
[[ 0.00019926  0.00178248 -0.00086334]]
[[  1.80427327e-03   1.69096609e-03   3.52358843e-05]]
[[ 0.00125915  0.00071858 -0.000497  ]]
[[  2.25727594e-06   5.20979762e-05  -2.33836603e-03]]
[[ 0.00214104  0.00078325 -0.00071701]]
[[ 0.00099708  0.00096851 -0.0013918 ]]
[[ 0.00101599  0.00118141 -0.00110326]]
[[ 0.00155422  0.0004709  -0.00205313]]
[[ 0.00223593  0.00097301 -0.00102332]]
[[ 0.00112003  0.0002042  -0.00175786]]
[[ 0.0011253   0.00034149 -0.00142376]]
[[ 0.00106317 -0.00250866 -0.00311247]]
[[ 0.00226854 -0.00065549 -0.00154026]]
[[ 0.00084279 -0.00072398 -0.00121781]]
[[ 0.00060827 -0.00066551 -0.00154285]]
[[-0.00061444 -0.00387003 -0.0015071 ]]
[[ 0.00107934 -0.00198695 -0.00095501]]
[[ 0.00044933 -0.0010714  -0.00054275]]
[[ 0.00013508 -0.00088038 -0.00071843]]
[[ 0.00010018 -0.00130913 -0.00062149]]
[[ 0.00587232  0.00164101 -0.00630258]]
[[ 0.00194854  0.00027883 -0.00318855]]
[[ 0.00164388 -0.00162842 -0.00110483]]
[[ 0.00272005 -0.0013312  -0.00195202]]
[[  4.55707568e-03  -1.20128461e-04  -9.33512674e-05]]
[[ 0.00461984  0.00087173 -0.00258512]]
[[ 0.00178715  0.00068083 -0.00599533]]
[[ 0.00457636 -0.00095651 -0.01006763]]
[[ 0.00312713 -0.00071634 -0.00229415]]
[[ 0.00232806 -0.00100091 -0.00291222]]
[[ 0.00273053  0.00062334 -0.0029571 ]]
[[ 0.00142197 -0.0001865  -0.00348185]]
[[-0.00011369  0.0002188  -0.00368824]]
[[-0.00085197 -0.0011264  -0.00282489]]
[[-0.00123146  0.00049015 -0.00179078]]
[[-0.00108345 -0.00025688 -0.00076836]]
[[ 0.00390295 -0.0052117   0.00186972]]
[[ 0.00685434 -0.00011488 -0.0003682 ]]
[[ 0.00905528  0.00311566 -0.00304569]]
[[ -6.51341757e-05  -5.47702288e-05  -4.91226567e-03]]
[[ 0.00420381  0.00028337 -0.00156457]]
[[ 0.0021229  -0.00157638 -0.00269638]]
[[ 0.00183014 -0.00135057 -0.00162428]]
[[ 0.00272754  0.00148777 -0.00339993]]
[[ 0.00351823  0.00062968 -0.00330103]]
[[ 0.00082509 -0.00032155 -0.00256264]]
[[ 0.00154497 -0.0004818  -0.00359612]]
[[-0.00084897  0.0009876  -0.00402254]]
[[ -4.17522821e-04   5.56888994e-05  -4.32746794e-03]]
[[-0.00135493 -0.00217585 -0.00308549]]
[[-0.00109116 -0.00105085 -0.00270009]]
[[-0.00221589  0.00151711 -0.00225899]]
[[-0.00149288  0.00057806 -0.00135879]]
[[-0.00144105 -0.00084233 -0.00039953]]
[[-0.00093816 -0.00016662 -0.00123533]]
[[-0.00064872  0.00036875 -0.00020796]]
[[ 0.00379452 -0.00734206 -0.01023144]]
[[ 0.00698546 -0.00582094 -0.00497362]]
[[ 0.00678849 -0.00262399  0.00073734]]
[[ 0.00589194 -0.00182492  0.00439514]]
[[ 0.00579575 -0.00140244  0.00184408]]
[[ 0.0058507  -0.00206561 -0.00166179]]
[[ 0.00773498 -0.00400028 -0.00742585]]
[[ 0.0031046  -0.00120947 -0.01004878]]
[[ 0.00447753 -0.00038447  0.00545913]]
[[ 0.00475019 -0.00070737  0.00829834]]
[[ 0.00094104 -0.00103568  0.00722169]]
[[ 0.00112711  0.00114629  0.00697872]]
[[ 0.00052854  0.00101536  0.0063486 ]]
[[ 0.0010926   0.00263664  0.00635125]]
[[ 0.00054166  0.00168523  0.00547438]]
[[  8.95848777e-05   2.05378702e-03   3.85544772e-03]]
[[ 0.00393928 -0.00012318 -0.00119965]]
[[ 0.00355672 -0.00145882  0.00359183]]
[[ 0.00052863 -0.00103149 -0.00323467]]
[[ 0.00366386  0.00034673  0.00573504]]
[[  4.79798527e-03  -4.47269020e-05   5.47161625e-03]]
[[ 0.00711792 -0.00130255  0.01073892]]
[[ 0.00252247 -0.0003118   0.00823262]]
[[ -6.75807789e-05  -2.00848863e-03   5.86924814e-03]]
[[ 0.00176214 -0.00065589  0.00625169]]
[[ 0.00164337  0.00079932  0.00849198]]
[[-0.00064237  0.00251934  0.00628454]]
[[ 0.00068844  0.00096807  0.00523424]]
[[ 0.00098434  0.00097265  0.00621398]]
[[ 0.00042652  0.00402239  0.00643065]]
[[ 0.00212695  0.0021518   0.00737624]]
[[ 0.00023663  0.00174981  0.00516264]]
[[ 0.00098992  0.00125791  0.00558089]]
[[-0.00063743  0.0033835   0.00243795]]
[[-0.00016821  0.0025646   0.00471195]]
[[  1.42664190e-04   9.30974047e-05   2.69614161e-03]]
[[ 0.00552929  0.00510147 -0.01192101]]
[[ 0.00783595  0.00776562 -0.00490244]]
[[ 0.00739689  0.00532492  0.00079592]]
[[ 0.00660376  0.00416417  0.00357383]]
[[ 0.00793291  0.00314973  0.00196474]]
[[ 0.00944686  0.00389534 -0.00181241]]
[[ 0.00822108  0.0061892  -0.00719429]]
[[ 0.00133889 -0.00010442 -0.01155724]]
[[ 0.00497519  0.00289932  0.00423528]]
[[ 0.00546455  0.00237384  0.00697219]]
[[ 0.00213694  0.00116308  0.0062342 ]]
[[ 0.00173097 -0.00011928  0.00589607]]
[[ 0.00094504  0.00038696  0.00528886]]
[[ 0.00124854 -0.00034308  0.00561541]]
[[ 0.00079504 -0.00039268  0.00540482]]
[[ 0.00089756 -0.00149646  0.00443593]]
[[ 0.00688735  0.0052516   0.00168548]]
[[ 0.00706848  0.00155549  0.00288261]]
[[ 0.00877093  0.00127372 -0.00279961]]
[[ 0.00355701  0.00294438  0.00323228]]
[[ 0.00525131  0.0014636   0.00410773]]
[[ 0.00773582  0.00292066  0.0092901 ]]
[[ 0.00263605  0.00241348  0.00805472]]
[[ 0.00173977  0.00153387  0.00487324]]
[[ 0.00302551  0.00051231  0.0053528 ]]
[[  1.81602624e-03  -4.59967112e-05   7.50373073e-03]]
[[ 0.00023288 -0.00102745  0.00470231]]
[[ 0.00056593  0.00048331  0.00453912]]
[[ 0.00150429  0.00013136  0.00508089]]
[[-0.0004565 -0.0007447  0.0051175]]
[[ 0.00245482 -0.00049856  0.00645876]]
[[ 0.0005774  -0.00044192  0.00447027]]
[[ 0.00114468 -0.00027458  0.00587084]]
[[-0.00088051 -0.00269615  0.00390544]]
[[ 0.0012001  -0.00217388  0.00512269]]
[[ 0.00100209 -0.00020719  0.00355716]]
[[ 0.0011226  -0.00066356 -0.00679621]]
[[-0.00127374 -0.002468   -0.00486743]]
[[-0.00046295 -0.00136684 -0.00240329]]
[[ 0.00013591 -0.00089614 -0.00164865]]
[[  1.83263925e-05  -1.75912155e-03  -6.22733889e-04]]
[[-0.00221206 -0.00289501 -0.00308563]]
[[-0.00165922 -0.00300474 -0.00784032]]
[[ 0.00323532  0.00200505 -0.01046373]]
[[ 0.00142729 -0.00174245 -0.00133691]]
[[ 0.00053459 -0.00060012 -0.0019782 ]]
[[ 0.00091333 -0.00074571 -0.00216368]]
[[  4.31921486e-05  -6.08980860e-04  -2.72712442e-03]]
[[-0.00101536 -0.00159136 -0.00268769]]
[[-0.00124958 -0.00114617 -0.00173077]]
[[-0.00176534 -0.00205723 -0.00107988]]
[[-0.00156296 -0.00093819 -0.00019496]]
[[ -6.51016936e-05  -8.18411288e-04  -2.09669407e-03]]
[[ 0.00089334 -0.00059207  0.00022705]]
[[-0.00274159 -0.00450858 -0.00376382]]
[[-0.00070472 -0.00306825 -0.00247994]]
[[ 0.00224932 -0.00157721 -0.00016982]]
[[ 0.00017461 -0.0003077  -0.00203222]]
[[ 0.00088664 -0.00047192 -0.00181991]]
[[ 0.00051445 -0.00105294 -0.00243835]]
[[ 0.00163673 -0.00029926 -0.00250786]]
[[-0.00040352 -0.00035092 -0.00233795]]
[[  9.31757297e-05  -5.36962492e-04  -2.24553492e-03]]
[[-0.00099483 -0.00245916 -0.00325624]]
[[-0.00157318 -0.0009459  -0.003222  ]]
[[-0.00086196 -0.00099307 -0.00133683]]
[[-0.00137199 -0.00064367 -0.00174221]]
[[-0.0026565  -0.00309021 -0.00105359]]
[[-0.00218867 -0.00181111 -0.00088737]]
[[-0.00101557 -0.0009046  -0.00014435]]
[[-0.00154766 -0.00057017 -0.00062761]]
[[-0.0012543  -0.00090848  0.00012653]]
