a\c	mol	0	1	2	3	4	5	6	7	8
0	0	[]	[]	[]	[]	[]	[]	[]	[]	[]
0	1	[]	[]	[]	[]	[]	[]	[]	[]	[]
0	2	[]	[]	[]	[]	[]	[]	[]	[]	[]
0	3	[]	[]	[]	[]	[]	[]	[]	[]	[]
1	0	[]	[]	[]	[]	[]	[]	[]	[]	[]
1	1	[]	[]	[]	[]	[]	[]	[]	[]	[]
1	2	[]	[]	[]	[]	[]	[]	[]	[]	[]
1	3	[]	[]	[]	[]	[]	[]	[]	[]	[]
2	0	[]	[]	[]	[]	[]	[]	[]	[]	[]
2	1	[]	[]	[]	[]	[]	[]	[]	[]	[]
2	2	[]	[]	[]	[]	[]	[]	[]	[]	[]
2	3	[]	[]	[]	[]	[]	[]	[]	[]	[]
3	0	[]	[]	[]	[]	[]	[]	[]	[]	[]
3	1	[]	[]	[]	[]	[]	[]	[]	[]	[]
3	2	[]	[]	[]	[]	[]	[]	[]	[]	[]
3	3	[]	[]	[]	[]	[]	[]	[]	[]	[]
4	0	[]	[]	[]	[]	0.402024777284	[]	[]	[]	[]
4	1	[]	[]	[]	[]	2.18387823145	[]	[]	[]	[]
4	2	[]	[]	[]	[]	3.3742563248	[]	[]	[]	[]
4	3	[]	[]	[]	[]	2.08644525856	[]	[]	[]	[]
5	0	[]	[]	[]	[]	[]	[]	[]	[]	[]
5	1	[]	[]	[]	[]	[]	[]	[]	[]	[]
5	2	[]	[]	[]	[]	[]	[]	[]	[]	[]
5	3	[]	[]	[]	[]	[]	[]	[]	[]	[]
6	0	[]	[]	[]	[]	[]	[]	[]	[]	[]
6	1	[]	[]	[]	[]	[]	[]	[]	[]	[]
6	2	[]	[]	[]	[]	[]	[]	[]	[]	[]
6	3	[]	[]	[]	[]	[]	[]	[]	[]	[]
7	0	[]	[]	[]	[]	[]	[]	[]	[]	[]
7	1	[]	[]	[]	[]	[]	[]	[]	[]	[]
7	2	[]	[]	[]	[]	[]	[]	[]	[]	[]
7	3	[]	[]	[]	[]	[]	[]	[]	[]	[]
8	0	[]	[]	[]	[]	[]	[]	[]	[]	[]
8	1	[]	[]	[]	[]	[]	[]	[]	[]	[]
8	2	[]	[]	[]	[]	[]	[]	[]	[]	[]
8	3	[]	[]	[]	[]	[]	[]	[]	[]	[]