[[-0.9066146  -0.42952266 -5.40947749]]
[[-0.72454547 -0.13430168  2.47521476]]
[[ -5.70092921  -8.40172048 -14.77285468]]
[[-4.81317911 -2.00408766  9.59457615]]
[[ 0.09931705  0.07079439  0.32950235]]
[[ 0.13796692  0.08284395 -0.01603   ]]
[[  2.43922757e-03   4.93507814e-05  -7.15399178e-02]]
[[ 0.06633386 -0.07225399 -0.12296842]]
[[ 0.03555619 -0.01099145 -0.07991159]]
[[-0.01860568  0.0001031  -0.07813378]]
[[-0.04949787  0.00283389 -0.10757568]]
[[-0.05820555  0.06614512 -0.12625568]]
[[-0.04612116  0.0799659  -0.20515245]]
[[ 0.04231222  0.05389331 -0.19856391]]
[[-0.08245778 -0.02630929 -0.21817586]]
[[-0.00427142 -0.20017594 -0.16232959]]
[[-0.02174495 -0.09025659 -0.14353784]]
[[  4.43907803e-07   2.23783607e-07  -5.07825057e-06]]
[[  1.24718092e-05  -8.56813661e-06  -1.28139738e-05]]
[[  3.13856051e-06   1.21918205e-06  -4.90020806e-06]]
[[ -1.57545152e-06   1.37523060e-07  -4.24722939e-06]]
[[ -1.94865959e-06   5.12355149e-06  -6.36166264e-06]]
[[  2.69184783e-06   3.92482019e-06  -7.42667906e-06]]
[[  1.27837325e-05  -2.92381161e-05  -9.59628379e-06]]
[[ 0.12961129 -0.05920551 -0.18673049]]
[[ 0.07312128 -0.04765922 -0.1983944 ]]
[[ 0.22843197 -0.07913546 -0.18402742]]
[[ 0.13813424 -0.12816306 -0.06823398]]
[[  7.55972449e-06  -3.90093173e-06  -1.67399344e-06]]
[[ 0.25432433 -0.10214984 -0.0486724 ]]
[[ 0.12933025 -0.13060609 -0.01459178]]
[[  7.83174394e-06  -1.03446277e-05  -2.44134638e-06]]
[[ 0.18873773 -0.12300048  0.0142618 ]]
[[  1.65594918e-05  -7.42331713e-07  -2.98382896e-06]]
[[ 0.0656432  -0.08627306  0.00748218]]
[[ 0.11666065 -0.06275879  0.04282879]]
[[ 0.04252946 -0.05109044  0.02397864]]
[[  4.33877024e-06  -7.05332365e-06  -8.25586917e-07]]
[[ 0.0623393  -0.03980829  0.03758724]]
[[  8.21522994e-06  -2.30599795e-06   3.80020968e-06]]
[[  1.34662017e-06  -2.99057564e-06   1.99430672e-06]]
[[  3.71586705e-06  -1.07192875e-06   3.27854000e-06]]
[[ 0.00409567 -0.00359747 -0.01897021]]
[[-0.00184824  0.00039106 -0.03100465]]
[[  4.54695552e-07   3.39488971e-06  -1.16382762e-03]]
[[  2.45045672e-05  -3.94334040e-03  -6.60374641e-02]]
[[ 0.01035241 -0.03469785 -0.05650825]]
[[ 0.00071817 -0.00138905 -0.00085797]]
[[  3.19450319e-04   6.07237512e-05  -7.60760212e-04]]
[[ -5.14267779e-04   5.44634625e-05  -6.21176313e-02]]
[[ -1.85205823e-04  -1.29617802e-05  -3.08945131e-04]]
[[-0.01704236  0.01525634 -0.04936918]]
[[-0.01423106 -0.02136818 -0.02917938]]
[[-0.00013428  0.00546062 -0.11154909]]
[[-0.00031706  0.00088601 -0.00065439]]
[[ 0.00181203  0.03799854 -0.08895277]]
[[-0.01850236  0.0218471  -0.0555252 ]]
[[ 0.00026587  0.00067164 -0.00092634]]
[[ 0.0013988  -0.00048009 -0.13939854]]
[[-0.02022134 -0.04232767 -0.07468879]]
[[-0.00023238 -0.00612828 -0.15093762]]
[[ -1.09607512e-04  -1.52492908e-02  -1.10766680e-01]]
[[ 0.00054799 -0.0046133  -0.00080398]]
[[ 0.03918977 -0.04304614 -0.04912775]]
[[ 0.04661718 -0.03687801 -0.05272702]]
[[ 0.05312361 -0.01103162 -0.08868242]]
[[ 0.00059722 -0.0009815  -0.00075452]]
[[ 0.00059008 -0.00747028 -0.07469591]]
[[ 0.00083195 -0.01469327 -0.02993534]]
[[ 0.00079435 -0.00188812 -0.00027253]]
[[ 0.06887467 -0.04639851 -0.00517627]]
[[ 0.00179759 -0.00084186 -0.00024219]]
[[ 0.04200286 -0.07249161 -0.00012521]]
[[ 0.02891432 -0.04329904  0.00092563]]
[[ 0.00246743 -0.0073306   0.02215396]]
[[  2.74248255e-05  -7.68510784e-03   1.06356242e-02]]
[[  3.89793089e-04  -1.23992649e-03  -1.48865189e-05]]
[[ 0.02469919 -0.02181205  0.01674718]]
[[ 0.00095505 -0.00063897  0.00021029]]
[[ 0.01566014 -0.02429397  0.00768898]]
[[ 0.00020029 -0.00046565  0.00027489]]
[[  5.62882631e-06  -7.53615595e-05   6.90937295e-04]]
[[ 0.00899225  0.07682134 -0.00148431]]
[[ 0.04973924  0.19064988  0.03939564]]
[[ 0.02138833  0.10615792  0.01582552]]
[[-0.00637293  0.10552709 -0.01879426]]
[[-0.01249981  0.15893441 -0.01622544]]
[[-0.10755968  0.2019471  -0.03268701]]
[[-0.05092885  0.16124467  0.04631283]]
[[-0.01476809  0.13022856  0.03850865]]
[[ 0.06157777  0.13922404  0.04880148]]
[[ 0.13510249  0.23185144  0.02559007]]
[[ 0.05168951  0.18614877  0.01583659]]
[[  4.70974913e-07   3.19115274e-06   6.65800792e-07]]
[[  5.97002408e-06   2.23833938e-05   9.87748531e-06]]
[[  1.42896865e-06   6.68455509e-06   1.24953149e-06]]
[[ -2.66444253e-06   8.55737787e-06  -3.72215336e-06]]
[[ -1.40770600e-05   1.38912255e-05  -8.62007836e-06]]
[[ -5.09167857e-06   1.08425892e-05  -5.67278639e-07]]
[[  1.90311991e-05   3.27565617e-05   8.55752918e-06]]
[[ 0.03571614  0.14037081  0.03705536]]
[[-0.07459755  0.1475569   0.08930013]]
[[-0.10920603  0.18437592  0.05238733]]
[[ 0.1023404   0.18499417  0.00238266]]
[[ -2.54628478e-05   5.77386348e-06  -4.77833202e-07]]
[[-0.24389245  0.30236693 -0.07731468]]
[[ 0.03370942  0.16530692 -0.03262767]]
[[  1.38688942e-05   2.13362555e-05   3.22579678e-06]]
[[-0.06698814  0.17067592 -0.08051365]]
[[ -3.85907517e-05   2.59654366e-05  -2.04956148e-05]]
[[ 0.05993063  0.15249718 -0.02407117]]
[[-0.03396967  0.11367864 -0.09052903]]
[[ 0.03882023  0.09991695 -0.03819344]]
[[  6.00598361e-06   1.43799022e-05   2.87830955e-06]]
[[ 0.01366334  0.06885887 -0.06023885]]
[[ -5.86307122e-06   1.25244435e-05  -1.16653242e-05]]
[[  3.62429494e-06   6.65327080e-06  -2.55474298e-06]]
[[  2.45524949e-06   2.32082975e-06  -3.70945367e-06]]
[[ 0.00364633  0.05448507  0.00033037]]
[[  7.37052539e-05   3.74311167e-02  -6.12707442e-03]]
[[  5.36220988e-05   2.44119574e-04   6.09352636e-05]]
[[ 0.00775958  0.02148881  0.01676111]]
[[ 0.0032561   0.07939797  0.01028283]]
[[  3.97715826e-04   3.69897747e-03   8.76847233e-05]]
[[  3.38556701e-06   9.79624072e-04   1.72645925e-04]]
[[-0.00276982  0.01892923 -0.00990751]]
[[ -1.40561382e-04   1.72531837e-03  -4.07251381e-05]]
[[-0.00032201  0.07559429 -0.0174977 ]]
[[ 0.00334251  0.10100369  0.0002002 ]]
[[-0.02595353  0.02760817  0.00882764]]
[[-0.00096336  0.00314379 -0.00013514]]
[[-0.00093471  0.05686278  0.02134038]]
[[ 0.0006965   0.08633203  0.00242226]]
[[ -2.62242478e-04   2.20088511e-03   1.78277064e-05]]
[[ 0.00681669  0.01878978  0.0322289 ]]
[[ 0.00599364  0.0715658   0.01195099]]
[[ 0.01005939  0.02045277  0.05778306]]
[[ 0.02132183  0.02910505  0.01474128]]
[[  1.36292677e-03   5.19776038e-03   5.99459070e-05]]
[[-0.00798705  0.09216152  0.00209872]]
[[ 0.00416394  0.06521473  0.00399192]]
[[-0.00253775  0.0774084   0.05025371]]
[[ -1.21409084e-03   1.78703771e-03   5.11339246e-05]]
[[-0.05776062  0.03746039  0.00704651]]
[[ 0.01581616  0.0243553  -0.00738451]]
[[  1.03133777e-03   3.67085595e-03   3.16333794e-05]]
[[-0.00087564  0.09543277 -0.04876269]]
[[-0.00249578  0.00574236 -0.00031371]]
[[-0.00599717  0.09802877 -0.00285918]]
[[ 0.00294428  0.06711933 -0.01943151]]
[[-0.01544649  0.02023123 -0.05116526]]
[[ 0.01182195  0.01851479 -0.01909933]]
[[  4.70133736e-04   2.64990508e-03   4.08834241e-06]]
[[ -4.04475404e-05   3.61001684e-02  -3.92999658e-02]]
[[-0.00034676  0.00215574 -0.00015286]]
[[ 0.00596759  0.05088472 -0.00274861]]
[[  7.31616330e-06   9.68873425e-04  -5.17904762e-04]]
[[ 0.00016901  0.00019382 -0.00082742]]
[[ 0.11163658  0.20963982 -0.00996924]]
[[-0.00816362  0.14946281  0.31192618]]
[[ 0.41552369 -0.23834151 -2.79405399]]
[[-0.26760149  0.63541046  4.67804444]]
[[-3.36076518 -4.75335953 -7.25321288]]
[[ -7.31513197  -5.3571675   20.27416593]]
