[[ 0.42574009 -0.02736743 -0.09796709]]
[[ 0.58497387  0.10612339 -0.08355985]]
[[ 0.19063456  0.00726744  0.01739154]]
[[ 0.66063819 -0.03770652 -0.13634512]]
[[ 0.20731546 -0.02853717 -0.13504171]]
[[-0.10107187 -0.15291232  0.01367267]]
[[ 0.384791    0.36388719  0.01062789]]
[[ 0.11558769  0.06476937  0.07283018]]
[[ 1.00545576  0.42399064 -0.09969606]]
[[ 0.11524876  0.017355   -0.10010894]]
[[ 0.02408356  0.00660261  0.05057611]]
[[ 0.32231231  0.01798559 -0.03021387]]
[[ 1.0521419   0.25664665 -0.17245686]]
[[ 0.30168312 -0.02252306 -0.12170745]]
[[ 0.03044478 -0.01604468 -0.08665248]]
[[-0.03062051 -0.04965135  0.04262374]]
[[-0.11889703 -0.02384408  0.0685481 ]]
[[-0.02813621 -0.0854024  -0.05249305]]
[[ 0.02686321 -0.05667888 -0.02792049]]
[[ 0.14695242  0.44703132  0.05748985]]
[[ 0.0390572   0.12932188  0.0979266 ]]
[[ 0.49244558  0.72550892  0.06457925]]
[[ 0.0411756   0.08408124 -0.065681  ]]
[[ 0.00622493  0.01806313  0.06230955]]
[[ 0.18597704  0.1565881   0.05098685]]
[[ 1.38199527  0.98386004 -0.06754081]]
[[ 0.16171501  0.12048362 -0.06177692]]
[[ 0.00045567 -0.01020785 -0.06319468]]
[[ 0.00752691  0.00691856  0.03871091]]
[[ 0.02459166  0.00676651  0.03282874]]
[[ 0.48209345  0.15538035 -0.03953725]]
[[ 0.91628041  0.46946094 -0.08517013]]
[[ 0.44169198  0.11490837 -0.14782219]]
[[ 0.00406791 -0.01381617 -0.04919893]]
[[ 0.00534128 -0.00743795 -0.04891421]]
[[ 0.00855741 -0.00014525  0.0441249 ]]
[[-0.04716192  0.04060848  0.0878218 ]]
[[-0.1476192  -0.1277867   0.01236952]]
[[-0.06479083  0.01100453  0.00518763]]
[[ 0.00950486 -0.02354927 -0.06841584]]
[[ 0.0569971   0.01000952  0.03204176]]
[[-0.05125611 -0.08188551  0.01978473]]
[[ 0.0735117  -0.01560229 -0.06910958]]
[[ 0.09027365 -0.03831708 -0.00930323]]
[[ 0.03153051  0.35090447  0.07228886]]
[[ 0.00979646  0.19915855  0.12476836]]
[[ 0.06725901  0.52543071  0.09479431]]
[[ 0.01629746  0.13464533 -0.02537791]]
[[-0.00029976  0.05354887  0.08737432]]
[[ 0.01916605  0.26828771  0.11161025]]
[[ 0.38953656  0.84365417  0.13124515]]
[[ 0.01471488  0.22097299  0.01461442]]
[[ 0.00248632  0.00832268 -0.05171047]]
[[ 0.00039888  0.02016835  0.05100337]]
[[ 0.00825264  0.03225069  0.04940917]]
[[ 0.22067754  0.39706737  0.11757788]]
[[ 0.84895632  0.75195885 -0.01437414]]
[[ 0.1880279   0.34307066  0.00251819]]
[[-0.00974648 -0.00033936 -0.03503031]]
[[ 0.0014221  -0.00621571 -0.04184575]]
[[-0.00156755  0.00749786  0.03657092]]
[[ 0.00820097  0.00999213  0.02445408]]
[[ 0.01517973  0.01825417  0.04858413]]
[[ 0.02716101  0.02917279  0.05909291]]
[[  2.61666584e-15   4.26142717e-15   8.46664839e-16]]
[[-0.02716101 -0.02917279 -0.05909291]]
[[-0.01517973 -0.01825417 -0.04858413]]
[[-0.00820097 -0.00999213 -0.02445408]]
[[ 0.00156755 -0.00749786 -0.03657092]]
[[-0.0014221   0.00621571  0.04184575]]
[[ 0.00974648  0.00033936  0.03503031]]
[[-0.1880279  -0.34307066 -0.00251819]]
[[-0.84895632 -0.75195885  0.01437414]]
[[-0.22067754 -0.39706737 -0.11757788]]
[[-0.00825264 -0.03225069 -0.04940917]]
[[-0.00039888 -0.02016835 -0.05100337]]
[[-0.00248632 -0.00832268  0.05171047]]
[[-0.01471488 -0.22097299 -0.01461442]]
[[-0.38953656 -0.84365417 -0.13124515]]
[[-0.01916605 -0.26828771 -0.11161025]]
[[ 0.00029976 -0.05354887 -0.08737432]]
[[-0.01629746 -0.13464533  0.02537791]]
[[-0.06725901 -0.52543071 -0.09479431]]
[[-0.00979646 -0.19915855 -0.12476836]]
[[-0.03153051 -0.35090447 -0.07228886]]
[[-0.09027365  0.03831708  0.00930323]]
[[-0.0735117   0.01560229  0.06910958]]
[[ 0.05125611  0.08188551 -0.01978473]]
[[-0.0569971  -0.01000952 -0.03204176]]
[[-0.00950486  0.02354927  0.06841584]]
[[ 0.06479083 -0.01100453 -0.00518763]]
[[ 0.1476192   0.1277867  -0.01236952]]
[[ 0.04716192 -0.04060848 -0.0878218 ]]
[[-0.00855741  0.00014525 -0.0441249 ]]
[[-0.00534128  0.00743795  0.04891421]]
[[-0.00406791  0.01381617  0.04919893]]
[[-0.44169198 -0.11490837  0.14782219]]
[[-0.91628041 -0.46946094  0.08517013]]
[[-0.48209345 -0.15538035  0.03953725]]
[[-0.02459166 -0.00676651 -0.03282874]]
[[-0.00752691 -0.00691856 -0.03871091]]
[[-0.00045567  0.01020785  0.06319468]]
[[-0.16171501 -0.12048362  0.06177692]]
[[-1.38199527 -0.98386004  0.06754081]]
[[-0.18597704 -0.1565881  -0.05098685]]
[[-0.00622493 -0.01806313 -0.06230955]]
[[-0.0411756  -0.08408124  0.065681  ]]
[[-0.49244558 -0.72550892 -0.06457925]]
[[-0.0390572  -0.12932188 -0.0979266 ]]
[[-0.14695242 -0.44703132 -0.05748985]]
[[-0.02686321  0.05667888  0.02792049]]
[[ 0.02813621  0.0854024   0.05249305]]
[[ 0.11889703  0.02384408 -0.0685481 ]]
[[ 0.03062051  0.04965135 -0.04262374]]
[[-0.03044478  0.01604468  0.08665248]]
[[-0.30168312  0.02252306  0.12170745]]
[[-1.0521419  -0.25664665  0.17245686]]
[[-0.32231231 -0.01798559  0.03021387]]
[[-0.02408356 -0.00660261 -0.05057611]]
[[-0.11524876 -0.017355    0.10010894]]
[[-1.00545576 -0.42399064  0.09969606]]
[[-0.11558769 -0.06476937 -0.07283018]]
[[-0.384791   -0.36388719 -0.01062789]]
[[ 0.10107187  0.15291232 -0.01367267]]
[[-0.20731546  0.02853717  0.13504171]]
[[-0.66063819  0.03770652  0.13634512]]
[[-0.19063456 -0.00726744 -0.01739154]]
[[-0.58497387 -0.10612339  0.08355985]]
[[-0.42574009  0.02736743  0.09796709]]
