[[ 1.03529209  0.03040429 -0.20259242]]
[[ 0.80091401  0.38448973 -0.01320132]]
[[ 0.04665076  0.00300399  0.09117223]]
[[ 1.92350737  0.13700457 -0.38745452]]
[[ 0.08860514 -0.05022543 -0.18672834]]
[[-0.4031097  -0.28400157  0.0760996 ]]
[[ 0.37266956  0.67380896  0.0441407 ]]
[[ 0.00159597  0.02718923  0.13168955]]
[[ 1.31765951  1.01370576 -0.03019693]]
[[-0.00698157 -0.02515435 -0.13948095]]
[[ 0.01515709  0.01126905  0.06595377]]
[[ 0.04721977 -0.00476219  0.05498568]]
[[ 3.09290417  1.06117757 -0.54751495]]
[[ 0.03470513 -0.04855312 -0.13301662]]
[[ 0.01161642 -0.01394458 -0.09018428]]
[[ 0.0311477  -0.01764164  0.0622513 ]]
[[-0.58421383  0.3253118   0.42077991]]
[[ 0.03837893 -0.0730723  -0.13085701]]
[[ 0.28266316  0.17574431  0.00100983]]
[[ 0.11189182  0.77343117  0.14441292]]
[[-0.00714725  0.13026414  0.18003294]]
[[ 0.24575213  1.43927985  0.29966997]]
[[-0.00193731  0.03312211 -0.08293203]]
[[ 0.00089322  0.03801282  0.09213649]]
[[ 0.00364715  0.08429015  0.11682178]]
[[ 1.59008171  2.46566812  0.33359683]]
[[-0.03359987  0.01036938 -0.06487605]]
[[ 0.00222175 -0.00758213 -0.071452  ]]
[[-0.00247799  0.01207234  0.05919203]]
[[ 0.01458722  0.01681306  0.04378697]]
[[ 0.02435499  0.04254496  0.11982841]]
[[  4.75767716e-15  -3.26466460e-15  -2.34099838e-15]]
[[-0.02435499 -0.04254496 -0.11982841]]
[[-0.01458722 -0.01681306 -0.04378697]]
[[ 0.00247799 -0.01207234 -0.05919203]]
[[-0.00222175  0.00758213  0.071452  ]]
[[ 0.03359987 -0.01036938  0.06487605]]
[[-1.59008171 -2.46566812 -0.33359683]]
[[-0.00364715 -0.08429015 -0.11682178]]
[[-0.00089322 -0.03801282 -0.09213649]]
[[ 0.00193731 -0.03312211  0.08293203]]
[[-0.24575213 -1.43927985 -0.29966997]]
[[ 0.00714725 -0.13026414 -0.18003294]]
[[-0.11189182 -0.77343117 -0.14441292]]
[[-0.28266316 -0.17574431 -0.00100983]]
[[-0.03837893  0.0730723   0.13085701]]
[[ 0.58421383 -0.3253118  -0.42077991]]
[[-0.0311477   0.01764164 -0.0622513 ]]
[[-0.01161642  0.01394458  0.09018428]]
[[-0.03470513  0.04855312  0.13301662]]
[[-3.09290417 -1.06117757  0.54751495]]
[[-0.04721977  0.00476219 -0.05498568]]
[[-0.01515709 -0.01126905 -0.06595377]]
[[ 0.00698157  0.02515435  0.13948095]]
[[-1.31765951 -1.01370576  0.03019693]]
[[-0.00159597 -0.02718923 -0.13168955]]
[[-0.37266956 -0.67380896 -0.0441407 ]]
[[ 0.4031097   0.28400157 -0.0760996 ]]
[[-0.08860514  0.05022543  0.18672834]]
[[-1.92350737 -0.13700457  0.38745452]]
[[-0.04665076 -0.00300399 -0.09117223]]
[[-0.80091401 -0.38448973  0.01320132]]
[[-1.03529209 -0.03040429  0.20259242]]
