[[-0.01393427 -0.0117485   0.00398907]]
[[ 0.02147781 -0.00325395  0.0224923 ]]
[[ 0.00886329  0.00474178  0.01348158]]
[[-0.01099909  0.00691267  0.00601529]]
[[-0.0231248  -0.00668202  0.00076296]]
[[ 0.02468044 -0.00751363  0.01147875]]
[[ 0.01556612  0.00920158  0.02333278]]
[[-0.02103698  0.01353772  0.00939137]]
[[-0.00713723 -0.00837876  0.00862557]]
[[ 0.00633965 -0.00536013  0.02190591]]
[[ 0.00162403  0.00599006  0.01440605]]
[[-0.00761714  0.00548854  0.00745171]]
[[ 0.0008635  -0.01691764  0.00359221]]
[[-0.00373848 -0.00567176  0.01106454]]
[[-0.00485538  0.00645326  0.00930127]]
[[ 0.00512532  0.01412534  0.00440701]]
[[-0.01459569  0.00699865  0.00881961]]
[[ 0.01053472 -0.00876744 -0.00173584]]
[[ 0.00753571  0.00747357 -0.00148205]]
[[-0.02042843 -0.00395588  0.0064193 ]]
[[-0.02357943 -0.02007626  0.00623481]]
[[ 0.0334866  -0.00649463  0.03552545]]
[[ 0.01420739  0.00831434  0.00755341]]
[[-0.0232284   0.00576078  0.00271263]]
[[-0.04796614 -0.01483634  0.00128506]]
[[ 0.05462789 -0.01541607  0.02370069]]
[[ 0.07145954  0.06532957  0.11756982]]
[[-0.08849804  0.05415994  0.06859529]]
[[ 0.00222645 -0.01148988  0.008619  ]]
[[-0.01517313 -0.01411126  0.01868234]]
[[-0.13425663  0.03068994 -0.02331406]]
[[ 0.05982634 -0.0461585  -0.00702575]]
[[-0.0155819  -0.03644419 -0.00013062]]
[[-0.00130821 -0.01891936  0.02519605]]
[[ 0.01335971  0.06285589  0.14754731]]
[[-0.03674112  0.16758313  0.01724018]]
[[-0.0213742   0.00979223  0.02223025]]
[[ 0.02454186 -0.02317335 -0.0043868 ]]
[[ 0.08984062  0.02970653 -0.08303382]]
[[-0.11485276 -0.05749556  0.02679856]]
[[-0.01499538 -0.00605043  0.00043335]]
[[ 0.0173583   0.00130586  0.02008573]]
[[-0.02265704 -0.04720566  0.00605257]]
[[ 0.05047046  0.01264262 -0.07749771]]
[[ 0.00740276 -0.00975872 -0.00152604]]
[[-0.00593324 -0.00683886  0.01403838]]
[[ 0.00304641  0.1084619   0.06511021]]
[[-0.14451364  0.01283199  0.04526248]]
[[-0.02089318 -0.03393642 -0.00517108]]
[[ 0.00328277 -0.01946909  0.0268553 ]]
[[ 0.11172315  0.03284863  0.09226591]]
[[ 0.04491057  0.13433875  0.02953824]]
[[-0.01769066 -0.0079807   0.00930648]]
[[ 0.02481472 -0.02368412  0.00341228]]
[[-0.05746678  0.00624776 -0.05706656]]
[[-0.0381982  -0.01940802 -0.06240667]]
[[  2.02222293e-05   5.94856224e-03   1.28424953e-02]]
[[-0.00751955 -0.00344517 -0.00275219]]
[[  3.50996572e-03   5.91589305e-02  -9.33785412e-05]]
[[ 0.02807279  0.00921655  0.04404583]]
[[-0.00588183 -0.0145123   0.00100588]]
[[-0.0069371  -0.00499473  0.0224618 ]]
[[-0.09912339  0.0497531   0.03622572]]
[[ 0.08687363  0.00513844  0.05380596]]
[[-0.01393637 -0.02501163  0.00294557]]
[[ 0.01280645 -0.01663308  0.01848979]]
[[-0.00755844  0.0689445   0.12143802]]
[[-0.0781559   0.1832482  -0.00336238]]
[[-0.01125607 -0.00745897  0.00799055]]
[[ 0.00551672 -0.01675653  0.00573476]]
[[ 0.10353125  0.06708057 -0.0854876 ]]
[[-0.13363124 -0.08676115  0.04713673]]
[[-0.02944063 -0.02596581 -0.00208218]]
[[ 0.02556598 -0.00670145  0.03308784]]
[[ 0.22516078  0.06235061  0.08856314]]
[[-0.23634813  0.05582701  0.03015908]]
[[ 0.40518651  0.17040401 -0.04009165]]
[[-0.64380378  0.11255186 -0.30857788]]
[[-0.03717107  0.24786341  0.05997786]]
[[-0.24915318  0.06666735  0.07258495]]
[[-0.05340291  0.00797263 -0.2503589 ]]
[[ 0.11401304  0.09680878 -0.16549897]]
[[-1.07220659  0.04810309 -0.45514462]]
[[ 0.75950604 -0.38986384 -0.31191076]]
[[ 0.04707859  0.28748232 -0.00592263]]
[[-0.00750357 -0.00595207 -0.2167585 ]]
[[ 0.1683531   0.46397554  0.94201182]]
[[-0.58076094  1.06768704 -0.09451507]]
[[ 0.07453493 -0.14220782 -0.11126036]]
[[-0.09821227  0.09148369  0.09942468]]
[[ 0.58830888  0.21125758 -0.59346007]]
[[-0.49914397 -0.20801023  0.11016994]]
[[ 0.05624562 -0.13944102 -0.09178699]]
[[-0.24027941 -0.15720901 -0.02386741]]
[[-0.01345244 -0.39429697  0.05984701]]
[[ 0.45257747  0.14375041 -0.54685472]]
[[-0.25403481 -0.11691752 -0.113341  ]]
[[ 0.23239327 -0.08152412 -0.10134373]]
[[-0.1841249   0.71718205  0.24166511]]
[[-0.98527052  0.07548866  0.12961111]]
[[ 0.16241455  0.27608504  0.0863909 ]]
[[ 0.01637296 -0.04001562 -0.30261256]]
[[ 0.79406104  0.16456217  0.39005132]]
[[ 0.38697453  0.8183466   0.10841907]]
[[ 0.07171481 -0.065121   -0.08913721]]
[[-0.27017472  0.11557434  0.07986953]]
[[-0.31254183  0.01380754 -0.45734516]]
[[-0.22439118 -0.22798444 -0.4621891 ]]
[[-0.16765964 -0.02052304  0.00273285]]
[[ 0.17975454 -0.09222176  0.06288153]]
[[-0.01938087  0.54441095  0.33860891]]
[[ 0.21880335  0.46028948  0.10848972]]
[[-0.38734184 -0.33036368  0.20761806]]
[[ 0.71206489 -0.10856618  0.7293104 ]]
[[-0.39677254  0.12176511 -0.34018441]]
[[ 0.08497478 -0.21644115  0.07250354]]
[[ 0.20589443 -0.16212173 -0.02190996]]
[[ 0.05917298  0.03888047  0.04882841]]
[[-0.05522315 -0.19757476  0.08230994]]
[[ 0.14656938  0.19637682 -0.30625172]]
[[-0.24167149 -0.12523774 -0.19210547]]
[[-0.05649669 -0.07914343  0.00963697]]
[[-0.24190594  0.42536398 -0.03138457]]
[[-0.13044019 -0.04625448  0.14038284]]
[[-0.03221683  0.07654453  0.08222964]]
[[ 0.17705173 -0.16860161 -0.13052669]]
[[ 0.32898532  0.2230428   0.54731082]]
[[ 0.18131928  0.87561753 -0.13712602]]
[[ 0.10215074 -0.04355484 -0.0387401 ]]
[[-0.03684829  0.10433578 -0.00145909]]
[[-0.05041688  0.36284031 -0.34200863]]
[[-0.81207473 -0.07501873 -0.32150542]]
[[-0.07566494 -0.00308221 -0.05588281]]
[[-0.03334576 -0.04746822 -0.00165208]]
[[ 0.45953601  0.4275256   0.09086818]]
[[ 0.13971222  0.12332702  0.46445812]]
[[ 0.05413804 -0.0262898   0.05141075]]
[[-0.01589915 -0.05621119  0.00904921]]
[[-0.00555537 -0.16797702  0.1094702 ]]
[[-0.23502952 -0.01008946  0.02119861]]
[[-0.37297315 -0.34505274  0.18478601]]
[[ 0.49436502 -0.1325026   0.53811894]]
[[ 0.76791357 -0.18481917  0.41836328]]
[[-0.38515021  0.21329682 -0.14747863]]
[[ 0.13924414  0.01140193 -0.0556223 ]]
[[ 0.18516011  0.11114779 -0.14665538]]
[[-0.33213232  0.20864535  0.14132859]]
[[ 0.4005337  -0.12615606 -0.02698359]]
[[-0.02709628 -0.01461887 -0.09584616]]
[[-0.34934295 -0.08444089 -0.02909138]]
[[ 0.37783235  0.41383398  0.91563022]]
[[-0.59741436  1.3321222  -0.26175595]]
[[-0.10542391 -0.09017765  0.07088448]]
[[ 0.25260437 -0.09136741  0.07522281]]
[[ 0.56371182  0.50242041 -0.68840452]]
[[-0.49729619 -0.33776105 -0.03104685]]
[[-0.02591005  0.05063639 -0.01896271]]
[[-0.00904426  0.04007121 -0.08460653]]
[[-0.46753219  0.0548253  -0.03084747]]
[[ 0.93410379  0.16848216  0.1982358 ]]
[[-0.17974976 -0.2135582  -0.00668257]]
[[ 0.19583831 -0.00100443  0.23415216]]
[[-0.79992474  0.36213674  0.08055577]]
[[ 0.51029889 -0.13179699  0.29762307]]
[[-0.03997081  0.05772425  0.00818505]]
[[ 0.1519081  -0.03444814 -0.10186236]]
[[ 0.03394729  0.3437895   0.74511382]]
[[-0.38714198  1.40897724 -0.2994064 ]]
[[ 0.0603503  -0.05480533  0.00378326]]
[[-0.1272614 -0.026779   0.0413742]]
[[ 0.6551932   0.57459827 -0.73355626]]
[[-0.74129923 -0.67147604  0.28651799]]
[[-0.0618253  -0.04259874 -0.05247585]]
[[-0.00273632  0.01933706  0.01712514]]
[[ 1.54145451  0.35641694  0.37991138]]
[[-1.58963278  0.23934028  0.13601559]]
[[-5.85860787 -0.83626539 -0.14689043]]
[[ 7.45197887 -1.58634438  1.49549795]]
[[-0.87565299 -0.08475361 -1.01380171]]
[[ 0.70979133 -0.19164214 -0.67574677]]
[[ 2.11048578 -0.51355587  0.79867298]]
[[-2.75406498 -1.37721311  0.97506118]]
[[-1.8222838   0.28798648 -1.00305318]]
[[ 1.36381849 -0.53236264 -0.5558519 ]]
[[-2.0028424  -5.69980641 -1.58259515]]
[[-0.9611443  -1.92096696  2.80639628]]
[[ 0.35202048  0.7020804   1.03769084]]
[[-1.27517151  0.61247647  0.07825638]]
[[-2.81594878  1.86255353  2.92546296]]
[[ 4.72731643 -3.81609726 -1.21753935]]
[[ 0.48705634  0.30472025  0.25956005]]
[[ 0.55487938  0.01976835  1.02870913]]
[[-2.01469878 -0.56411354 -0.78253946]]
[[ 3.90743445  0.25768201  1.58404227]]
[[-2.53062882 -0.77857809 -1.51592717]]
[[ 2.54767165 -0.77654245 -1.53304666]]
[[ 1.72322288 -0.63108643 -1.79712446]]
[[-1.50672984 -0.31133496  0.88884   ]]
[[ 0.61265543  1.69232449  1.63978952]]
[[-3.265709    1.56932511  0.11302695]]
[[-2.52053655 -6.3962835  -2.16828597]]
[[ 0.42847957 -2.87334833  3.19644557]]
[[ 1.80524578  0.25007066 -0.95056242]]
[[ 1.08913091 -0.84022445  1.2934174 ]]
[[-2.20739335 -0.6549611   2.16021191]]
[[ 5.0198949  -4.72422271 -0.72001313]]
[[-1.69730984 -0.68394496  0.49334062]]
[[ 0.83973746  0.38933944 -0.28735269]]
[[ 1.93825626  0.64775015  1.45780334]]
[[-1.38370585  0.43906166 -0.92056691]]
[[ 1.25393564  0.30227905  0.25031154]]
[[-1.80138823 -0.1367524   0.01366452]]
[[ 0.01281776  0.54728314  1.67494957]]
[[-2.68892649 -1.48826535 -1.15610247]]
[[ 1.3143294  -0.93333484  0.49963699]]
[[-0.09403914  0.70050684 -0.65238383]]
[[ 0.25187749 -0.66296299 -1.18051162]]
[[ 2.12038185  1.42204854 -0.02750007]]
[[-0.51220868  0.41719003 -0.87649751]]
[[-0.98783554 -0.77035129 -0.41367702]]
[[ 3.42107256 -0.27432921 -3.04714925]]
[[-4.21341233  0.69090794 -1.14777656]]
[[ 0.52304318  0.47853841  0.61789706]]
[[ 0.92716418  1.09615801  0.24307732]]
[[-3.86606567 -5.81333669 -2.24851041]]
[[-0.50759823 -3.93645586  2.8765282 ]]
[[-0.0179151  -0.10847083 -0.36450109]]
[[-0.50303357 -0.7284697   0.15347109]]
[[-3.99108299 -0.8336263   2.78693227]]
[[ 6.08349219 -5.50116668  0.85298304]]
[[-0.05624926  0.31682438  0.7421349 ]]
[[ 0.23249846  0.57450053  0.1694638 ]]
[[ 2.03210477 -0.3716487   1.79197429]]
[[ 0.24612316  0.83897934 -0.10641817]]
[[ 0.06477852 -0.09864185  0.05102048]]
[[ 0.07135318  0.50771121 -0.32203472]]
[[-2.3030765   1.30206038 -0.73038134]]
[[ 0.574212    1.09252862 -0.290601  ]]
[[ 0.06382062  0.25840389 -0.62547619]]
[[ 0.02659944 -0.04865627 -0.17214914]]
[[-0.70202253  0.31313999  0.30497452]]
[[ 0.97827927  0.02480525  0.3932398 ]]
[[ 2.1359069   0.74097057  1.59781316]]
[[-1.9345756   0.83480986  1.31968517]]
[[ 1.08217414 -0.01667633  0.09493841]]
[[ 0.39789541 -0.15196724  0.63040043]]
[[-0.45682111 -1.66564245 -1.19394342]]
[[ 2.61169407 -0.41123032 -1.0297348 ]]
[[ 0.14877394 -1.70128156 -2.07472796]]
[[-1.1803328   0.98237909  0.97774504]]
[[-1.30061225  0.622614   -0.09340377]]
[[-1.62949035  0.03514118 -0.68467137]]
[[-3.88718177  0.16161889  0.80580711]]
[[ 2.14016231 -1.82674091 -1.51392583]]
[[ 1.57978749  0.65774256  0.14904058]]
[[ 0.33851145  0.38684647  0.73068253]]
[[ 2.79824554 -2.0974775  -0.67172478]]
[[ 3.33423272  2.36768111 -1.19333938]]
[[-1.11565725 -0.57227768 -0.38636774]]
[[ 0.36236332 -0.71146558 -0.30927304]]
[[-0.10396865  0.21967512  0.21612042]]
[[-6.05469166 -0.43021792  0.96273713]]
[[ 0.36667345  0.68271503  1.09918249]]
[[-0.38873438  0.9184426   0.42602202]]
[[-0.41037493 -1.60347214  2.39885561]]
[[ 3.44067257 -1.10807214  2.65324705]]
[[ 0.54858386 -0.11994652 -0.12287715]]
[[-0.240554    0.41541359 -0.46383902]]
[[ 0.74091996  0.65256045 -0.61514138]]
[[-0.76091877  1.96973176 -0.97942703]]
[[-0.16078798  0.41467615 -0.45295476]]
[[-0.27070024 -0.25329559 -0.21099818]]
[[ 0.14905135  0.66959717 -0.45774077]]
[[-0.95419566  0.06486672 -1.19369934]]
[[ 0.13600515  0.19890739  0.33323331]]
[[ 0.30330822  0.24861082  0.26037233]]
[[-1.34457598 -1.11784278  0.80427526]]
[[ 0.88415761 -0.85292649  1.09903274]]
[[ 0.20848457 -0.44457252 -0.43285815]]
[[-0.14742485 -0.35241122 -1.07476161]]
[[ 0.82294308  1.08543045 -0.26137598]]
[[ 1.94407988  1.28510162 -1.35914554]]
[[-0.24236021  0.26676948 -0.2671781 ]]
[[-0.15037198 -0.10431632 -0.39841596]]
[[ 0.99742613  0.16454515 -0.17429502]]
[[-4.08853351 -0.54124341 -0.28094795]]
[[ 0.66995923  0.19742073  0.2864894 ]]
[[-0.02262119  0.48235463  0.1751138 ]]
[[-0.79499567 -1.0911361  -0.7299623 ]]
[[ 1.25570988  0.75380217  0.22153531]]
[[-0.07783974 -0.18320562 -0.51636172]]
[[-0.29911661 -1.1009279   0.11221342]]
[[-0.2388686   1.98789842  0.94483034]]
[[ 0.49453975 -0.68179461 -1.17112062]]
[[-0.16857482  0.2116916   1.26866362]]
[[ 1.04240055  0.98123469  0.31041739]]
[[ 0.22926526 -0.94030422  1.70703866]]
[[-0.31232686 -0.73911678  2.29357693]]
[[ 0.03622733  0.35780001  0.27146684]]
[[-1.18856207  0.83852272 -0.6634753 ]]
[[-1.23349839  1.5094845   0.94107136]]
[[ 1.24961     0.8872222   0.26020277]]
[[ 0.33527939  0.68077632 -0.61937163]]
[[ 0.26999754 -0.41187956  0.47772889]]
[[-0.95225507 -0.29000914 -0.3478449 ]]
[[ 1.16068364  0.39804494 -0.02239732]]
[[-1.67386749 -0.03229378 -1.41463937]]
[[ 0.94805207 -0.71501058 -0.04723182]]
[[ 0.62911267  0.94121268 -0.49728499]]
[[ 0.40977448  0.31097948 -0.94015515]]
[[ 0.50509413 -0.18544929  0.02854931]]
[[-0.71655521  0.0882616   0.08748858]]
[[ 0.09361636 -0.55210985 -0.41255925]]
[[-1.12175678  0.22495517  0.19287953]]
[[-0.61956985 -0.21562367 -0.37080373]]
[[ 1.44168428 -1.55651593  0.39246818]]
[[-0.73567258  0.6536484   0.36189384]]
[[ 0.79841139 -0.65451239 -0.30454715]]
[[-1.0292177   0.1507117   1.96575602]]
[[-0.09976264  1.89996922  0.02804936]]
[[ 1.46468881 -1.19618152  0.56850423]]
[[-0.77806915 -0.39265149  1.71014687]]
[[ 2.14086883  0.79031435 -0.36259525]]
[[-2.43927456 -0.5506201   0.47342948]]
[[ 0.72911553  0.69656088 -0.70552837]]
[[-1.35243155  0.50531777 -1.68621791]]
[[ 1.01376591 -0.44201054  0.5541244 ]]
[[-0.36192004  0.26307185 -0.01883639]]
[[-0.17380742  0.28012513 -0.46229155]]
[[-0.03544121  0.08177264 -0.30188788]]
[[-0.46604416  0.17134827 -0.04259715]]
[[ 0.07098586 -1.00339188  0.92506636]]
[[ 0.33384373 -0.89469872 -1.01745747]]
[[-0.376742    0.26758492 -0.12011634]]
[[ 0.35121898 -0.43213552  0.83201122]]
[[ 0.07848546  0.85080657  0.1011023 ]]
[[ 0.93361714  0.93917198 -0.41345859]]
[[-1.6830973   0.32764484 -1.7455337 ]]
[[-0.74802136 -0.12452533  0.31889228]]
[[ 1.04114598  0.23631963  0.09239115]]
[[-2.9406761  -1.1933569   0.26235064]]
[[ 4.40039046 -0.87515389  2.11003249]]
[[-0.09550973 -0.06425825 -0.14426048]]
[[ 0.10267864  0.03081098 -0.1897167 ]]
[[ 0.2407952  -0.3043928   1.61719429]]
[[-0.63074577 -0.76498712  1.45629201]]
[[ 0.03629757  0.06026136  0.10609035]]
[[-0.11799944  0.16844972 -0.00735331]]
[[-0.48428119 -2.14231402  0.14049212]]
[[ 0.01830953 -0.27481457  1.63709108]]
[[ 0.14903384  0.07862016 -0.09636814]]
[[-0.13618044 -0.12068573  0.05681752]]
[[-0.76774003  0.93257682  0.95376455]]
[[ 1.04933997 -0.82054871 -0.60752225]]
[[-0.13026892  0.03420824  0.1805521 ]]
[[ 0.295635    0.15197472  0.06676159]]
[[-0.4459566   0.73219739  0.65867579]]
[[ 1.47882654  0.89928954  0.36551012]]
[[-0.05630821  0.10172441  0.05289166]]
[[-0.10417491 -0.01606875  0.09633097]]
[[ 1.5302374   0.56203556  0.71707139]]
[[-1.33097443  0.37569943  0.85049118]]
[[ 0.03671961 -0.04446536  0.0841994 ]]
[[ 0.13751027  0.12724241 -0.04798646]]
[[-1.0768544  -2.02953886 -0.56184502]]
[[-0.14665687 -0.0280675   2.15966177]]
[[-0.11442364  0.10143561 -0.03184995]]
[[-0.13017896 -0.06875676  0.01275428]]
[[-0.67007895  0.02555724  0.56692175]]
[[ 1.8454378  -1.04905641 -0.28051543]]
[[ 0.15916487  0.11601776  0.15978724]]
[[-0.04726222  0.15033015  0.16088744]]
[[ 0.88058525  0.25979715  0.26914752]]
[[-0.87495666  0.3190688  -0.44419679]]
[[ 0.07088672 -0.09420567 -0.06575687]]
[[-0.09325159 -0.0654482  -0.03960691]]
[[ 2.45941807  2.1488347  -1.34382432]]
[[-4.53279319  0.74047188 -4.60657596]]
[[ 0.05963811 -0.08428484  0.0521574 ]]
[[ 0.01878222 -0.01720739 -0.05771361]]
[[-1.25951085  0.91385022  0.15779031]]
[[-0.52048868 -0.35391643 -0.13465949]]
[[-0.09430887  0.09304291  0.06606744]]
[[-0.03739189 -0.00645767  0.0496291 ]]
[[ 1.37816433  0.51813362  1.11009379]]
[[ 0.44940048  0.35019506  0.18777022]]
[[ 0.11735183  0.00659864  0.10578009]]
[[-0.07937057  0.12091097 -0.01150565]]
[[ 0.13673716 -0.82261782 -0.62133927]]
[[-1.05669244  0.77670969  1.02090406]]
[[-0.02724975  0.03456898 -0.07740233]]
[[-0.02367503 -0.13878168  0.03282902]]
[[-0.89335969 -0.1438199   0.29860237]]
[[ 0.381736   -1.07598068  0.23627709]]
[[ 0.00857462  0.04371175  0.18351171]]
[[ 0.1357119   0.17584611  0.06300229]]
[[ 0.31715262 -0.04205045  0.49869775]]
[[ 0.55756236  0.05671571  0.00849447]]
[[ 0.00891264  0.02157777 -0.02354772]]
[[-0.13207269  0.02089266 -0.06326208]]
[[-0.31368292  0.24879996 -0.19796214]]
[[-0.03718597  0.35441449 -0.11085569]]
[[-0.00662372  0.05008935 -0.05529193]]
[[ 0.1360899  -0.0078591   0.04756158]]
[[ 2.26249295  2.06440604 -1.12905833]]
[[-3.02296728  0.75746049 -3.16586784]]
[[-0.18184608  0.06210285 -0.06382744]]
[[ 0.03878914 -0.02804761  0.07756394]]
[[-0.85810758 -0.33671011  0.14291811]]
[[-1.1570141  -0.72757487  1.10318226]]
[[ 0.0994882  -0.02543595  0.01016043]]
[[-0.06777831  0.02723635  0.02851702]]
[[-0.06352743 -0.26961102  0.52113416]]
[[ 2.10248447  0.16916606  0.37669443]]
[[-0.13565488 -0.00504692 -0.06070016]]
[[ 0.15634816 -0.21192227  0.06049545]]
[[ 0.33553791  0.23819783 -0.24108869]]
[[-1.14888779  0.1115005  -0.23110995]]
[[-0.07693286  0.02074132  0.27096893]]
[[-0.01700495  0.26562549  0.00966364]]
[[ 0.04529952 -0.39098901  0.20968267]]
[[ 0.16484152 -0.35320834  0.62505974]]
[[ 0.23476801  0.07974167 -0.06252401]]
[[-0.27690733 -0.08496544  0.03374348]]
[[ 1.19182214  1.13649772 -0.17600045]]
[[-1.63195723  0.01809966 -1.47172906]]
[[ 0.18623045 -0.0391941   0.11444656]]
[[-0.09824732  0.06471019 -0.01183624]]
[[-0.15768854 -0.58127142 -0.10941237]]
[[-0.68955909 -0.1148256   0.7758922 ]]
[[-0.05875361  0.02859603 -0.03486666]]
[[ 0.01681074 -0.16225053  0.12479103]]
[[-0.30172763 -0.0509892   0.05230999]]
[[ 0.76619579 -0.0883161  -0.03865737]]
[[ 0.04790852 -0.05856444  0.1307736 ]]
[[ 0.02173888  0.13552954  0.00594407]]
[[ 0.24712036  0.14958979  0.00526075]]
[[-0.31109836 -0.07162129 -0.31350761]]
[[-0.16420598 -0.02944835 -0.00963288]]
[[ 0.19468118  0.0058659  -0.01351661]]
[[ 0.02150235  0.02383356 -0.01245332]]
[[-0.04000396  0.00103642 -0.04898998]]
[[-0.02595793 -0.01810547 -0.03850133]]
[[ 0.02756245 -0.0126471  -0.02691747]]
[[-0.01167185 -0.01548208 -0.02682948]]
[[-0.00380756 -0.02020111  0.00051942]]
[[ 0.02040105 -0.00394811  0.00150922]]
[[-0.01119775  0.01483379 -0.00326067]]
[[-0.01708066 -0.00980146 -0.01980915]]
[[ 0.02533131 -0.01869212 -0.01083491]]
[[ 0.00841471 -0.00692473 -0.03177812]]
[[-0.00613331 -0.03875112 -0.00160018]]
[[ 0.02308088 -0.010364    0.00766087]]
[[ 0.00621023 -0.01760185 -0.0018828 ]]
[[-0.02361975 -0.00359814  0.02627698]]
[[ 0.04242956  0.0200061   0.00069411]]
[[-0.09271099 -0.06867597  0.05867466]]
[[ 0.1463866  -0.0364813   0.15009921]]
[[ 0.00669363  0.01802058  0.00653338]]
[[-0.0157462   0.00591829  0.02106944]]
[[ 0.06343456 -0.02330975 -0.01771702]]
[[ 0.01653988  0.03170684 -0.00249389]]
[[ 0.00801352 -0.02195484 -0.01346674]]
[[ 0.02779604  0.00212218 -0.01003654]]
[[-0.04537648 -0.02770523 -0.03301135]]
[[-0.06188592 -0.03026375  0.00601975]]
[[-0.02808682 -0.00179433 -0.02033784]]
[[-0.00506741 -0.03173656 -0.0026401 ]]
[[-0.03036463 -0.00509609  0.03962672]]
[[ 0.09790756 -0.05241118  0.0040802 ]]
[[ 0.01498659  0.0037529   0.02348107]]
[[ 0.00257181  0.01525826  0.01902625]]
[[ 0.0345849   0.00312395 -0.00202145]]
[[-0.02264518  0.02823502 -0.00735919]]
[[ 0.00859515 -0.01433779 -0.00259295]]
[[-0.01270149 -0.00459955 -0.01040202]]
[[-0.06356306 -0.07267611  0.01757638]]
[[ 0.09100004 -0.01087132  0.10109488]]
[[ 0.02627794 -0.00741147 -0.0021517 ]]
[[-0.01931983  0.00438519 -0.01530504]]
[[-0.00067945  0.0061991   0.00932804]]
[[ 0.04332739 -0.00804356 -0.025002  ]]
[[ 0.0018813  -0.00711386 -0.02362412]]
[[ 0.0107462  -0.03764732  0.00418062]]
[[ 0.03091759 -0.02756142 -0.02138739]]
[[-0.03953694 -0.00349245  0.00897316]]
[[-0.01310175 -0.01251664  0.02151978]]
[[ 0.02861572  0.02447683 -0.00791922]]
[[-0.02324075 -0.03595429 -0.00706767]]
[[ 0.04757622  0.00028132  0.0456695 ]]
[[-0.04961788 -0.01342402 -0.0236861 ]]
[[ 0.05351778 -0.01114561 -0.01168018]]
[[ 0.00294043  0.00058275 -0.00114029]]
[[ 0.00185984  0.00067218 -0.00230583]]
[[ 0.00234926  0.0006503   0.00179451]]
[[ 0.0029055   0.0009146   0.00154421]]
[[ 0.00065557 -0.00023149  0.00353262]]
[[ 0.0094365  -0.00052391  0.00410145]]
[[ 0.00121103  0.00072753  0.00066595]]
[[ 0.0028183  -0.00017342  0.0014857 ]]
[[  2.77444731e-03  -1.01789215e-03  -7.38976759e-06]]
[[-0.00380634  0.00234684  0.00043278]]
[[ -7.41249864e-06  -3.10924614e-04   1.15396978e-03]]
[[-0.00056098  0.00211066  0.0001499 ]]
[[-0.00113469  0.00044304 -0.00163338]]
[[  5.65347507e-03   6.74853300e-04   2.90630775e-05]]
[[ 0.00339036 -0.00115489 -0.00184227]]
[[ 0.00058419 -0.00078213 -0.00178859]]
[[ 0.00320671 -0.00162842  0.00357758]]
[[ 0.00413189 -0.00094272  0.0037573 ]]
[[ 0.00387773 -0.00103424 -0.00067513]]
[[  8.79085105e-05   4.14575088e-04  -1.96448485e-03]]
[[ 0.00873814  0.00543659 -0.00174053]]
[[-0.01026369  0.00169004 -0.01109666]]
[[-0.00217305 -0.00171108 -0.0044282 ]]
[[ 0.00442259 -0.001837   -0.00243003]]
