[[-0.10103949 -0.01583614  0.03372546]]
[[-0.11885647  0.04024555  0.03613392]]
[[-0.11967741 -0.09686541  0.03566629]]
[[-0.28752067 -0.10124639  0.04961069]]
[[-0.08733855 -0.04484028 -0.03523522]]
[[-0.12576466 -0.01554534 -0.03218725]]
[[-0.19890586 -0.02395201  0.04152263]]
[[-0.28539544  0.15889867  0.0537664 ]]
[[-0.01156902 -0.00220333  0.05952555]]
[[-0.0088026   0.0028641   0.05688329]]
[[-0.11791021  0.06044845  0.03796741]]
[[-0.08030637  0.1131148   0.03991507]]
[[-0.04164231 -0.11370112  0.02954741]]
[[-0.04833792 -0.19162442  0.02897462]]
[[-0.05451853 -0.08273409 -0.03693187]]
[[-0.0812617  -0.10464831 -0.03460369]]
[[-0.18366819 -0.28155448  0.04480568]]
[[-0.93781865 -1.22670274  0.11954526]]
[[-0.00656203 -0.00807218  0.05891193]]
[[-0.00382589 -0.0038181   0.05453304]]
[[-0.00806627 -0.00634041 -0.06775801]]
[[-0.00522058 -0.00041646 -0.06880958]]
[[-0.12071624 -0.09495667 -0.03083222]]
[[-0.29595686 -0.10233538 -0.015551  ]]
[[-1.01673219 -0.11600419  0.13453597]]
[[-0.92729358  1.43174887  0.14488312]]
[[-0.00619523 -0.00138921  0.05511069]]
[[-0.0037125   0.00227032  0.05269548]]
[[-0.00292669 -0.00076985  0.02871333]]
[[-0.00198334  0.00076892  0.02739883]]
[[-0.20898456 -0.01926976 -0.02451634]]
[[-0.2970228   0.17816684 -0.01323496]]
[[-0.18699828  0.23199312  0.04588407]]
[[-0.04617616  0.19406791  0.04117899]]
[[-0.00628401  0.00477516  0.05542699]]
[[-0.00388766  0.00861334  0.05466494]]
[[-0.04014616  0.09597128  0.03752498]]
[[-0.0153372   0.08755259  0.03816132]]
[[-0.00366289 -0.08088875  0.02392745]]
[[ 0.00920707 -0.09487053  0.02379611]]
[[-0.01341366 -0.08062011 -0.03832402]]
[[-0.00799226 -0.09636583 -0.03944279]]
[[-0.00219137 -0.12658229  0.02751562]]
[[ 0.04131405 -0.20111805  0.02527091]]
[[-0.00179878 -0.01419996  0.05817847]]
[[ 0.00061868 -0.01110213  0.05656887]]
[[-0.00189178 -0.01344751 -0.06606785]]
[[ 0.000893   -0.00912072 -0.06706557]]
[[-0.0353067  -0.11499348 -0.03534746]]
[[-0.04579216 -0.19895493 -0.03565244]]
[[  2.64197920e-05  -5.55617155e-01   3.60038999e-02]]
[[ 0.92216746 -1.43757396 -0.07429022]]
[[-0.00153662 -0.00719612  0.05504061]]
[[ 0.00066936 -0.00422406  0.05275515]]
[[-0.00108637 -0.00304246  0.02943792]]
[[-0.00019186 -0.00188196  0.02790006]]
[[  1.53837377e-05  -1.32565674e-03  -3.28270442e-02]]
[[ 0.00092368  0.00011964 -0.03302959]]
[[-0.0020864  -0.0058143  -0.06617124]]
[[ 0.00090732 -0.00115743 -0.06957765]]
[[-0.18769765 -0.2894122  -0.02015107]]
[[-0.94380079 -1.23544364  0.05194985]]
[[-0.00214846 -0.00302847  0.03589523]]
[[ 0.93403864  1.22154355 -0.04839797]]
[[-0.00146689 -0.00082095  0.05211604]]
[[ 0.00068835  0.00175835  0.05140149]]
[[-0.00107573 -0.00054236  0.02666283]]
[[-0.00019244  0.00056918  0.02669431]]
[[-0.00059043 -0.00025576  0.01730755]]
[[-0.00021979  0.00020587  0.01734631]]
[[-0.0021732   0.00227526 -0.07258334]]
[[ 0.00117443  0.00757723 -0.07746443]]
[[-1.02889443 -0.11464298  0.06768538]]
[[-0.93483895  1.45649515  0.0738669 ]]
[[-0.00425009  0.54864783  0.03358676]]
[[ 0.04304981  0.18347806  0.03913467]]
[[-0.00152779  0.00513379  0.05187225]]
[[ 0.00067112  0.00793984  0.05287682]]
[[-0.00108921  0.00188838  0.02771763]]
[[-0.0001594   0.00302959  0.02930972]]
[[-0.1906038   0.26862195 -0.02469912]]
[[-0.03396492  0.23723663 -0.03221474]]
[[-0.00300522  0.11796823  0.03706496]]
[[ 0.00994981  0.083872    0.03844994]]
[[-0.0017266   0.01168527  0.05429906]]
[[ 0.00073375  0.01435483  0.05505447]]
[[-0.00352152  0.07443646  0.03554215]]
[[ 0.00511263  0.06547981  0.03521435]]
[[ 0.0345701  -0.1037438   0.02739076]]
[[ 0.07428575 -0.11989381  0.02704526]]
[[ 0.00727599 -0.13296608 -0.03761078]]
[[ 0.05663347 -0.21259008 -0.04336756]]
[[ 0.18169377 -0.23897625  0.0222963 ]]
[[ 0.27924482 -0.16446474  0.01480394]]
[[ 0.00301174 -0.00670125  0.05573529]]
[[ 0.005212   -0.00486687  0.05517249]]
[[ 0.00406655 -0.00517763 -0.06963999]]
[[ 0.00748074 -0.0016491  -0.07494722]]
[[ 0.00616383 -0.56845248 -0.03176623]]
[[ 0.94603936 -1.45284868 -0.15069966]]
[[ 1.01173409  0.11013702 -0.06383791]]
[[ 0.2812611   0.09523978  0.02078582]]
[[ 0.00285379 -0.0003465   0.05214095]]
[[ 0.00511501  0.00123663  0.05321967]]
[[ 0.00070616 -0.00035163  0.02763279]]
[[ 0.00163818  0.00036557  0.02897573]]
[[  8.96435452e-05  -1.11962787e-03  -3.81465274e-02]]
[[ 0.96688537  1.24950669 -0.13164905]]
[[ 0.1782956   0.2738984   0.02584565]]
[[ 0.07427688  0.09472263  0.03957955]]
[[ 0.00282624  0.00561591  0.05244566]]
[[ 0.00538348  0.00751016  0.05568069]]
[[ 0.0329329   0.10334108  0.03832526]]
[[ 0.03143686  0.06904987  0.04011199]]
[[ 0.11133858 -0.06778626  0.02992366]]
[[ 0.11117225 -0.04656988  0.03138198]]
[[ 0.21224991 -0.24148328 -0.05243707]]
[[ 0.32625764 -0.15749296 -0.06781664]]
[[ 0.19118419  0.01779806  0.02729573]]
[[ 0.11130698  0.01415698  0.03507546]]
[[ 0.00755984  0.00010876  0.05531349]]
[[ 0.01007734  0.00076255  0.05686067]]
[[ 0.10980257  0.08617778  0.03574454]]
[[ 0.06915756  0.04687252  0.04015013]]
[[ 0.09265384  0.00700041  0.0336686 ]]
[[ 0.07712623  0.0033578   0.0348493 ]]
