[[-0.1549509  -0.00740519  0.00812113]]
[[-0.17476796  0.07824534  0.00865977]]
[[-0.21969842 -0.12869142  0.01202293]]
[[-0.46859643 -0.07143623  0.02993918]]
[[-0.01477142 -0.00011405 -0.08091956]]
[[-0.01080488  0.00815242 -0.07646353]]
[[-0.29510984 -0.00044263  0.01525831]]
[[-0.3819512   0.24607479  0.02615542]]
[[-0.01741295  0.00020802  0.08173098]]
[[-0.01320514  0.00785406  0.0772777 ]]
[[-0.16715599  0.10332143  0.00674839]]
[[-0.11381845  0.17420219  0.00660358]]
[[-0.11314094 -0.21391155  0.00771485]]
[[-0.2273126  -0.41165767  0.01145075]]
[[-0.0079981  -0.00851585 -0.08483832]]
[[-0.00416673 -0.00111743 -0.07844235]]
[[-0.45735714 -0.42800348  0.03606368]]
[[-1.94520939 -1.10182541  0.18856079]]
[[-0.01038324 -0.00831422  0.08554798]]
[[-0.00619314 -0.00164171  0.07883941]]
[[-0.00228552 -0.00029286 -0.03796431]]
[[-0.00099425  0.00208568 -0.03586669]]
[[-0.00745505  0.00129826 -0.07670315]]
[[-0.00384603  0.00759849 -0.07238911]]
[[-1.28981044 -0.00982932  0.12034202]]
[[-1.10032565  1.70941152  0.12349289]]
[[-0.00965524  0.00171418  0.077328  ]]
[[-0.00581246  0.00726803  0.07287004]]
[[-0.0040451  -0.00019578  0.03744343]]
[[-0.00272711  0.00195729  0.03556793]]
[[-0.00721605  0.01000536 -0.07374449]]
[[-0.00370861  0.01637187 -0.07109976]]
[[-0.2510107   0.32437137  0.01240803]]
[[-0.07239964  0.28602079  0.00565352]]
[[-0.0094231   0.01054407  0.07399626]]
[[-0.00580308  0.01610375  0.07153976]]
[[-0.0586697   0.14851072  0.00139888]]
[[-0.02279589  0.13528563  0.00240137]]
[[-0.01338487 -0.15238669  0.00206424]]
[[ 0.01000664 -0.20092683 -0.00250163]]
[[-0.00082416 -0.01848382 -0.08682574]]
[[ 0.00273104 -0.01245815 -0.0851894 ]]
[[-0.0434505  -0.30738177  0.00488407]]
[[ 0.03946257 -0.73641477 -0.00876692]]
[[-0.00320139 -0.01807455  0.08723246]]
[[ 0.00054921 -0.01287923  0.08492102]]
[[ 0.00025816 -0.00343157 -0.03899328]]
[[ 0.00148871 -0.00155821 -0.03672087]]
[[-0.00078761 -0.00732297 -0.08112767]]
[[ 0.00252094 -0.00179859 -0.07740636]]
[[-0.9218281  -1.97491165  0.11381669]]
[[ 0.92214389 -1.42481412 -0.10859497]]
[[-0.00281436 -0.00689469  0.08137503]]
[[ 0.00063262 -0.00221026  0.07721467]]
[[-0.00150625 -0.00330634  0.0389548 ]]
[[-0.00025119 -0.0016841   0.03682291]]
[[  2.67121689e-04  -6.18097335e-05  -2.15937671e-02]]
[[ 0.00075577  0.00069023 -0.02144528]]
[[  2.49142289e-04   2.52814706e-05  -3.50552907e-02]]
[[ 0.00148018  0.00178254 -0.03459663]]
[[-0.00077534  0.00229665 -0.07420176]]
[[ 0.00253522  0.00705374 -0.07187961]]
[[-0.9344666   1.22912715  0.08717339]]
[[ 0.9361372   1.77524924 -0.08208369]]
[[-0.0026205   0.00274253  0.07429484]]
[[ 0.00067355  0.00663089  0.07183012]]
[[-0.00148859  0.00013281  0.03494297]]
[[-0.00024171  0.0016934   0.03474475]]
[[ -7.49808293e-04   1.88975772e-06   2.15363865e-02]]
[[-0.00025447  0.00061623  0.02152005]]
[[ 0.00022312  0.00340486 -0.03586632]]
[[ 0.00152868  0.00523874 -0.03722705]]
[[-0.00062885  0.01084523 -0.07026539]]
[[ 0.0027401   0.01567724 -0.0695668 ]]
[[-0.04546265  0.72988814 -0.00425366]]
[[  4.41487710e-02   2.92000693e-01   1.69987479e-04]]
[[-0.00255341  0.01126861  0.0701453 ]]
[[ 0.00072146  0.01527195  0.06973812]]
[[-0.0014836   0.00351462  0.03569364]]
[[-0.00016739  0.00511403  0.03740219]]
[[-0.0005485   0.01975766 -0.06958663]]
[[ 0.00310544  0.02396537 -0.06817205]]
[[-0.01020898  0.18477093 -0.00125277]]
[[ 0.01166268  0.13426387  0.00053504]]
[[-0.00264204  0.02014531  0.06926384]]
[[ 0.00096715  0.0235939   0.06848695]]
[[-0.00523354  0.11190099 -0.00062002]]
[[ 0.00726685  0.09476616  0.00019588]]
[[ 0.07921855 -0.27575085 -0.00200661]]
[[ 0.25170617 -0.38222487 -0.01968222]]
[[ 0.00633955 -0.00675444 -0.08315226]]
[[ 0.00981378 -0.00292814 -0.08143763]]
[[ 1.11481137 -1.44826715 -0.09766003]]
[[ 1.28745409 -0.26445688 -0.12206779]]
[[ 0.0041834  -0.00611761  0.0829104 ]]
[[ 0.00755351 -0.00323088  0.08073375]]
[[ 0.00274704  0.00029155 -0.03588252]]
[[ 0.00406012  0.00152741 -0.0370969 ]]
[[ 0.00587629  0.00302866 -0.07528656]]
[[ 0.00944996  0.00626416 -0.07486576]]
[[ 1.9327371   1.55162746 -0.21016322]]
[[ 0.45878109  0.33303626 -0.02901232]]
[[ 0.00389475  0.0034572   0.07477287]]
[[ 0.00724939  0.00578914  0.07437255]]
[[ 0.0009998   0.00040995  0.0362248 ]]
[[ 0.00232167  0.00141965  0.03764202]]
[[ 0.00584011  0.01175477 -0.07179421]]
[[ 0.00984922  0.0152025  -0.07364126]]
[[ 0.21860978  0.46510737 -0.01843247]]
[[ 0.10366779  0.18165448 -0.00289073]]
[[ 0.0037997   0.01203559  0.07127708]]
[[ 0.00758983  0.01465076  0.07351286]]
[[ 0.04200155  0.17284484 -0.00332971]]
[[ 0.04339193  0.11535253 -0.00172133]]
[[ 0.38916704 -0.15346427 -0.02425004]]
[[ 0.29627427 -0.05626673 -0.01612832]]
[[ 0.013451    0.0035765  -0.07974393]]
[[ 0.01727782  0.00535812 -0.07941703]]
[[ 0.46410105  0.18536077 -0.03132873]]
[[ 0.21193302  0.0795752  -0.00865868]]
[[ 0.01098566  0.00400221  0.07888964]]
[[ 0.0146898   0.00488481  0.07874518]]
[[ 0.17571249  0.19459357 -0.00949473]]
[[ 0.10798647  0.10190097 -0.00458083]]
[[ 0.19255995  0.05264211 -0.00922316]]
[[ 0.13842897  0.02974475 -0.00721189]]
