[[-0.10160889 -0.01390822  0.03195044]]
[[-0.11935914  0.04254408  0.03359606]]
[[-0.1210919  -0.09503715  0.03605231]]
[[-0.2890143  -0.09865864  0.04966084]]
[[-0.08342225 -0.02316642 -0.0358156 ]]
[[-0.10173583  0.01632633 -0.03365392]]
[[-0.19997227 -0.02163859  0.04015705]]
[[-0.286405    0.1617507   0.05162882]]
[[-0.01183394 -0.00170989  0.05934205]]
[[-0.00905564  0.00344683  0.05659303]]
[[-0.11836688  0.06278099  0.03441201]]
[[-0.08068722  0.1155797   0.03535199]]
[[-0.0433269  -0.11275627  0.03201948]]
[[-0.05017404 -0.1898583   0.03168885]]
[[-0.07526601 -0.07311999 -0.0361815 ]]
[[-0.12320952 -0.06866862 -0.03245728]]
[[-0.18548266 -0.27963333  0.04625245]]
[[-0.93971912 -1.2238903   0.12087444]]
[[-0.00687769 -0.00759538  0.0592243 ]]
[[-0.00413456 -0.00323     0.05475833]]
[[-0.0097606  -0.00347372 -0.06701466]]
[[-0.00687185  0.00322046 -0.06685187]]
[[-0.12276571 -0.04357276 -0.03186624]]
[[-0.20740558  0.02911199 -0.02413647]]
[[-1.01830698 -0.11334791  0.13400362]]
[[-0.92884517  1.43513224  0.14361452]]
[[-0.00649063 -0.00085994  0.05507307]]
[[-0.00399054  0.00289294  0.05255784]]
[[-0.00302062 -0.00060358  0.02871278]]
[[-0.00207344  0.00096136  0.02737376]]
[[-0.12178767  0.02771054 -0.0319013 ]]
[[-0.11685677  0.11098769 -0.02980635]]
[[-0.18799521  0.23478179  0.04269648]]
[[-0.04711005  0.19708782  0.03696729]]
[[-0.00653246  0.00532683  0.05500273]]
[[-0.00412372  0.00923916  0.05412025]]
[[-0.04053332  0.09809599  0.03197715]]
[[-0.01573859  0.08940478  0.03197441]]
[[-0.00499156 -0.08101827  0.02750934]]
[[ 0.0077699  -0.09446577  0.02808799]]
[[-0.02836295 -0.09349729 -0.037546  ]]
[[-0.03469895 -0.119115   -0.03870901]]
[[-0.00390009 -0.12585214  0.03114518]]
[[ 0.03948872 -0.1996058   0.02952719]]
[[-0.00211387 -0.01381755  0.05897088]]
[[ 0.00030734 -0.01059485  0.05732038]]
[[-0.00391231 -0.01139318 -0.07030872]]
[[-0.00117868 -0.00598075 -0.0711805 ]]
[[-0.08230044 -0.13006066 -0.03312173]]
[[-0.19666611 -0.24904622 -0.02553713]]
[[-0.00197756 -0.55377277  0.03895841]]
[[ 0.92010394 -1.43473904 -0.07115452]]
[[-0.00185843 -0.00670771  0.05551592]]
[[ 0.00035589 -0.00362975  0.05315754]]
[[-0.00118251 -0.00287127  0.02956245]]
[[-0.00028617 -0.00168799  0.02800162]]
[[-0.00030831 -0.00075051 -0.0330044 ]]
[[ 0.0006078   0.0007935  -0.03306533]]
[[-0.00411251 -0.00271476 -0.06731366]]
[[-0.00108009  0.00285796 -0.06957548]]
[[-0.29871655 -0.16661021 -0.01376427]]
[[-1.03449254  0.12532002  0.06713434]]
[[-0.00413307 -0.00013601  0.03680513]]
[[ 0.93209904  1.22531662 -0.04816951]]
[[-0.00177777 -0.00026737  0.05223619]]
[[ 0.00038513  0.00241     0.05142731]]
[[-0.00116911 -0.00037253  0.02669666]]
[[-0.00028326  0.00076438  0.02670505]]
[[-0.00063359 -0.00017706  0.01732091]]
[[-0.00026195  0.00029546  0.01735189]]
[[-0.00379757  0.00587862 -0.06924022]]
[[-0.00038235  0.01146991 -0.0724457 ]]
[[-0.29661641  0.1164061  -0.01547642]]
[[-0.18056285  0.31316584 -0.0210215 ]]
[[-0.00580021  0.55188413  0.03122597]]
[[ 0.04158121  0.18704389  0.03567296]]
[[-0.00180583  0.00571579  0.05160564]]
[[ 0.00039816  0.00859984  0.05248504]]
[[-0.00117806  0.00207057  0.02766144]]
[[-0.00024491  0.00323998  0.02922592]]
[[-0.07202438  0.1271464  -0.033804  ]]
[[-0.01982605  0.13121424 -0.03422536]]
[[-0.00395226  0.12046624  0.03184798]]
[[ 0.00900032  0.08614261  0.0325373 ]]
[[-0.00196306  0.01225152  0.05360751]]
[[ 0.00050255  0.01495129  0.05422968]]
[[-0.00401021  0.07558925  0.02899105]]
[[ 0.00451829  0.06620439  0.02864724]]
[[ 0.03302938 -0.10330719  0.03255791]]
[[ 0.07273049 -0.11871241  0.03313399]]
[[-0.04375977 -0.22329158 -0.03467182]]
[[  2.48383548e-04  -5.79239849e-01  -4.47782541e-02]]
[[ 0.17978871 -0.23731922  0.02711776]]
[[ 0.27739118 -0.16181371  0.01994179]]
[[ 0.00269241 -0.00621291  0.05642398]]
[[ 0.00489607 -0.00427437  0.05580019]]
[[ 0.00194253 -0.0020158  -0.07330544]]
[[ 0.00545153  0.00248746 -0.07742479]]
[[-0.93985479 -1.44745337  0.07317334]]
[[-0.00199984  0.01312995 -0.04018247]]
[[ 1.00964727  0.11311507 -0.06098236]]
[[ 0.27928147  0.09914765  0.02291347]]
[[ 0.00253313  0.0002131   0.05244558]]
[[ 0.00479356  0.00189656  0.05343121]]
[[ 0.00060881 -0.0001789   0.02770655]]
[[ 0.00154208  0.00056393  0.02902702]]
[[-0.94238785  1.26412981  0.0489913 ]]
[[ 0.03432314  0.60064229 -0.03923634]]
[[ 0.17638433  0.27747999  0.02489261]]
[[ 0.07246761  0.09867728  0.03735398]]
[[ 0.00251738  0.00622085  0.05234075]]
[[ 0.00508318  0.0081916   0.05544326]]
[[ 0.03147831  0.10621639  0.03372714]]
[[ 0.03002188  0.07169066  0.03470297]]
[[ 0.10985065 -0.06632604  0.03664951]]
[[ 0.10985989 -0.04422346  0.03824367]]
[[ 0.95656591 -1.234804   -0.13031569]]
[[ 1.0662366  -0.08698337 -0.15096433]]
[[ 0.18940531  0.02069808  0.03207691]]
[[ 0.10966688  0.01789434  0.03893326]]
[[ 0.00723736  0.0006628   0.05583907]]
[[ 0.00976356  0.00141092  0.05728382]]
[[ 0.10789467  0.08990725  0.03652492]]
[[ 0.06739446  0.05088491  0.03949906]]
[[ 0.09149135  0.00969342  0.03985167]]
[[ 0.07613629  0.00665559  0.03983371]]
