[[-0.13549707 -0.02362884  0.00749933]]
[[-0.16174767  0.04638139  0.00792487]]
[[-0.15840587 -0.12137631  0.0092205 ]]
[[-0.34506051 -0.11734955  0.02138538]]
[[-0.01678232 -0.00431528 -0.07463701]]
[[-0.01339735  0.00421778 -0.07311139]]
[[-0.25066526 -0.03772094  0.01344822]]
[[-0.35858519  0.16824399  0.02361826]]
[[-0.01926344 -0.00402941  0.07544571]]
[[-0.01579489  0.00390586  0.07386016]]
[[-0.16998777  0.06500654  0.00709181]]
[[-0.13783992  0.14564072  0.00709997]]
[[-0.06886803 -0.15090545  0.00499272]]
[[-0.08849214 -0.23684342  0.00208315]]
[[-0.01020024 -0.01281002 -0.07585855]]
[[-0.00689602 -0.00534322 -0.07280091]]
[[-0.23713265 -0.32712155  0.01761237]]
[[-1.04161841 -1.27994307  0.09095758]]
[[-0.01250225 -0.01265467  0.07647905]]
[[-0.0090029  -0.00589021  0.07308226]]
[[-0.00290179 -0.0012991  -0.03736983]]
[[-0.00161357  0.00122506 -0.03578105]]
[[-0.01006287 -0.00335772 -0.07214012]]
[[-0.00691457  0.00344994 -0.07120466]]
[[-1.11468112 -0.15092473  0.10552573]]
[[-1.11279813  1.45326245  0.11886883]]
[[-0.01230776 -0.00306121  0.07279639]]
[[-0.00901133  0.0030837   0.07176361]]
[[-0.00462318 -0.00118217  0.03685524]]
[[-0.00333175  0.00110665  0.03544292]]
[[-0.01015256  0.00542675 -0.07334922]]
[[-0.00685773  0.01277882 -0.07390683]]
[[-0.28545349  0.24714624  0.01401673]]
[[-0.14896162  0.27460963  0.00884769]]
[[-0.01245514  0.00593978  0.07379947]]
[[-0.0090793   0.0125495   0.07447319]]
[[-0.09373198  0.13306788  0.00269412]]
[[-0.05415887  0.14608113  0.00351881]]
[[-0.01386108 -0.11548658  0.0017987 ]]
[[-0.00230585 -0.13938462 -0.00137045]]
[[-0.00315735 -0.02195488 -0.07607249]]
[[-0.00015413 -0.01636958 -0.07734521]]
[[-0.02592328 -0.17980856  0.00257042]]
[[ 0.00658787 -0.28078326 -0.00339018]]
[[-0.00543394 -0.02161142  0.07648484]]
[[-0.0023608  -0.01681297  0.07705556]]
[[-0.0003495  -0.00447066 -0.0380852 ]]
[[ 0.00086701 -0.00246048 -0.03633909]]
[[-0.00354433 -0.01205486 -0.07426251]]
[[-0.00072106 -0.00624434 -0.07425934]]
[[-0.07148535 -0.65496523  0.00872765]]
[[ 0.7360437  -1.66315252 -0.09844179]]
[[-0.00564584 -0.01177343  0.07458743]]
[[-0.00273227 -0.00672662  0.07421447]]
[[-0.00207461 -0.00433995  0.03803904]]
[[-0.00085791 -0.00258678  0.03639478]]
[[  5.15498553e-05  -4.14248168e-04  -2.15395572e-02]]
[[ 0.00053743  0.00038969 -0.0215171 ]]
[[-0.00035488 -0.00098109 -0.03480831]]
[[ 0.00086305  0.00092637 -0.0348523 ]]
[[-0.00388366 -0.0027308  -0.07199498]]
[[-0.00084578  0.00283863 -0.07350698]]
[[-0.28171469 -0.15885466  0.02062283]]
[[-0.08375402  1.33650632  0.01425263]]
[[-0.0058714  -0.00241     0.07235582]]
[[-0.00281979  0.00238785  0.07371503]]
[[-0.002078   -0.00087002  0.03468592]]
[[-0.0008678   0.00083117  0.03496304]]
[[-0.00095966 -0.00034827  0.02146455]]
[[-0.00047423  0.00031422  0.0215632 ]]
[[-0.00037994  0.00240303 -0.03624215]]
[[ 0.00091187  0.00440434 -0.03809701]]
[[-0.00386071  0.00615138 -0.07244665]]
[[-0.00048988  0.01226091 -0.07531788]]
[[-0.28588983  0.64432623  0.0138711 ]]
[[-0.14033596  0.45582411  0.01401921]]
[[-0.00591513  0.00659069  0.07267222]]
[[-0.00261852  0.01187724  0.07570474]]
[[-0.00209529  0.00251617  0.03605889]]
[[-0.00081546  0.00426782  0.03824281]]
[[-0.00359526  0.01607028 -0.07536278]]
[[ 0.00026969  0.02199076 -0.07657899]]
[[-0.07459281  0.20500377  0.00111917]]
[[-0.02234484  0.17614628  0.0019339 ]]
[[-0.00582527  0.0165718   0.07527981]]
[[-0.00203366  0.02161825  0.07703228]]
[[ -2.60975737e-02   1.26325114e-01  -1.00050000e-04]]
[[-0.00389571  0.11459239  0.00064968]]
[[  2.34270692e-02  -1.72052754e-01   1.83354116e-06]]
[[ 0.0696537  -0.22609234 -0.00564233]]
[[ 0.00307054 -0.0118685  -0.07880569]]
[[ 0.00629132 -0.00747461 -0.08127314]]
[[ 0.13349168 -0.42423484 -0.00656266]]
[[ 0.26828586 -0.70816983 -0.02574923]]
[[ 0.00084894 -0.01141122  0.07889758]]
[[ 0.00399552 -0.00786659  0.08088185]]
[[ 0.00211974 -0.00072161 -0.03598031]]
[[ 0.00340926  0.00067731 -0.03771127]]
[[ 0.00245059 -0.00217048 -0.07603334]]
[[ 0.0060598   0.00217214 -0.0798728 ]]
[[ 0.07938015 -1.32162652  0.00756284]]
[[ 0.26986808  0.09685599 -0.01891787]]
[[ 0.00039062 -0.00179864  0.07597871]]
[[ 0.00382794  0.00166374  0.07967526]]
[[ 0.00036363 -0.0006156   0.03631826]]
[[ 0.00163807  0.00054716  0.03824258]]
[[ 0.00253791  0.00713527 -0.07723233]]
[[ 0.00676494  0.01205642 -0.08282139]]
[[-0.76599911  1.49506701  0.07255516]]
[[ 0.06679883  0.64606008  0.00231649]]
[[ 0.00042796  0.0074888   0.07712653]]
[[ 0.00441366  0.01145422  0.08293837]]
[[-0.01615048  0.28329575 -0.00174266]]
[[ 0.03163697  0.18138954 -0.00120871]]
[[ 0.14907009 -0.2469593  -0.00579711]]
[[ 0.28307452 -0.31850928 -0.02081984]]
[[ 0.01010128 -0.00154052 -0.08379414]]
[[ 0.01433752  0.00149411 -0.08760833]]
[[ 1.11613469 -1.20547903 -0.09805882]]
[[ 1.11658517 -0.0978492  -0.10729274]]
[[ 0.00762861 -0.00110333  0.08340683]]
[[ 0.01169182  0.00094343  0.08716626]]
[[ 1.02330259  1.5190982  -0.11519335]]
[[ 0.25099011  0.28586288 -0.01554008]]
[[ 0.37019155 -0.08942209 -0.02489742]]
[[ 0.26909896 -0.01108812 -0.01761892]]
