[[-0.13114836 -0.03355972  0.00744961]]
[[-0.16023306  0.02967687  0.00785319]]
[[-0.1440765  -0.12470474  0.00874271]]
[[-0.32285002 -0.1307734   0.02069454]]
[[-0.0166029  -0.00760204 -0.07421899]]
[[-0.01342709  0.00065171 -0.07450083]]
[[-0.23910904 -0.0537048   0.01335703]]
[[-0.34804104  0.13494413  0.02307876]]
[[-0.01917321 -0.00731871  0.07485213]]
[[-0.01603472  0.00025666  0.07494649]]
[[-0.17590135  0.0398803   0.00761227]]
[[-0.16231198  0.1188626   0.00775078]]
[[-0.05530751 -0.14217264  0.00434654]]
[[-0.06626339 -0.22690809  0.00147533]]
[[-0.00946335 -0.01585979 -0.07212813]]
[[-0.00628105 -0.00914612 -0.07048215]]
[[-0.21018051 -0.32250608  0.01676515]]
[[-0.98004207 -1.28007234  0.0881152 ]]
[[-0.0118015  -0.01571394  0.07259496]]
[[-0.00853925 -0.00972827  0.070424  ]]
[[-0.00276363 -0.0020239  -0.03736966]]
[[-0.00147208  0.00046023 -0.03602382]]
[[-0.00969265 -0.00706823 -0.0716577 ]]
[[-0.00664895 -0.00050582 -0.07269409]]
[[-1.07375684 -0.17140551  0.10404822]]
[[-1.03824947  1.36676996  0.11265904]]
[[-0.01211057 -0.00689037  0.07208587]]
[[-0.00906728 -0.00107481  0.07301752]]
[[-0.00453505 -0.00192111  0.03693888]]
[[-0.00324759  0.00033288  0.03576033]]
[[-0.01020398  0.00175855 -0.07669675]]
[[-0.00682205  0.00936204 -0.07940608]]
[[-0.29318126  0.18700232  0.01474069]]
[[-0.24219386  0.21160504  0.01412651]]
[[-0.01286432  0.00206333  0.07710286]]
[[-0.00952731  0.00890981  0.08009469]]
[[-0.14751911  0.11050421  0.00501852]]
[[-0.12292311  0.17694156  0.00647488]]
[[-0.00832759 -0.10349204  0.00141779]]
[[ 0.00439617 -0.12359432 -0.0014616 ]]
[[-0.00229107 -0.02376528 -0.06960979]]
[[ 0.00066206 -0.01922939 -0.07128026]]
[[-0.01230397 -0.16163309  0.00196549]]
[[ 0.02865232 -0.24796286 -0.00386941]]
[[-0.00453282 -0.0235122   0.06995299]]
[[-0.00159781 -0.01972074  0.07080302]]
[[-0.00019579 -0.00518311 -0.03750162]]
[[ 0.00102564 -0.00322897 -0.03597959]]
[[-0.00271397 -0.01531397 -0.06994677]]
[[  7.27475899e-05  -1.02327377e-02  -7.13162298e-02]]
[[-0.02465325 -0.61490088  0.00639674]]
[[ 0.88585551 -1.52800935 -0.10854228]]
[[-0.00493304 -0.01515709  0.07011885]]
[[-0.00219125 -0.01086179  0.07107174]]
[[-0.00193515 -0.00509329  0.03754797]]
[[-0.00071985 -0.00338969  0.03611505]]
[[ 0.00010964 -0.00066287 -0.02151015]]
[[ 0.0005954   0.00012682 -0.0215427 ]]
[[-0.00019318 -0.0017086  -0.03473737]]
[[ 0.00103199  0.00015832 -0.03501047]]
[[-0.00324843 -0.00671855 -0.07129363]]
[[-0.00012855 -0.0013642  -0.07484215]]
[[-0.07785581 -0.11643774  0.00376929]]
[[ 0.74147472  0.97840966 -0.07727586]]
[[-0.00553088 -0.00665044  0.07153843]]
[[-0.00251416 -0.00210465  0.07509179]]
[[-0.00195529 -0.00162808  0.03471799]]
[[ -7.43609817e-04   3.67352512e-05   3.52297806e-02]]
[[-0.00091115 -0.00060377  0.02149371]]
[[ -4.26242684e-04   4.65359492e-05   2.16434050e-02]]
[[-0.00021962  0.0016544  -0.03669529]]
[[ 0.00108135  0.00363162 -0.03878241]]
[[-0.00344331  0.00233795 -0.07596713]]
[[ 0.00018481  0.00872287 -0.08099999]]
[[-0.29460283  0.3790694   0.01581911]]
[[-0.98749271  0.29644492  0.09996459]]
[[-0.00593908  0.00245143  0.07640311]]
[[-0.00243348  0.00805816  0.08191646]]
[[-0.00199791  0.00174877  0.03664546]]
[[-0.00071262  0.00348047  0.03908197]]
[[-0.00324585  0.0131127  -0.08269793]]
[[ 0.00098406  0.01967737 -0.08532289]]
[[-0.29293829  0.21850189  0.01735075]]
[[-0.16925407  0.37464964  0.01272856]]
[[-0.00601203  0.01345093  0.08322694]]
[[-0.00182778  0.0192548   0.08665382]]
[[-0.07098543  0.17637855  0.00024699]]
[[-0.01528342  0.16717448 -0.00027954]]
[[ 0.03058439 -0.14413949 -0.00044067]]
[[ 0.07281556 -0.17438499 -0.00530194]]
[[ 0.00394159 -0.01515011 -0.07346045]]
[[ 0.00723023 -0.01143137 -0.07723298]]
[[ 0.16936548 -0.31335463 -0.00950557]]
[[ 0.27530045 -0.28073431 -0.02243614]]
[[ 0.00156172 -0.01497906  0.07353859]]
[[ 0.00469509 -0.01210158  0.07693164]]
[[ 0.00230216 -0.0014419  -0.03581631]]
[[  3.60103324e-03  -8.35343466e-05  -3.77680056e-02]]
[[ 0.00340852 -0.00618897 -0.07469105]]
[[ 0.00724032 -0.00204167 -0.08056011]]
[[ 0.96295794 -0.09238218 -0.09809968]]
[[ 0.27347193 -0.47194291 -0.02580853]]
[[ 0.0009981  -0.00618739  0.07484033]]
[[ 0.00464757 -0.00288438  0.08084459]]
[[ 0.00052073 -0.00138281  0.03628696]]
[[ 0.00180195 -0.00025688  0.0384497 ]]
[[ 0.00355257  0.00332902 -0.08060368]]
[[ 0.00807421  0.00851946 -0.08816284]]
[[-0.76103722 -1.1777328   0.09304621]]
[[ 0.065825    0.09460967 -0.00769536]]
[[ 0.00100623  0.0033171   0.08114272]]
[[ 0.00536004  0.00764083  0.08929673]]
[[-0.9112329   1.3484515   0.08082651]]
[[ 0.05725437  0.64684641 -0.00515871]]
[[ 0.1203189  -0.14155568 -0.00506368]]
[[ 0.14394024 -0.14673011 -0.00875691]]
[[ 0.0112671  -0.00534445 -0.08136643]]
[[ 0.01569289 -0.00245366 -0.08710375]]
[[ 0.23509372 -0.17526339 -0.01290655]]
[[ 0.30055523 -0.27538979 -0.02396415]]
[[ 0.00856741 -0.00534667  0.0815631 ]]
[[ 0.01292648 -0.00335457  0.08749789]]
[[ 1.05104397 -1.1540211  -0.09809889]]
[[ 1.11186866 -0.05031978 -0.11576506]]
[[ 0.17212889 -0.08834244 -0.00944603]]
[[ 0.19767229 -0.08041964 -0.01475463]]
