[[-0.10061447 -0.00544085  0.03377647]]
[[-0.11705106  0.05055744  0.03156766]]
[[-0.12184101 -0.08426802  0.04804299]]
[[-0.28804901 -0.08699516  0.05605691]]
[[-0.07258911  0.05661278 -0.03369228]]
[[-0.04673394  0.07536668 -0.03345522]]
[[-0.19851485 -0.01130709  0.04140086]]
[[-0.28347906  0.17114067  0.04794651]]
[[-0.01125004  0.00042273  0.0596124 ]]
[[-0.00838691  0.00537968  0.05607943]]
[[-0.11509981  0.07076185  0.02830258]]
[[-0.0767836   0.12148666  0.02590524]]
[[-0.04419223 -0.10362559  0.05724883]]
[[-0.04907062 -0.1781134   0.05137613]]
[[-0.24399025  0.27676152 -0.01419392]]
[[-0.07661265  0.24281738 -0.02531554]]
[[-0.18493863 -0.26697002  0.0589981 ]]
[[-0.93722122 -1.21089792  0.126197  ]]
[[-0.00636644 -0.00520783  0.06082224]]
[[-0.00354755 -0.00098979  0.05544084]]
[[-0.00646716  0.01032607 -0.06920809]]
[[-0.00280604  0.01452813 -0.05974366]]
[[-0.06090014  0.10759528 -0.03202891]]
[[-0.02361505  0.09756975 -0.03214579]]
[[-1.01586302 -0.10129199  0.13378756]]
[[-0.92522225  1.44541955  0.13730931]]
[[-0.00590535  0.00137379  0.05511681]]
[[-0.00332031  0.0049093   0.05180332]]
[[ -2.79387117e-03   9.68712139e-05   2.86464836e-02]]
[[-0.0018533   0.00158703  0.02712527]]
[[-0.02627397  0.06474497 -0.0354283 ]]
[[-0.0112958   0.06416206 -0.03458621]]
[[-0.18432648  0.24356667  0.03419774]]
[[-0.04325292  0.20310238  0.02497724]]
[[-0.0058397   0.00732588  0.05367807]]
[[-0.00341266  0.01094667  0.05209087]]
[[-0.03669192  0.10292524  0.01992764]]
[[-0.01234617  0.09149013  0.01859064]]
[[-0.00362617 -0.07722488  0.05790364]]
[[ 0.01109629 -0.08785105  0.05595178]]
[[-0.00504716 -0.00668285 -0.03276991]]
[[ 0.98650674  1.29788873 -0.12977004]]
[[-0.0019326  -0.11560274  0.05607755]]
[[ 0.04344372 -0.18750375  0.04705363]]
[[-0.00159186 -0.01148291  0.06191548]]
[[ 0.00093564 -0.00827583  0.05931621]]
[[ 0.00066675  0.00455813 -0.08841408]]
[[ 0.00427218  0.00859989 -0.07587921]]
[[-0.03018443  0.63948319 -0.03460254]]
[[ 0.0488859   0.24071934 -0.03486899]]
[[ 0.00086511 -0.53971868  0.0503918 ]]
[[ 0.92433091 -1.42133822 -0.06878055]]
[[-0.00129151 -0.0042589   0.05680149]]
[[ 0.00102542 -0.00135817  0.0535044 ]]
[[-0.00097629 -0.00208828  0.02976682]]
[[ -7.95471107e-05  -9.90314993e-04   2.80052265e-02]]
[[ 0.00045596  0.00168636 -0.03278824]]
[[ 0.00136067  0.00289635 -0.0317712 ]]
[[ 0.00024007  0.01153008 -0.06587694]]
[[ 0.00338211  0.01371685 -0.05798673]]
[[-0.01236257  0.14746282 -0.03391644]]
[[ 0.01110181  0.09903954 -0.03348118]]
[[-0.00052964  0.01293751  0.03391347]]
[[ 0.9361029   1.23567471 -0.05793026]]
[[-0.00114891  0.00204305  0.05197793]]
[[ 0.00105886  0.00445433  0.05033806]]
[[-0.00096605  0.0003232   0.02656699]]
[[ -7.27617576e-05   1.39338149e-03   2.63839737e-02]]
[[-0.00053467  0.00014428  0.01725141]]
[[-0.00015979  0.00058869  0.01721612]]
[[ 0.00011604  0.01596357 -0.05465359]]
[[ 0.00303285  0.01779425 -0.05207388]]
[[-0.00490201  0.07627228 -0.03453445]]
[[ 0.00593628  0.06383662 -0.03431311]]
[[-0.00202429  0.56084797  0.01956391]]
[[ 0.04492792  0.19272709  0.02068385]]
[[-0.00114062  0.00773883  0.05002312]]
[[ 0.00105205  0.01030187  0.05013138]]
[[-0.00096815  0.00273882  0.02720423]]
[[ -2.02483269e-05   3.85657781e-03   2.85635295e-02]]
[[-0.00238889  0.05730193 -0.0356763 ]]
[[ 0.00501744  0.05262813 -0.03500104]]
[[-0.00062708  0.1248435   0.01754943]]
[[ 0.01155805  0.08775469  0.01715376]]
[[-0.00130261  0.01389151  0.05084302]]
[[ 0.00113557  0.01621044  0.0508095 ]]
[[-0.00137394  0.07635774  0.0150553 ]]
[[ 0.00637599  0.06504829  0.01470657]]
[[ 0.03802521 -0.09224104  0.05412681]]
[[ 0.07884793 -0.10686129  0.04580017]]
[[ 0.2290196   0.34120946 -0.05902877]]
[[ 0.11156435  0.12189771 -0.04339766]]
[[ 0.18477854 -0.22286388  0.03474537]]
[[ 0.28255975 -0.14909149  0.01787306]]
[[ 0.00337419 -0.00371532  0.05735542]]
[[ 0.00563676 -0.00201466  0.05574224]]
[[ 0.00707034  0.011655   -0.0662056 ]]
[[ 0.00970103  0.01218587 -0.06056944]]
[[ 0.0455858   0.13241532 -0.03812491]]
[[ 0.04109553  0.07639485 -0.03675764]]
[[ 1.01396377  0.12605439 -0.06764816]]
[[ 0.2829458   0.10872165  0.00969155]]
[[ 0.00321118  0.00252608  0.05181073]]
[[ 0.00546249  0.00389635  0.0518851 ]]
[[ 0.00081411  0.00052234  0.02748861]]
[[ 0.00176816  0.00120057  0.02859372]]
[[ 0.01829863  0.07563399 -0.03614898]]
[[ 0.02358935  0.05707758 -0.03709056]]
[[ 0.17971854  0.28584711  0.00993519]]
[[ 0.07481128  0.10370369  0.01954468]]
[[ 0.00315212  0.00822674  0.05034438]]
[[ 0.00571205  0.00986857  0.05256916]]
[[ 0.03388568  0.10985872  0.01678986]]
[[ 0.03148881  0.07284897  0.01691232]]
[[ 0.11569438 -0.05260961  0.03890776]]
[[ 0.11463243 -0.03293454  0.03169252]]
[[ 0.07234844  0.08554606 -0.04196764]]
[[ 0.05685451  0.04834258 -0.04040681]]
[[ 0.19346817  0.03234374  0.02164811]]
[[ 0.11224803  0.02611894  0.02314842]]
[[ 0.00793175  0.00291495  0.05473009]]
[[ 0.01041597  0.00333584  0.05521147]]
[[ 0.11020411  0.09710223  0.0189552 ]]
[[ 0.0684648   0.05513899  0.01979221]]
[[ 0.09436977  0.01939178  0.02668529]]
[[ 0.07726017  0.01343153  0.0229408 ]]
