[[-0.09984533 -0.0097044  -0.03001512]]
[[-0.11639837  0.04732337 -0.02784958]]
[[-0.11895209 -0.09104056 -0.03468082]]
[[-0.28561422 -0.09356201 -0.02022035]]
[[-0.00908052 -0.0008046  -0.06016669]]
[[-0.00636063  0.00466274 -0.05681861]]
[[-0.19686701 -0.01645217 -0.02527273]]
[[-0.28210382  0.16708223 -0.01333612]]
[[-0.14403291  0.05791339  0.05010544]]
[[-0.09758522  0.12403981  0.04570615]]
[[-0.11442848  0.06800129 -0.02729068]]
[[-0.07606161  0.11994937 -0.02549595]]
[[-0.04062835 -0.11007005 -0.0402036 ]]
[[-0.04622735 -0.18570207 -0.04186001]]
[[-0.00424166 -0.00659844 -0.06045789]]
[[-0.00163499 -0.00187602 -0.05554777]]
[[-0.1818564  -0.27467339 -0.02704687]]
[[-0.93479031 -1.21817537  0.04649794]]
[[-1.06122698 -0.14242818  0.15260079]]
[[-0.94470685  1.45529007  0.15081936]]
[[-0.00139412 -0.00031655 -0.02922308]]
[[-0.0004767   0.00135356 -0.0275938 ]]
[[ -3.92507128e-03   6.08436347e-05  -5.55484971e-02]]
[[-0.00149757  0.00413704 -0.05248234]]
[[-1.01374386 -0.10724756  0.06371745]]
[[-0.92339928  1.44072654  0.07342398]]
[[-0.20980393  0.24999383  0.0519777 ]]
[[-0.05354229  0.21560477  0.04089721]]
[[-0.00906852  0.0031569   0.072868  ]]
[[-0.00550584  0.0084116   0.06709842]]
[[-0.00391467  0.00613742 -0.05492213]]
[[-0.00156083  0.010358   -0.05332395]]
[[-0.18299739  0.24037493 -0.02181185]]
[[-0.04193144  0.20115314 -0.02531747]]
[[-0.04792725  0.10644997  0.03899521]]
[[-0.01722921  0.09756172  0.03786401]]
[[-0.03583173  0.10201785 -0.0265506 ]]
[[-0.01138031  0.09147182 -0.022956  ]]
[[-0.00185027 -0.08001635 -0.03873193]]
[[ 0.01203553 -0.09203789 -0.0425233 ]]
[[ 0.0005234  -0.01301912 -0.06046471]]
[[ 0.00293051 -0.00933404 -0.0586198 ]]
[[ 0.00022542 -0.12223194 -0.04104169]]
[[ 0.04483224 -0.19477841 -0.04597147]]
[[-0.02679236 -0.61617005  0.0514043 ]]
[[ 0.93089111 -1.47540015 -0.06999471]]
[[ 0.00042205 -0.00257323 -0.02977834]]
[[ 0.00129901 -0.00127146 -0.02798119]]
[[ 0.00065984 -0.00578331 -0.05640269]]
[[ 0.00287373 -0.00233917 -0.05363433]]
[[ 0.00316219 -0.54784392 -0.03715045]]
[[ 0.92614325 -1.42863913 -0.14913831]]
[[-0.00487529 -0.00174812  0.04123734]]
[[ 0.94656964  1.24382684 -0.0517226 ]]
[[-0.00294604 -0.00462321  0.08123175]]
[[ 0.00056342 -0.00018949  0.0755427 ]]
[[  2.91510327e-04  -6.31581260e-05  -1.73618057e-02]]
[[ 0.00066026  0.00049495 -0.01725079]]
[[  4.14801148e-04  -9.48227163e-05  -2.67959406e-02]]
[[ 0.00129507  0.00113202 -0.02648686]]
[[ 0.00066871  0.00068056 -0.05244934]]
[[ 0.00286573  0.00366806 -0.05107502]]
[[ 0.00160243  0.00650931 -0.03858023]]
[[ 0.93803098  1.23073399 -0.12233905]]
[[-0.00520094  0.57665546  0.03105151]]
[[ 0.0486841   0.20457333  0.03340508]]
[[-0.00262406  0.00436879  0.06954866]]
[[ 0.00065487  0.00792993  0.06550603]]
[[-0.00113364  0.0005264   0.03306183]]
[[-0.000193    0.00166223  0.03276163]]
[[ 0.00039212  0.0023434  -0.02764188]]
[[ 0.00133143  0.00364307 -0.02881771]]
[[ 0.00066279  0.0065923  -0.05121783]]
[[ 0.00290422  0.00974103 -0.05129126]]
[[ -2.46406933e-04   5.57322362e-01  -3.72925461e-02]]
[[ 0.0466711   0.19045404 -0.02943293]]
[[-0.00307128  0.13370845  0.03358651]]
[[ 0.01296192  0.09406495  0.03453637]]
[[-0.00235085  0.01195326  0.06371401]]
[[ 0.00082761  0.01491137  0.06272001]]
[[ 0.00055692  0.01296473 -0.05268939]]
[[ 0.00302202  0.01589749 -0.05234299]]
[[ 0.00076153  0.12373424 -0.0270688 ]]
[[ 0.01298238  0.08742642 -0.02332188]]
[[-0.00267816  0.08180887  0.03464116]]
[[ 0.00725878  0.0702859   0.0348443 ]]
[[-0.00032803  0.076761   -0.02251499]]
[[ 0.00750287  0.06589956 -0.02022074]]
[[ 0.03835915 -0.09869977 -0.0429569 ]]
[[ 0.07880176 -0.11333254 -0.04636923]]
[[ 0.00536674 -0.00534121 -0.05689241]]
[[ 0.00765635 -0.00304478 -0.05586336]]
[[ 0.18586756 -0.23073602 -0.05151159]]
[[ 0.28356596 -0.15572264 -0.05931095]]
[[ 1.03885601  0.1143197  -0.06716037]]
[[ 0.31059506  0.10503921  0.01398881]]
[[  2.20630616e-03   9.77910955e-05  -2.73610518e-02]]
[[ 0.0031556   0.0009546  -0.02839503]]
[[ 0.00511167  0.00115659 -0.05234735]]
[[ 0.00746773  0.0031175  -0.05266507]]
[[ 1.01572493  0.1197104  -0.13883984]]
[[ 0.28472565  0.10399187 -0.0524003 ]]
[[ 0.1937331   0.29827797  0.01827798]]
[[ 0.08856832  0.10816324  0.03108869]]
[[ 0.00379424  0.00513319  0.07070754]]
[[ 0.00697388  0.00709089  0.06861452]]
[[ 0.00506172  0.00712379 -0.05156722]]
[[ 0.0077315   0.00936777 -0.05378523]]
[[ 0.18168214  0.28221583 -0.04632561]]
[[ 0.07678391  0.10128296 -0.03077643]]
[[ 0.03999247  0.11806383  0.03135221]]
[[ 0.03837068  0.07638595  0.03395243]]
[[ 0.0356584   0.10854324 -0.02824276]]
[[ 0.03327738  0.07228377 -0.02557844]]
[[ 0.11584167 -0.05967308 -0.04463674]]
[[ 0.11511949 -0.03852521 -0.0417708 ]]
[[ 0.01005534  0.00155199 -0.05524435]]
[[ 0.0125744  0.002599  -0.0559708]]
[[ 0.19477421  0.02662523 -0.04550518]]
[[ 0.11382575  0.02195871 -0.03607058]]
[[ 0.13398205  0.09933283  0.02737758]]
[[ 0.0863038   0.04990823  0.03167222]]
[[ 0.11215007  0.09363084 -0.03595324]]
[[ 0.07046993  0.05281876 -0.03126726]]
[[ 0.09539849  0.01457489 -0.037168  ]]
[[ 0.07863757  0.01000366 -0.03426508]]
