[[-0.12048829  0.01554372  0.00730512]]
[[-0.13095433  0.07595934  0.00755276]]
[[-0.17400584 -0.02759768  0.01222367]]
[[-0.31953419 -0.02193032  0.02341721]]
[[-0.01391077  0.00957365 -0.07266958]]
[[-0.00951204  0.01588696 -0.06485469]]
[[-0.21975034  0.02347152  0.01307363]]
[[-0.29505031  0.20598455  0.02258657]]
[[-0.01642071  0.00902149  0.07248301]]
[[-0.01187119  0.0150136   0.0653113 ]]
[[-0.12378148  0.09195276  0.0055644 ]]
[[-0.08126141  0.1414182   0.00526532]]
[[-0.27622443  0.18367459  0.0277356 ]]
[[-0.11886959  0.06637691  0.01217449]]
[[-0.00792012  0.0059275  -0.0882668 ]]
[[-0.00327004  0.01164732 -0.07477233]]
[[-0.23479641 -0.16135498  0.01978113]]
[[-0.9549171  -1.12326895  0.09020355]]
[[-0.01105682  0.00539586  0.08701911]]
[[-0.00605038  0.01074802  0.07445705]]
[[-0.00195237  0.00207426 -0.03655911]]
[[-0.00071593  0.00410291 -0.0337143 ]]
[[-0.00672593  0.01185136 -0.06855346]]
[[-0.00268703  0.01583024 -0.06062347]]
[[-1.03179405 -0.05070439  0.10268659]]
[[-0.93069534  1.48743631  0.10988893]]
[[-0.00922373  0.01153285  0.06822368]]
[[-0.00493601  0.0152012   0.06088272]]
[[-0.00372855  0.00206735  0.03588943]]
[[-0.00243214  0.00393071  0.03339604]]
[[-0.00587518  0.01638976 -0.05994722]]
[[-0.0024866   0.02040709 -0.05585975]]
[[-0.18980168  0.27061443  0.01061122]]
[[-0.0448471   0.22519803  0.0042614 ]]
[[-0.00805216  0.01631206  0.05989923]]
[[-0.00450539  0.01995258  0.0563501 ]]
[[-0.03882169  0.11845697  0.0009343 ]]
[[-0.01293253  0.10422173  0.0017225 ]]
[[-0.00667003 -0.06107827  0.00584172]]
[[ 0.99477192  1.22660978 -0.09361535]]
[[ 0.00080032 -0.00263861 -0.10857212]]
[[ 0.00533095  0.00311743 -0.09569578]]
[[-0.03002462  0.53298613  0.00295888]]
[[ 0.08976463  0.05587752 -0.00329891]]
[[-0.0034182  -0.0023798   0.10760481]]
[[ 0.00159274  0.00277872  0.09555177]]
[[ 0.00054967 -0.00055795 -0.03918476]]
[[ 0.00173599  0.0009897  -0.03593813]]
[[ 0.00048363  0.00761454 -0.08413654]]
[[ 0.00431648  0.01073263 -0.07264518]]
[[-0.00945275 -0.39592042  0.00597671]]
[[ 0.93309235 -1.33168709 -0.10780072]]
[[-0.00274854  0.00766358  0.08340745]]
[[ 0.00148037  0.01038235  0.07258813]]
[[-0.00131948 -0.00047411  0.03898475]]
[[ -6.43141864e-05   8.74738279e-04   3.60288123e-02]]
[[ 0.00034838  0.00076197 -0.02109801]]
[[ 0.00082625  0.00143579 -0.02073851]]
[[ 0.00046997  0.00235518 -0.03363895]]
[[ 0.00165662  0.00377871 -0.03239309]]
[[ 0.0003695   0.01318611 -0.06545694]]
[[ 0.00366955  0.01517633 -0.05929687]]
[[ -3.77962810e-03   7.40736123e-02  -6.07635402e-07]]
[[ 0.93927768  1.27850371 -0.08676429]]
[[-0.00210548  0.01319416  0.06503173]]
[[ 0.00140009  0.01482973  0.05939287]]
[[-0.00128741  0.00241349  0.03342422]]
[[ -4.79968834e-05   3.69587451e-03   3.25287661e-02]]
[[-0.0006657   0.00081413  0.02100204]]
[[-0.00017205  0.00136445  0.02080085]]
[[ 0.00041194  0.00527459 -0.03307929]]
[[ 0.00167042  0.00679296 -0.03376902]]
[[ 0.0003767   0.01725355 -0.05629654]]
[[ 0.00338696  0.01958631 -0.05395558]]
[[-0.00278685  0.59144617 -0.00522142]]
[[ 0.04647082  0.21501795 -0.00060615]]
[[-0.00170587  0.01731246  0.05599033]]
[[ 0.00138784  0.01926402  0.05421101]]
[[-0.00124479  0.00532981  0.03284096]]
[[  5.29860319e-05   6.67315202e-03   3.39229058e-02]]
[[ 0.00024938  0.02223186 -0.05373469]]
[[ 0.00341563  0.02440672 -0.05206016]]
[[-0.00061729  0.14139798 -0.0011732 ]]
[[ 0.01254635  0.10033491  0.00027345]]
[[-0.0016685   0.02236194  0.05341397]]
[[ 0.00155097  0.02411089  0.05238155]]
[[-0.0012479   0.08623086 -0.00056004]]
[[ 0.00715061  0.07273643  0.00010746]]
[[ 0.25921284  0.25726878 -0.02299689]]
[[ 0.17798941  0.01947615 -0.01095588]]
[[ 0.00892286  0.00778937 -0.08415563]]
[[ 0.01201189  0.00865395 -0.07476229]]
[[ 0.22341002 -0.09483377 -0.01360651]]
[[ 0.31222217 -0.08072984 -0.02202267]]
[[ 0.00561824  0.00845689  0.08414623]]
[[ 0.00908224  0.00878687  0.07497664]]
[[ 0.00290084  0.00257206 -0.03429812]]
[[ 0.00416394  0.00348132 -0.03465606]]
[[ 0.00731992  0.01345136 -0.06530162]]
[[ 0.0102411   0.01369556 -0.0610023 ]]
[[ 1.02551437  0.18511917 -0.10263659]]
[[ 0.29371668  0.14525415 -0.01925386]]
[[ 0.00474379  0.01383561  0.06488919]]
[[ 0.00782445  0.01363567  0.06097942]]
[[ 0.00113576  0.00269603  0.03456602]]
[[ 0.00244624  0.00343129  0.03518142]]
[[ 0.00640995  0.01776596 -0.05683108]]
[[ 0.00979305  0.01874714 -0.05679559]]
[[ 0.18407352  0.31588213 -0.01546201]]
[[ 0.07934723  0.12388735 -0.00257193]]
[[ 0.00424161  0.01800835  0.05632765]]
[[ 0.00766239  0.01853177  0.05674926]]
[[ 0.03599335  0.12631208 -0.0026875 ]]
[[ 0.0341992   0.08467106 -0.00139011]]
[[ 0.17103022  0.02826454 -0.00979099]]
[[ 0.1494755   0.00852738 -0.00765834]]
[[ 0.01454474  0.01286677 -0.06816027]]
[[ 0.0172651   0.01182812 -0.06440372]]
[[ 0.21412559  0.07855363 -0.01257423]]
[[ 0.12700866  0.05268874 -0.00544437]]
[[ 0.01186809  0.01360965  0.06780458]]
[[ 0.01482204  0.01196727  0.06421645]]
[[ 0.11857493  0.12298516 -0.00665809]]
[[ 0.07564143  0.07179295 -0.00347899]]
[[ 0.11668987  0.05029448 -0.00656455]]
[[ 0.09270239  0.03076154 -0.00547886]]
