[[-0.13059401 -0.01654281  0.00724296]]
[[-0.15284187  0.05225373  0.00771231]]
[[-0.15999073 -0.11071944  0.00923747]]
[[-0.34227063 -0.09989961  0.02150352]]
[[-0.01763546 -0.00266194 -0.07234399]]
[[-0.01428723  0.00613275 -0.07025403]]
[[-0.24294085 -0.0246934   0.01319573]]
[[-0.33869126  0.17894511  0.02309134]]
[[-0.0200158  -0.00239645  0.07307227]]
[[-0.01659812  0.00582319  0.07092812]]
[[-0.15546105  0.07144686  0.00663193]]
[[-0.11825924  0.14180709  0.00646808]]
[[-0.07898513 -0.14739333  0.00533371]]
[[-0.10604912 -0.22505306  0.00277976]]
[[-0.01157573 -0.01117253 -0.07595831]]
[[-0.00833688 -0.00319102 -0.07257994]]
[[-0.24514359 -0.30949436  0.01774076]]
[[-1.04179814 -1.23558309  0.0909548 ]]
[[-0.01392077 -0.01100612  0.07652912]]
[[-0.01052457 -0.00368981  0.07286959]]
[[-0.00317198 -0.00090869 -0.0371367 ]]
[[-0.00188297  0.00167831 -0.03547495]]
[[-0.01129994 -0.00151417 -0.07056733]]
[[-0.00815116  0.00566368 -0.06910341]]
[[-1.09387113 -0.11935205  0.10418234]]
[[-1.02984813  1.47481131  0.11281622]]
[[-0.01354942 -0.0012026   0.07109789]]
[[-0.01028932  0.00535188  0.06958189]]
[[-0.00487918 -0.00080223  0.03660982]]
[[-0.00358735  0.00155376  0.03513833]]
[[-0.01108282  0.00722734 -0.06991771]]
[[-0.0077813   0.01472946 -0.0698252 ]]
[[-0.24657976  0.25432345  0.01218102]]
[[-0.10159107  0.24672894  0.00605749]]
[[-0.01332384  0.00769181  0.07019985]]
[[-0.00996837  0.01449486  0.07029754]]
[[-0.07436473  0.12452976  0.00211534]]
[[-0.04137262  0.12808657  0.00293192]]
[[-0.0214321  -0.12121178  0.0020708 ]]
[[-0.01495212 -0.14736899 -0.00114613]]
[[-0.00464548 -0.02089518 -0.07882942]]
[[-0.00173681 -0.01462979 -0.08028936]]
[[-0.04431766 -0.18419341  0.00318154]]
[[-0.03544853 -0.28671476 -0.00159465]]
[[-0.00703476 -0.02056112  0.07928602]]
[[-0.00408107 -0.01510052  0.08015079]]
[[-0.00063791 -0.00407235 -0.03829335]]
[[ 0.00057499 -0.00198746 -0.03648573]]
[[-0.00513784 -0.01039104 -0.0756215 ]]
[[-0.00236243 -0.00400161 -0.07542088]]
[[-0.10890284 -0.6330866   0.01029103]]
[[ 0.63310298 -1.52715923 -0.08960036]]
[[-0.00736182 -0.0100985   0.07597484]]
[[-0.00452478 -0.00444818  0.07551307]]
[[-0.00237121 -0.00394233  0.03823336]]
[[-0.00115909 -0.00211255  0.03654673]]
[[ -4.90518069e-05  -2.76515376e-04  -2.15145040e-02]]
[[ 0.00043674  0.00054959 -0.02147315]]
[[-0.000642   -0.00058192 -0.03473702]]
[[ 0.00057301  0.0013918  -0.03470742]]
[[-0.00540073 -0.00074686 -0.07144175]]
[[-0.00237334  0.00530071 -0.0724186 ]]
[[-0.19429033 -0.0181045   0.01027337]]
[[ 0.64747037  1.38717609 -0.06639431]]
[[-0.00750814 -0.00039312  0.07175292]]
[[-0.00449158  0.00493518  0.07269456]]
[[-0.00236281 -0.00047386  0.03460037]]
[[-0.00115589  0.00129836  0.03481897]]
[[-0.00105788 -0.00021184  0.02143059]]
[[-0.00057275  0.00047367  0.02151509]]
[[-0.00065495  0.00280703 -0.03587102]]
[[ 0.00063413  0.00486445 -0.03763851]]
[[-0.00513122  0.00817222 -0.06978269]]
[[-0.00176366  0.01451259 -0.07193937]]
[[-0.11295803  0.61003149 -0.00122864]]
[[-0.03263656  0.2928992   0.00284795]]
[[-0.00725622  0.00860749  0.06987876]]
[[-0.0039665   0.01419806  0.07232267]]
[[-0.00235634  0.00291422  0.03567292]]
[[-0.00107911  0.00472886  0.03778133]]
[[-0.00454673  0.01768923 -0.07073598]]
[[-0.00071041  0.02345489 -0.07146921]]
[[ -4.47624461e-02   1.69458223e-01  -1.44964517e-04]]
[[-0.01448819  0.14284301  0.00131165]]
[[-0.00675148  0.01812025  0.07054057]]
[[-0.00297807  0.02310802  0.07190096]]
[[-0.02072678  0.11016192 -0.00011682]]
[[-0.00380707  0.10063776  0.00060725]]
[[  1.19822457e-04  -1.98361253e-01   8.91292416e-04]]
[[ 0.02231765 -0.30211392 -0.00412422]]
[[ 0.00137915 -0.01026417 -0.08192051]]
[[ 0.00457365 -0.00522191 -0.08432195]]
[[-0.00824427 -0.51025448  0.00472403]]
[[-0.67225308 -1.38062004  0.06657689]]
[[-0.00099644 -0.00980314  0.0821811 ]]
[[ 0.00212318 -0.00561594  0.08423746]]
[[ 0.00181128 -0.00032199 -0.03607472]]
[[ 0.00309433  0.00114758 -0.03772922]]
[[ 0.00073908 -0.00011997 -0.07692429]]
[[ 0.00433456  0.00478275 -0.08022206]]
[[-0.01430862  0.00174558  0.00029572]]
[[-0.65858199  1.53802287  0.09000371]]
[[-0.00148654  0.00028588  0.07699644]]
[[ 0.00194724  0.00435391  0.08030357]]
[[  4.53137530e-05  -2.11312696e-04   3.64073842e-02]]
[[ 0.00131293  0.00102705  0.03827184]]
[[ 0.00097218  0.00934058 -0.07555716]]
[[ 0.00521107  0.0145274  -0.0803874 ]]
[[-0.01426038  0.50985293 -0.00459788]]
[[ 0.0226182   0.29330701  0.00093218]]
[[-0.00127837  0.00973738  0.07550112]]
[[ 0.00275479  0.01405293  0.08067785]]
[[-0.00392747  0.19245129 -0.00227691]]
[[ 0.02052719  0.14406064 -0.00104448]]
[[  1.01493901e-01  -6.21909697e-01  -3.58880850e-04]]
[[ 1.02423769 -1.47825226 -0.11572051]]
[[ 0.0083707   0.00049663 -0.08655993]]
[[ 0.01268204  0.0040825  -0.08973461]]
[[ 0.17378579  0.02268404 -0.01079858]]
[[ 1.03470418  1.24971395 -0.09300964]]
[[ 0.00575838  0.00097223  0.08647559]]
[[ 0.00992854  0.00358737  0.08971731]]
[[ 0.0952683   0.64473014 -0.0114244 ]]
[[ 0.11088544  0.24058774 -0.00573627]]
[[ 1.10251037  0.12580588 -0.10888205]]
[[ 0.36492456  0.11245489 -0.02747734]]
