[[-0.13325599  0.00103615  0.00730185]]
[[-0.14775872  0.07142364  0.0077561 ]]
[[-0.18561979 -0.08330805  0.01009603]]
[[-0.35609812 -0.05037567  0.02259859]]
[[-0.01673775  0.00293298 -0.07627421]]
[[-0.0126192   0.01153588 -0.07113304]]
[[-0.24308485  0.0066076   0.01312921]]
[[-0.32184612  0.20801334  0.0229943 ]]
[[-0.01947821  0.00317052  0.07655699]]
[[-0.01519521  0.01126949  0.0715803 ]]
[[-0.1415799   0.09051692  0.00601925]]
[[-0.09724134  0.1496745   0.00581176]]
[[-0.16019787 -0.15433954  0.00860296]]
[[-0.25510918 -0.1569347   0.01205313]]
[[-0.01070869 -0.00508722 -0.08611975]]
[[-0.00660858  0.00325846 -0.07884322]]
[[-0.29985605 -0.24994329  0.01973229]]
[[-1.05378358 -1.11909043  0.0928525 ]]
[[-0.01380192 -0.00470969  0.08650989]]
[[-0.00941241  0.00311602  0.07916954]]
[[-0.0026204   0.00037465 -0.03775773]]
[[-0.00130878  0.00280715 -0.03550167]]
[[-0.00977957  0.00488709 -0.07398518]]
[[-0.00583212  0.0115678  -0.06883206]]
[[-1.07807921 -0.05983092  0.10334278]]
[[-0.97015793  1.5095477   0.11084342]]
[[-0.01245251  0.00535788  0.07411668]]
[[-0.00828398  0.01148874  0.06910264]]
[[-0.00444929  0.00048353  0.03733353]]
[[-0.00309896  0.00272531  0.03532467]]
[[-0.0088653   0.01284696 -0.06790418]]
[[-0.00515264  0.01909512 -0.06485687]]
[[-0.21367736  0.27750862  0.01107182]]
[[-0.06242963  0.24252751  0.00482514]]
[[-0.01128109  0.01330971  0.06780567]]
[[-0.00743264  0.01897315  0.06516825]]
[[-0.05145872  0.1272664   0.00125815]]
[[-0.02174335  0.11719709  0.0020919 ]]
[[-0.07367611 -0.21153859  0.00314593]]
[[-0.17663146 -0.35879036  0.00528171]]
[[-0.00293342 -0.01621989 -0.09506819]]
[[ 0.00095219 -0.00898091 -0.09311032]]
[[-0.30080629 -0.29351826  0.0217315 ]]
[[-0.99808553 -0.07135371  0.09676559]]
[[-0.00635883 -0.01571123  0.09640292]]
[[-0.00229404 -0.00906216  0.0942064 ]]
[[ -4.35637137e-05  -2.72427567e-03  -3.95156516e-02]]
[[ 0.00120447 -0.00078657 -0.03705982]]
[[-0.0031223  -0.00370907 -0.08532876]]
[[ 0.00060178  0.00267481 -0.08038547]]
[[-0.30038773 -0.43606975  0.02404461]]
[[ 0.73000172 -1.12893739 -0.09420553]]
[[-0.00615324 -0.0029817   0.08598328]]
[[-0.00222456  0.00281006  0.08094882]]
[[-0.0019108  -0.00257743  0.03967316]]
[[-0.00062391 -0.00085912  0.03738907]]
[[ 0.00016415  0.00016345 -0.02157012]]
[[ 0.00065575  0.00093304 -0.02138037]]
[[ -6.37620990e-05   7.03886761e-04  -3.50573690e-02]]
[[ 0.00118429  0.00250739 -0.03442514]]
[[-0.00293714  0.0062905  -0.07365448]]
[[ 0.00071663  0.01135174 -0.07011933]]
[[-0.08114966  0.1105737   0.00190836]]
[[ 0.89913441  1.33685722 -0.08546959]]
[[-0.00554537  0.00699876  0.07371694]]
[[-0.00178176  0.01144313  0.07034604]]
[[-0.0018764   0.00084736  0.03508025]]
[[-0.00059742  0.00248595  0.03473566]]
[[-0.00086871  0.00023464  0.0215827 ]]
[[-0.00036678  0.00087474  0.02153291]]
[[ -8.24561999e-05   4.04916501e-03  -3.53668514e-02]]
[[ 0.00123815  0.00591468 -0.03656854]]
[[-0.00238883  0.01411916 -0.0660235 ]]
[[ 0.00118379  0.0187595  -0.06464528]]
[[-0.02915059  0.61481555 -0.00489089]]
[[  3.18216315e-02   2.43170833e-01  -1.40537198e-04]]
[[-0.00473171  0.01469005  0.06573097]]
[[-0.00112205  0.01873366  0.06484951]]
[[-0.00183283  0.00420444  0.03529509]]
[[-0.00048663  0.00586724  0.03687017]]
[[-0.00187775  0.02165249 -0.06325754]]
[[ 0.00186242  0.02543348 -0.06187488]]
[[-0.0121235   0.15714972 -0.0010638 ]]
[[ 0.00616754  0.11755197  0.00046645]]
[[-0.00408668  0.02212147  0.06280226]]
[[-0.000308    0.02531599  0.06213135]]
[[-0.00683478  0.09790615 -0.00055371]]
[[ 0.00433586  0.08461856  0.0001601 ]]
[[-0.90269938 -1.56607565  0.10287044]]
[[ 0.0724642  -0.10660781 -0.01382318]]
[[ 0.00489273 -0.00314491 -0.09012956]]
[[ 0.00874073  0.0013275  -0.08661059]]
[[-0.77101744  1.01942552  0.07414691]]
[[ 0.28224181  0.42730232 -0.01938533]]
[[ 0.00176466 -0.00209861  0.09140729]]
[[ 0.00573944  0.00166599  0.08765314]]
[[ 0.00245953  0.00096654 -0.03605914]]
[[ 0.0037826   0.00224088 -0.03708097]]
[[ 0.0042428   0.00716251 -0.07683031]]
[[ 0.00804089  0.01051255 -0.07470378]]
[[ 0.96267916  0.32134229 -0.10207133]]
[[ 0.28221109  0.22832533 -0.01915181]]
[[ 0.00149524  0.00809606  0.07704755]]
[[ 0.00532551  0.01075843  0.07507115]]
[[ 0.00063868  0.00114353  0.03660666]]
[[ 0.00198893  0.00221918  0.03785602]]
[[ 0.0041972   0.01527199 -0.06899398]]
[[ 0.00836158  0.01839477 -0.06983511]]
[[ 0.16674756  0.35831108 -0.01572938]]
[[ 0.07412113  0.15841725 -0.00255609]]
[[ 0.00171146  0.01598256  0.06867492]]
[[ 0.00586645  0.01843186  0.06996827]]
[[ 0.02894042  0.14896048 -0.00292214]]
[[ 0.0325016   0.10450653 -0.00153506]]
[[ 1.06178642  1.40738245 -0.1257711 ]]
[[ 0.32422908  0.21092504 -0.02464997]]
[[ 0.01252564  0.00752096 -0.08285565]]
[[ 0.01642188  0.00918137 -0.08041775]]
[[ 0.24259579  0.23940838 -0.0181758 ]]
[[ 0.15179885  0.11709676 -0.00758509]]
[[ 0.0096006   0.00865824  0.08343489]]
[[ 0.01364675  0.00950046  0.08097121]]
[[ 0.12086868  0.17255541 -0.00801159]]
[[ 0.08321191  0.10375054 -0.0043515 ]]
[[ 0.1836958   0.12927727 -0.01390803]]
[[ 0.13043962  0.06067562 -0.00895361]]
