[[-0.10113376 -0.01343493 -0.02114182]]
[[-0.11881027  0.0434258  -0.02124057]]
[[-0.12061957 -0.09469553 -0.02241084]]
[[-0.2885401  -0.09779836 -0.01069657]]
[[-0.00987284 -0.00183988 -0.0589962 ]]
[[-0.00721021  0.00379695 -0.05623336]]
[[-0.19948797 -0.0211046  -0.01716945]]
[[-0.28592332  0.16273377 -0.00852886]]
[[-0.07690317 -0.0115325   0.04445349]]
[[-0.08348508  0.02550504  0.04207945]]
[[-0.11779387  0.06332052 -0.02324337]]
[[-0.08014926  0.1164405  -0.02439718]]
[[-0.042672   -0.11274593 -0.02639767]]
[[-0.04950901 -0.18940482 -0.03034405]]
[[-0.00503815 -0.00768222 -0.05904762]]
[[-0.00247168 -0.00280829 -0.05478345]]
[[-0.1849511  -0.27936602 -0.01613884]]
[[-0.9392492  -1.22309789  0.05336118]]
[[-0.08430048 -0.05956645  0.04401356]]
[[-0.12741727 -0.02803985  0.04140566]]
[[-0.001674   -0.00066152 -0.02906403]]
[[-0.00074674  0.00107861 -0.02757323]]
[[-0.00475753 -0.00101777 -0.05486211]]
[[-0.0023681   0.00325075 -0.05238229]]
[[-1.01788315 -0.11284363  0.06964278]]
[[-0.92852154  1.4361598   0.07486374]]
[[-0.10491281 -0.01350277  0.04129924]]
[[-0.12789346  0.05043754  0.04025438]]
[[-0.01412974 -0.00269434  0.0654444 ]]
[[-0.01153666  0.00405214  0.06553973]]
[[-0.00477662  0.00509197 -0.05486488]]
[[-0.00241993  0.00956396 -0.05380516]]
[[-0.18758867  0.23532778 -0.02050042]]
[[-0.04682722  0.19802841 -0.0275093 ]]
[[-0.08494954  0.03325617  0.03977267]]
[[-0.0729969   0.07958012  0.03867864]]
[[-0.04009832  0.0984263  -0.02810315]]
[[-0.01544103  0.089999   -0.02671878]]
[[-0.00414214 -0.08116402 -0.02615571]]
[[ 0.00872652 -0.09430242 -0.03118431]]
[[-0.00024855 -0.01404685 -0.05883796]]
[[ 0.00210352 -0.01028236 -0.05760998]]
[[-0.0030717  -0.12593427 -0.02935475]]
[[ 0.04033218 -0.19933781 -0.03779275]]
[[-0.0418267  -0.10222789  0.04039149]]
[[-0.07167303 -0.13778481  0.0374451 ]]
[[ 0.00015443 -0.00294122 -0.0295673 ]]
[[ 0.00103458 -0.00156592 -0.02791423]]
[[-0.00016052 -0.0069073  -0.05550773]]
[[ 0.00200409 -0.00329631 -0.0533668 ]]
[[-0.00135233 -0.55369834 -0.0293877 ]]
[[ 0.92063328 -1.43416237 -0.1468971 ]]
[[-0.12165718 -0.11725012  0.04228921]]
[[-0.30898355 -0.12118615  0.05354283]]
[[-0.00824764 -0.01133229  0.07206664]]
[[-0.00583608 -0.00605977  0.07376609]]
[[ 0.00016764 -0.00022033 -0.01734099]]
[[ 0.00053532  0.00036719 -0.01727692]]
[[ 0.00015388 -0.00043277 -0.02674824]]
[[ 0.00103215  0.00085829 -0.0265711 ]]
[[-0.00019047 -0.00043677 -0.05225858]]
[[ 0.00199425  0.00278508 -0.05146331]]
[[-0.00378578  0.0001934  -0.03673505]]
[[ 0.93229337  1.2262565  -0.12596123]]
[[-0.21829887 -0.02681385  0.04590252]]
[[-0.31039355  0.1800416   0.05487796]]
[[-0.00891724 -0.00210091  0.06801735]]
[[-0.00614376  0.00364194  0.07116994]]
[[-0.00211309 -0.00061509  0.0332353 ]]
[[-0.00120628  0.00078892  0.03357682]]
[[ 0.00013189  0.00200501 -0.02774221]]
[[ 0.00106322  0.00336347 -0.02905192]]
[[-0.00019308  0.00555509 -0.05163917]]
[[ 0.00207075  0.00898269 -0.05225942]]
[[-0.00563156  0.55234639 -0.04016361]]
[[ 0.04159361  0.18803146 -0.03593554]]
[[-0.12752864  0.08007016  0.03800255]]
[[-0.08164693  0.14411417  0.03700656]]
[[-0.00868285  0.00699185  0.06826593]]
[[-0.00539668  0.01266011  0.07251147]]
[[-0.00025561  0.01206553 -0.0536582 ]]
[[ 0.00223678  0.01531137 -0.0537954 ]]
[[-0.00382502  0.120776   -0.03196947]]
[[ 0.00899866  0.08683498 -0.03021128]]
[[-0.04931624  0.08581758  0.03501437]]
[[-0.02199264  0.09663361  0.03464398]]
[[-0.00384586  0.0755709  -0.02779174]]
[[ 0.00457993  0.06649452 -0.02647471]]
[[ 0.03407805 -0.10350168 -0.03434409]]
[[ 0.07381208 -0.11864595 -0.04243786]]
[[ 0.00450652 -0.00651163 -0.05648188]]
[[ 0.00677093 -0.00400814 -0.05608616]]
[[ 0.18060268 -0.23753617 -0.04843649]]
[[ 0.2781341 -0.1615845 -0.0625728]]
[[-0.1850304  -0.33210714  0.0485777 ]]
[[-0.95171303 -1.27681964  0.11667251]]
[[ 0.00194017 -0.00024208 -0.02741789]]
[[ 0.00287511  0.00067887 -0.02858826]]
[[  4.24223620e-03   3.31931585e-05  -5.26478798e-02]]
[[ 0.00661376  0.00226382 -0.05356791]]
[[ 1.01005089  0.11313246 -0.14258166]]
[[ 0.27956372  0.09981374 -0.06152105]]
[[-1.05003761 -0.12297322  0.13482878]]
[[-0.9485321   1.4685486   0.13991463]]
[[-0.00301562 -0.00170307  0.07731668]]
[[ 0.00041365  0.00291545  0.08268767]]
[[ 0.00422442  0.0061126  -0.05249722]]
[[ 0.00690816  0.00863955 -0.05529314]]
[[ 0.17642443  0.27775956 -0.05434955]]
[[ 0.07240045  0.09960263 -0.04194512]]
[[-0.20086311  0.2726273   0.04217519]]
[[-0.03623801  0.24151892  0.03501578]]
[[ 0.03136553  0.10648212 -0.03717741]]
[[ 0.02985936  0.07248436 -0.0360525 ]]
[[ 0.11093037 -0.06684001 -0.04647161]]
[[ 0.11088991 -0.04434329 -0.04949992]]
[[ 0.00920361  0.00045077 -0.0560546 ]]
[[ 0.01176035  0.00177195 -0.05739412]]
[[ 0.19007717  0.02034059 -0.05441385]]
[[ 0.11026793  0.01815282 -0.04930047]]
[[ 0.0008938  -0.00800247  0.02429608]]
[[ 0.98443158  1.2557777  -0.06761617]]
[[ 0.1080878   0.08990271 -0.04869328]]
[[ 0.06755523  0.05158614 -0.04619939]]
[[ 0.09246376  0.00900418 -0.04925355]]
[[ 0.07701501  0.00654964 -0.04924356]]
