[[-0.10064594 -0.01401985 -0.02312616]]
[[-0.11816295  0.04273162 -0.02354159]]
[[-0.11981989 -0.0951734  -0.0233209 ]]
[[-0.28752767 -0.09849737 -0.01166499]]
[[-0.009654   -0.00190212 -0.05920992]]
[[-0.00698101  0.00368518 -0.05642163]]
[[-0.1986003  -0.02168222 -0.01883396]]
[[-0.28483034  0.16194205 -0.01039188]]
[[-0.0846999  -0.02303113  0.04474978]]
[[-0.10285688  0.01615693  0.04260975]]
[[-0.11695846  0.06278996 -0.02584125]]
[[-0.07913444  0.1157705  -0.02720535]]
[[-0.04197222 -0.11286087 -0.02630507]]
[[-0.04864433 -0.18965415 -0.03006479]]
[[-0.00483321 -0.00771688 -0.05908094]]
[[-0.00225876 -0.00289303 -0.05478   ]]
[[-0.18393386 -0.27965145 -0.0163982 ]]
[[-0.93799427 -1.223622    0.05325772]]
[[-0.07632658 -0.07306169  0.04410141]]
[[-0.12407695 -0.06896793  0.04151287]]
[[-0.0016031  -0.00067368 -0.02907836]]
[[-0.00067744  0.00104944 -0.02757966]]
[[-0.0045312  -0.00107047 -0.05494548]]
[[-0.00213587  0.00314663 -0.05243014]]
[[-1.01661888 -0.11331088  0.06865308]]
[[-0.9270267   1.43535451  0.07387367]]
[[-0.12373424 -0.04340397  0.04258565]]
[[-0.20824554  0.02890762  0.0461144 ]]
[[-0.01256201 -0.00341075  0.06699733]]
[[-0.00971665  0.00282505  0.06715988]]
[[-0.00453926  0.00502895 -0.0550222 ]]
[[-0.00217941  0.00944455 -0.05392935]]
[[-0.18627739  0.23478478 -0.02248843]]
[[-0.04535041  0.19718876 -0.02948876]]
[[-0.1227902   0.02799052  0.04146308]]
[[-0.11779509  0.11085656  0.04105121]]
[[-0.03892257  0.09804339 -0.03089829]]
[[-0.01417492  0.08942847 -0.0292764 ]]
[[-0.00377918 -0.08102007 -0.02571802]]
[[ 0.00913818 -0.09414903 -0.03054743]]
[[ -8.39451729e-05  -1.40411849e-02  -5.87440050e-02]]
[[ 0.00227593 -0.01031541 -0.0574729 ]]
[[-0.00243045 -0.12579126 -0.02878489]]
[[ 0.04111187 -0.19922599 -0.03683321]]
[[-0.02940933 -0.09332827  0.04086885]]
[[-0.03564938 -0.11932079  0.03743535]]
[[ 0.00021727 -0.00294867 -0.02954561]]
[[ 0.00109734 -0.00158876 -0.02788431]]
[[  3.48477024e-05  -6.92299519e-03  -5.54299404e-02]]
[[ 0.00220841 -0.00335784 -0.05324426]]
[[ -2.78679958e-04  -5.53651302e-01  -2.87778238e-02]]
[[ 0.92190939 -1.43434699 -0.14581984]]
[[-0.08317178 -0.12988562  0.0412612 ]]
[[-0.19746969 -0.24926612  0.0451237 ]]
[[-0.00666324 -0.01140704  0.07077839]]
[[-0.00396889 -0.00660726  0.07179612]]
[[ 0.00019833 -0.00022533 -0.01733705]]
[[ 0.00056612  0.00035508 -0.0172701 ]]
[[ 0.00021951 -0.0004437  -0.02673566]]
[[ 0.00109821  0.0008318  -0.02655001]]
[[  3.24937398e-05  -4.73613086e-04  -5.22124371e-02]]
[[ 0.00222319  0.00269234 -0.05137314]]
[[ -2.28950406e-03  -4.44429557e-05  -3.65983722e-02]]
[[ 0.93396399  1.22557829 -0.12552981]]
[[-0.29948808 -0.16642814  0.05604609]]
[[-1.03527272  0.12507737  0.13475565]]
[[-0.00692737 -0.00268173  0.06783802]]
[[-0.00390897  0.00242623  0.07062689]]
[[-0.00183328 -0.00066905  0.03308471]]
[[-0.00091686  0.00066128  0.03336933]]
[[ 0.00020053  0.00199004 -0.02773964]]
[[ 0.001133    0.00333211 -0.0290404 ]]
[[  4.47004168e-05   5.49923603e-03  -5.16466143e-02]]
[[ 0.00231138  0.00886589 -0.05222505]]
[[-0.00394551  0.55183312 -0.04102698]]
[[ 0.04336538  0.18706179 -0.0365313 ]]
[[-0.29743371  0.11660221  0.05246723]]
[[-0.18143366  0.31294173  0.04648051]]
[[-0.00664023  0.00611049  0.06983807]]
[[-0.00319691  0.01123833  0.07376944]]
[[ -1.40916494e-05   1.19958736e-02  -5.37408919e-02]]
[[ 0.00247908  0.01518665 -0.05383781]]
[[-0.00224573  0.12026647 -0.03370493]]
[[ 0.01057754  0.0859833  -0.03156496]]
[[-0.07296616  0.12736866  0.03520429]]
[[-0.02080026  0.13103636  0.03384392]]
[[-0.00256257  0.07532151 -0.0299165 ]]
[[ 0.00581957  0.06602904 -0.02812163]]
[[ 0.03455517 -0.10307808 -0.0333732 ]]
[[ 0.07435514 -0.11815548 -0.04092052]]
[[ 0.00468935 -0.00650225 -0.0562941 ]]
[[ 0.00696161 -0.00404447 -0.05584303]]
[[ 0.18151473 -0.23709392 -0.04689373]]
[[ 0.27913031 -0.16132794 -0.06030971]]
[[-0.04469748 -0.22301572  0.03944773]]
[[-0.00073797 -0.57938775  0.02769798]]
[[ 0.00200513 -0.00025026 -0.02737874]]
[[ 0.0029427   0.00065554 -0.02853876]]
[[  4.45490248e-03   1.60690465e-05  -5.24744106e-02]]
[[ 0.00683147  0.00218836 -0.05333839]]
[[ 1.01146964  0.11321753 -0.14096066]]
[[ 0.28101896  0.09942266 -0.05936188]]
[[-0.94070231 -1.44727411  0.14184352]]
[[-0.00295331  0.01287934  0.02842396]]
[[-0.00089737 -0.0019712   0.07460333]]
[[ 0.00263602  0.00197099  0.07924132]]
[[ 0.00445787  0.00606629 -0.0523555 ]]
[[ 0.00714424  0.00853364 -0.05509807]]
[[ 0.17817716  0.27734409 -0.05352358]]
[[ 0.0741082   0.09863338 -0.04067458]]
[[-0.94326002  1.26424215  0.1164953 ]]
[[ 0.03333334  0.60033968  0.03061398]]
[[ 0.03312267  0.10583642 -0.03734361]]
[[ 0.03148822  0.07142688 -0.03582078]]
[[ 0.1114849  -0.06606287 -0.04425493]]
[[ 0.11139897 -0.04368539 -0.04653935]]
[[ 0.0093983   0.00045461 -0.05575247]]
[[ 0.01195445  0.00172117 -0.05702838]]
[[ 0.19105909  0.02076049 -0.05147003]]
[[ 0.11114872  0.01814315 -0.0457784 ]]
[[ 0.95548435 -1.2346228  -0.05902739]]
[[ 1.06509152 -0.08722462 -0.07917217]]
[[ 0.1094687   0.08966046 -0.04602214]]
[[ 0.06875755  0.05082151 -0.04313821]]
[[ 0.09284686  0.00966769 -0.04570653]]
[[ 0.07723685  0.00688199 -0.0452556 ]]
