[[-0.10051509 -0.01433815  0.0365657 ]]
[[-0.11789087  0.04182995  0.03812979]]
[[-0.11916079 -0.09546062  0.039426  ]]
[[-0.28659791 -0.09957475  0.05251743]]
[[-0.12485428 -0.04648754 -0.0331378 ]]
[[-0.20402906  0.0235994  -0.02564216]]
[[-0.19796712 -0.02205603  0.04396231]]
[[-0.28403285  0.1607649   0.05494762]]
[[-0.01136105 -0.00179909  0.05974449]]
[[-0.00857619  0.00323074  0.05691522]]
[[-0.1165734   0.06245731  0.03875085]]
[[-0.07870323  0.11472061  0.03929455]]
[[-0.04115152 -0.11276988  0.03352493]]
[[-0.04754469 -0.19029642  0.03239367]]
[[-0.08348286 -0.12412417 -0.03472515]]
[[-0.18763908 -0.23938405 -0.02628076]]
[[-0.18282368 -0.27978004  0.04803514]]
[[-0.93662228 -1.2247032   0.12159437]]
[[-0.00637969 -0.0076571   0.05928051]]
[[-0.00363297 -0.00342874  0.05471592]]
[[-0.00685135 -0.00397353 -0.06985566]]
[[-0.00393649  0.00174415 -0.06875643]]
[[-0.28826081 -0.16393899 -0.01527673]]
[[-1.0181899   0.11430435  0.06686185]]
[[-1.01544791 -0.11370997  0.13610708]]
[[-0.92575273  1.43385455  0.14477929]]
[[-0.00599135 -0.00096283  0.05521271]]
[[-0.00349616  0.00265871  0.05261028]]
[[-0.00286045 -0.00063542  0.02871714]]
[[-0.00191963  0.00088719  0.02736239]]
[[-0.29140315  0.10248967 -0.01619168]]
[[-0.1857362   0.28947012 -0.01943777]]
[[-0.18540054  0.23421664  0.04542981]]
[[-0.04454259  0.19568592  0.03906267]]
[[-0.0060545   0.00519927  0.05525618]]
[[-0.00365919  0.00897717  0.05430361]]
[[-0.03852608  0.09761678  0.0354231 ]]
[[-0.01387958  0.08839161  0.03489218]]
[[-0.0031961  -0.08055784  0.02742997]]
[[ 0.00988043 -0.09419732  0.02714181]]
[[-0.01215146 -0.10070511 -0.03786654]]
[[ 0.00188459 -0.13302686 -0.03981218]]
[[-0.00147477 -0.1253806   0.03092689]]
[[ 0.04226148 -0.19953794  0.02797196]]
[[-0.00164195 -0.01381724  0.05868538]]
[[ 0.00078896 -0.01072031  0.05691085]]
[[-0.00093542 -0.01125654 -0.06955794]]
[[ 0.00186513 -0.0068343  -0.06870985]]
[[-0.04452903 -0.20500996 -0.03336413]]
[[-0.00158825 -0.55699646 -0.04084111]]
[[ 0.00107352 -0.5534976   0.03840213]]
[[ 0.92336801 -1.43531667 -0.07332265]]
[[-0.00136066 -0.00676542  0.05529408]]
[[ 0.00085846 -0.00381885  0.05282603]]
[[-0.00102862 -0.00289796  0.02948073]]
[[-0.00013514 -0.00175455  0.02790243]]
[[ 0.00019752 -0.00088444 -0.03288797]]
[[ 0.00109983  0.00051835 -0.03288342]]
[[-0.00100856 -0.00329639 -0.06696429]]
[[ 0.00189177  0.00109851 -0.06809009]]
[[-0.9268663  -1.43769008  0.07404825]]
[[-0.00094693  0.00015045 -0.034169  ]]
[[-0.00078665 -0.00045352  0.03623347]]
[[ 0.93536539  1.22379333 -0.0499833 ]]
[[-0.00127045 -0.000376    0.05210013]]
[[ 0.00088635  0.00215885  0.05119893]]
[[-0.00101757 -0.00040864  0.02664447]]
[[-0.00013375  0.00068938  0.02663489]]
[[-0.00056314 -0.00019396  0.01729587]]
[[-0.00019206  0.00026134  0.01732063]]
[[-0.00101056  0.00463434 -0.07032935]]
[[ 0.002142    0.00935911 -0.07310898]]
[[-0.93843242  1.2282727   0.05342695]]
[[ 0.00293954  0.56449015 -0.02910274]]
[[-0.0027418   0.55092778  0.03153762]]
[[ 0.0443189   0.18505152  0.03542382]]
[[-0.00131911  0.00556368  0.05158552]]
[[ 0.00086924  0.00830674  0.05239327]]
[[-0.00102865  0.00202298  0.02763518]]
[[ -9.65069120e-05   3.15308517e-03   2.91809743e-02]]
[[-0.04621448  0.20566029 -0.0336309 ]]
[[ 0.00663162  0.14235199 -0.0335457 ]]
[[-0.00160124  0.11943639  0.03348551]]
[[ 0.01101425  0.08454441  0.03389998]]
[[-0.00151669  0.01206776  0.05373491]]
[[ 0.00092997  0.01465226  0.05430452]]
[[-0.00237728  0.07500488  0.03148024]]
[[ 0.0059274   0.06537268  0.03077027]]
[[ 0.03541095 -0.10231078  0.03025628]]
[[ 0.07521457 -0.11816018  0.02909095]]
[[ 0.05024648 -0.19589147 -0.0389024 ]]
[[ 0.18863534 -0.28502475 -0.05299627]]
[[ 0.18271493 -0.23666477  0.02380502]]
[[ 0.28017157 -0.16213371  0.01483627]]
[[ 0.0031868  -0.00625521  0.05588702]]
[[ 0.00539131 -0.00445335  0.0551402 ]]
[[ 0.00489277 -0.00265632 -0.06926487]]
[[ 0.00809063  0.00057843 -0.07245654]]
[[ 0.93876993 -1.22746533 -0.12255753]]
[[ 1.02302746 -0.11365647 -0.13799662]]
[[ 1.01281016  0.11277019 -0.06472416]]
[[ 0.28203061  0.09748957  0.01815009]]
[[ 0.00303743  0.00010275  0.05201302]]
[[ 0.00528849  0.00163622  0.05289716]]
[[ 0.00076216 -0.00021618  0.02758998]]
[[ 0.00169792  0.0004887   0.02888784]]
[[ 0.92801084  1.44107465 -0.14398234]]
[[ 0.20007497  0.25053344 -0.04825163]]
[[ 0.17930044  0.27606566  0.02238135]]
[[ 0.07487209  0.09625089  0.0347875 ]]
[[ 0.00300768  0.00604303  0.05203291]]
[[ 0.00555543  0.00787792  0.05505781]]
[[ 0.03379631  0.10458047  0.03341164]]
[[ 0.03191338  0.06964885  0.03455866]]
[[ 0.11214285 -0.06550832  0.03074152]]
[[ 0.11171721 -0.04438078  0.0309203 ]]
[[ 0.29826046 -0.09902316 -0.05760636]]
[[ 0.21638026 -0.01598099 -0.05082366]]
[[ 0.19176483  0.02023357  0.02571217]]
[[ 0.11147935  0.01624105  0.03219889]]
[[ 0.00772273  0.00054998  0.05507716]]
[[ 0.01022445  0.00115596  0.05642789]]
[[ 0.11011721  0.08812379  0.0316747 ]]
[[ 0.069096    0.04835371  0.03521629]]
[[ 0.09280086  0.00907457  0.03199984]]
[[ 0.0769345   0.00515889  0.03230678]]
