[[-0.16000653 -0.050772    0.00876689]]
[[-0.21629714  0.02234887  0.01029579]]
[[-0.15532136 -0.15585447  0.00945716]]
[[-0.35055568 -0.18936487  0.0216379 ]]
[[-0.01336422 -0.00643362 -0.08236808]]
[[-0.00956272  0.00140333 -0.0808776 ]]
[[-0.29539494 -0.10617425  0.0166607 ]]
[[-0.55582622  0.05832389  0.03987584]]
[[-0.01600527 -0.00612856  0.08322128]]
[[-0.01198962  0.00100461  0.08161787]]
[[-0.29849199  0.03666085  0.01587742]]
[[-0.3513336   0.26591332  0.0256769 ]]
[[-0.05009881 -0.15985237  0.00437057]]
[[-0.05410779 -0.25531679  0.0008682 ]]
[[-0.00608157 -0.01472086 -0.07814145]]
[[-0.00239749 -0.00830059 -0.07451562]]
[[-0.20844439 -0.3693084   0.01718465]]
[[-0.97547545 -1.4023335   0.08793362]]
[[-0.00836558 -0.01450998  0.07869529]]
[[-0.00439698 -0.00881788  0.07455812]]
[[-0.00197402 -0.00169321 -0.03792432]]
[[-0.00069164  0.00061823 -0.03625942]]
[[-0.00574097 -0.00545757 -0.07684307]]
[[-0.00231788  0.00041011 -0.07543283]]
[[-1.18644147 -0.38715415  0.1162758 ]]
[[-1.85468752  0.2061895   0.19577174]]
[[-0.00790159 -0.0051176   0.07743277]]
[[ -4.25421365e-03  -2.88303189e-05   7.57333685e-02]]
[[-0.00373974 -0.00156979  0.03744557]]
[[-0.00244218  0.00050495  0.03594734]]
[[-0.00597107  0.00347829 -0.08089072]]
[[-0.00248026  0.00996997 -0.08095928]]
[[-1.18991155  0.11376224  0.1118036 ]]
[[-0.96231656  1.61836641  0.11236106]]
[[-0.00820416  0.00403933  0.08135713]]
[[-0.00460236  0.00962196  0.08136966]]
[[-0.21530174  0.32270017  0.01151366]]
[[-0.05286534  0.27325422  0.00532701]]
[[-0.00225175 -0.10981781  0.00128161]]
[[ 0.01470811 -0.13124117 -0.00185014]]
[[ 0.00064587 -0.02275101 -0.07328427]]
[[ 0.00401598 -0.01827415 -0.07333474]]
[[ 0.00066462 -0.17382396  0.00168207]]
[[ 0.05275542 -0.265516   -0.00465246]]
[[-0.00156379 -0.0223925   0.07364684]]
[[ 0.00190297 -0.01861525  0.07287823]]
[[ 0.00053795 -0.00483419 -0.03779979]]
[[ 0.00176221 -0.00304105 -0.03596124]]
[[ 0.00094948 -0.01361189 -0.07295869]]
[[ 0.00408875 -0.00894069 -0.07189574]]
[[ 0.00443896 -0.65810737  0.00602222]]
[[ 0.96671159 -1.62225364 -0.11230237]]
[[-0.00106365 -0.01323608  0.07311998]]
[[ 0.00216688 -0.00930209  0.07147781]]
[[-0.00118466 -0.00471402  0.03780708]]
[[  5.19433508e-05  -3.17399545e-03   3.60491473e-02]]
[[ 0.00037169 -0.00054813 -0.02153497]]
[[ 0.00085746  0.00018253 -0.02149414]]
[[ 0.00055987 -0.00137309 -0.03484433]]
[[ 0.00178392  0.00032267 -0.03480531]]
[[ 0.00099144 -0.00468261 -0.07286585]]
[[ 0.00423698 -0.00031631 -0.07342893]]
[[ 0.00457344 -0.5490595   0.00499725]]
[[ 1.86000003 -0.21335464 -0.19592386]]
[[-0.00085426 -0.00428879  0.07291534]]
[[ 0.00237321 -0.00076888  0.07311784]]
[[-0.0011719  -0.00126356  0.03477197]]
[[  5.59571429e-05   2.24624111e-04   3.49480072e-02]]
[[-0.00064376 -0.00048374  0.02150051]]
[[-0.00015431  0.00010638  0.02157563]]
[[ 0.00054087  0.00198555 -0.03662818]]
[[ 0.00183942  0.00377854 -0.03840801]]
[[ 0.00098009  0.0041066  -0.07591683]]
[[ 0.00444209  0.00907843 -0.07792605]]
[[ 0.00127075  0.54331318 -0.0050848 ]]
[[ 0.98136331  1.39854469 -0.08819878]]
[[-0.00091643  0.00453273  0.07585764]]
[[ 0.0024115   0.00855219  0.07788416]]
[[-0.00119579  0.00210418  0.03649488]]
[[ 0.0001018   0.00364371  0.03858909]]
[[ 0.00088012  0.0142897  -0.08151812]]
[[ 0.00472698  0.01944879 -0.08177846]]
[[  6.07163156e-04   6.58761560e-01  -6.11269058e-03]]
[[ 0.05764533  0.25755903 -0.00096044]]
[[-0.00128759  0.01476815  0.08129602]]
[[ 0.00242895  0.01892956  0.08200429]]
[[-0.00050418  0.1829323  -0.00145018]]
[[  1.92134333e-02   1.34719691e-01  -8.42314513e-05]]
[[ 0.0473426  -0.1455883  -0.00090411]]
[[ 0.09766921 -0.17226844 -0.00586401]]
[[ 0.0075967  -0.01288884 -0.07331181]]
[[ 0.01097706 -0.00975594 -0.0742752 ]]
[[ 0.21414403 -0.31852285 -0.010602  ]]
[[ 0.34786394 -0.26522363 -0.02437565]]
[[ 0.00545983 -0.01237186  0.07317316]]
[[ 0.00873088 -0.01000826  0.07352132]]
[[ 0.0030466  -0.0010903  -0.03549541]]
[[  4.35537637e-03   9.18927313e-05  -3.71319785e-02]]
[[ 0.00750634 -0.00385983 -0.07237396]]
[[ 0.01114433 -0.00091206 -0.07492238]]
[[ 1.19331021 -0.11954664 -0.11154173]]
[[ 0.5569315  -0.06529396 -0.03956526]]
[[ 0.00548933 -0.00343648  0.0719046 ]]
[[ 0.0089064  -0.00135146  0.07419123]]
[[ 0.00131714 -0.00099434  0.03587118]]
[[  2.62278967e-03  -4.86237337e-05   3.76750192e-02]]
[[ 0.00771422  0.00501239 -0.07597826]]
[[ 0.01182305  0.00868212 -0.08058729]]
[[ 1.19048238  0.38135309 -0.11626003]]
[[ 0.35351407  0.18508882 -0.02177646]]
[[ 0.00565059  0.0053038   0.07540193]]
[[ 0.00947615  0.00799692  0.08017398]]
[[ 0.21296045  0.36930351 -0.01743178]]
[[ 0.10692992  0.15543224 -0.00454614]]
[[ 0.15064156 -0.11475204 -0.0057642 ]]
[[ 0.16449747 -0.09483828 -0.00780253]]
[[ 0.01474181 -0.00292793 -0.07536064]]
[[ 0.01864156 -0.00125632 -0.078081  ]]
[[ 0.29307343 -0.04001808 -0.01438537]]
[[ 0.21015334 -0.02528391 -0.00902266]]
[[ 0.01229903 -0.00251675  0.07465141]]
[[ 0.01605689 -0.00172588  0.07726215]]
[[ 0.29452845  0.10188605 -0.01617778]]
[[ 0.17247697  0.0607011  -0.00790104]]
[[ 0.15209105 -0.01235291 -0.00662648]]
[[ 0.13307089 -0.0122813  -0.00727753]]
