[[-0.1007133  -0.01093924  0.03669204]]
[[-0.11772085  0.04545954  0.03665871]]
[[-0.12006801 -0.0919143   0.04350517]]
[[-0.28716441 -0.09530394  0.05508744]]
[[-0.12839613  0.01390797 -0.03289236]]
[[-0.1224364   0.09462118 -0.030631  ]]
[[-0.19827683 -0.01802969  0.04430453]]
[[-0.28396646  0.16500103  0.05343504]]
[[-0.01137404 -0.00096551  0.05982045]]
[[-0.00855862  0.00407664  0.05672195]]
[[-0.11614406  0.06617038  0.0354076 ]]
[[-0.07807079  0.11807934  0.03426946]]
[[-0.04208113 -0.11031272  0.04112845]]
[[-0.04813179 -0.18681707  0.0390845 ]]
[[-0.30011475 -0.17450354 -0.01575263]]
[[-1.02329797  0.11897584  0.06602822]]
[[-0.18356412 -0.27583728  0.05278873]]
[[-0.93698573 -1.2201074   0.12463136]]
[[-0.00642821 -0.00679356  0.05995981]]
[[-0.00365692 -0.00253085  0.05511089]]
[[-0.00701117  0.00092316 -0.07094776]]
[[-0.0038801   0.00671479 -0.06672073]]
[[-0.29511802  0.10393055 -0.01628445]]
[[-0.18582291  0.28681584 -0.01946778]]
[[-1.01573741 -0.10916005  0.13667446]]
[[-0.92576522  1.43852235  0.14324758]]
[[ -6.01321851e-03  -8.57583759e-05   5.53031968e-02]]
[[-0.00348461  0.00354455  0.05243494]]
[[-0.00285813 -0.00035719  0.02873465]]
[[-0.00191584  0.00116369  0.02731693]]
[[-0.08216542  0.10348701 -0.03344781]]
[[-0.03734811  0.11402575 -0.03283331]]
[[-0.18516338  0.23836206  0.04185626]]
[[-0.04422713  0.19937081  0.03379242]]
[[-0.00602631  0.00605482  0.05476999]]
[[-0.00361674  0.00981203  0.05355827]]
[[-0.03791695  0.10049284  0.02895297]]
[[-0.01337921  0.09042124  0.02759762]]
[[-0.00356902 -0.07980747  0.03623061]]
[[ 0.00985675 -0.09253844  0.0359251 ]]
[[-0.04951359 -0.22955523 -0.03400495]]
[[ -4.43629654e-04  -5.76180750e-01  -4.39496379e-02]]
[[-0.00184566 -0.12277439  0.03889726]]
[[ 0.0422654  -0.19607713  0.03494793]]
[[-0.00168199 -0.0130366   0.05994476]]
[[ 0.00077936 -0.00986901  0.05791304]]
[[-0.0010215  -0.00664392 -0.07701208]]
[[ 0.00201502 -0.00174704 -0.07318125]]
[[-0.9307463  -1.44124573  0.07263363]]
[[-0.00086851  0.00679103 -0.03564012]]
[[ 0.00077343 -0.5493257   0.04359268]]
[[ 0.92336167 -1.43065966 -0.0700486 ]]
[[-0.00139341 -0.00588113  0.05597244]]
[[ 0.00085806 -0.00291171  0.05322821]]
[[-0.00103045 -0.00260035  0.02963922]]
[[-0.00013486 -0.00146403  0.02799472]]
[[  2.08866620e-04   6.21325976e-05  -3.30111769e-02]]
[[ 0.00111645  0.0014492  -0.03265529]]
[[-0.00105947  0.00183439 -0.06824753]]
[[ 0.00195243  0.00615686 -0.06602083]]
[[-0.93984634  1.23401341  0.05263492]]
[[ 0.00184374  0.56309647 -0.0290087 ]]
[[-0.00095205  0.00438569  0.03700064]]
[[ 0.93532084  1.2285943  -0.05148638]]
[[-0.00128346  0.00053248  0.05219527]]
[[ 0.00089121  0.00306524  0.05102788]]
[[-0.00101885 -0.00012959  0.02666269]]
[[-0.0001306   0.00096787  0.02659011]]
[[ -5.62467701e-04  -6.41591914e-05   1.73007935e-02]]
[[-0.0001896   0.00039074  0.0173037 ]]
[[-0.00094874  0.00949859 -0.06536498]]
[[ 0.0021516   0.01358768 -0.0654273 ]]
[[-0.04689794  0.19507655 -0.03325681]]
[[ 0.00245214  0.12985748 -0.03317735]]
[[-0.00273192  0.55530987  0.02781067]]
[[ 0.04427394  0.18890181  0.03003414]]
[[-0.00130717  0.00644053  0.05111904]]
[[ 0.00088376  0.00915623  0.05165178]]
[[-0.00102582  0.00230731  0.02751732]]
[[ -8.67137611e-05   3.44258870e-03   2.89945938e-02]]
[[-0.01168822  0.09425369 -0.03508508]]
[[ 0.00444962  0.08233326 -0.03414584]]
[[-0.00142533  0.12241306  0.02687079]]
[[ 0.01101825  0.08669612  0.02649174]]
[[-0.00148529  0.01286103  0.05270439]]
[[ 0.00096108  0.01537214  0.05301723]]
[[-0.00210352  0.0762081   0.02377738]]
[[ 0.00596862  0.06578748  0.02305564]]
[[ 0.03570402 -0.09960976  0.03842974]]
[[ 0.07580559 -0.11481543  0.03604424]]
[[ 0.94384055 -1.23137007 -0.12654386]]
[[ 1.02895938 -0.11116513 -0.14103736]]
[[ 0.18294489 -0.23245595  0.02906656]]
[[ 0.28053399 -0.15769273  0.01796807]]
[[ 0.00318878 -0.00535827  0.05659212]]
[[ 0.00541338 -0.00355088  0.0555667 ]]
[[ 0.00505326  0.00246207 -0.07051797]]
[[ 0.00819796  0.00544186 -0.07031391]]
[[ 0.92836423  1.44534167 -0.14443232]]
[[ 0.19313314  0.24499666 -0.04632705]]
[[ 1.01283817  0.11758593 -0.06390517]]
[[ 0.28199236  0.10209997  0.01671449]]
[[ 0.00303759  0.00101457  0.05211367]]
[[ 0.00528934  0.00253381  0.05271499]]
[[  7.61428379e-04   6.60985246e-05   2.76088358e-02]]
[[ 0.00170458  0.00077066  0.0288392 ]]
[[ 0.04766423  0.20816788 -0.03862809]]
[[ 0.0461261   0.10740819 -0.03719668]]
[[ 0.17911387  0.28041839  0.01869177]]
[[ 0.07451572  0.10005803  0.02946164]]
[[ 0.00300191  0.00692733  0.05155325]]
[[ 0.00555743  0.0087304   0.05427473]]
[[ 0.03353778  0.10755825  0.02669636]]
[[ 0.03146849  0.07184917  0.02700121]]
[[ 0.1127988  -0.06145012  0.03569172]]
[[ 0.11231112 -0.04034271  0.03366084]]
[[ 0.30132644  0.16986701 -0.06031265]]
[[ 0.13424737  0.06789593 -0.04391004]]
[[ 0.19196817  0.02472266  0.02640144]]
[[ 0.11144743  0.02040822  0.03079011]]
[[ 0.0077336   0.00144412  0.05518287]]
[[ 0.01023481  0.00202713  0.05623147]]
[[ 0.10981129  0.09220796  0.02816632]]
[[ 0.06857824  0.05189751  0.03015202]]
[[ 0.09308943  0.0130482   0.03246405]]
[[ 0.07692237  0.00875449  0.03092555]]
