[[-0.09919231 -0.02102897 -0.02194667]]
[[-0.11743881  0.0339229  -0.02548632]]
[[-0.11658233 -0.10066032 -0.0159915 ]]
[[-0.28444541 -0.10671417 -0.00565887]]
[[-0.00910758 -0.00375402 -0.05890335]]
[[-0.00647906  0.00157533 -0.0567404 ]]
[[-0.19641648 -0.03009318 -0.01658053]]
[[-0.28321045  0.15130854 -0.0116325 ]]
[[-0.05580936 -0.05845069  0.04497369]]
[[-0.07278636 -0.06718479  0.04258287]]
[[-0.11683825  0.05263087 -0.03198354]]
[[-0.079571    0.10502389 -0.03923488]]
[[-0.03864481 -0.11499966 -0.01518915]]
[[-0.04525924 -0.19430465 -0.01849442]]
[[-0.00424308 -0.00935818 -0.05729087]]
[[-0.00169169 -0.00485198 -0.05352085]]
[[-0.18031129 -0.28546378 -0.00695807]]
[[-0.93441065 -1.23238064  0.06188136]]
[[-0.02198402 -0.06027654  0.04278274]]
[[-0.01784241 -0.07008289  0.0378022 ]]
[[-0.00142289 -0.00127756 -0.02888974]]
[[-0.00050352  0.00038482 -0.02753553]]
[[-0.00394802 -0.00299928 -0.05440644]]
[[-0.00159793  0.00096226 -0.05247054]]
[[-1.0135872  -0.12283385  0.07277261]]
[[-0.92412795  1.42325061  0.07446763]]
[[-0.03964561 -0.08323299  0.04054802]]
[[-0.04609777 -0.12046885  0.03645323]]
[[-0.00933577 -0.01316453  0.06146321]]
[[-0.00692087 -0.00993687  0.06642876]]
[[-0.00403448  0.00289907 -0.05591968]]
[[-0.00168568  0.00714702 -0.05549045]]
[[-0.18480719  0.22306369 -0.0283368 ]]
[[-0.04383494  0.18474799 -0.04151142]]
[[-0.11000418 -0.14360424  0.04555079]]
[[-0.23238215 -0.28429017  0.0515878 ]]
[[-0.03920964  0.08752059 -0.04910266]]
[[-0.01391556  0.0807757  -0.0532152 ]]
[[-0.00164201 -0.08005218 -0.0138895 ]]
[[ 0.01122162 -0.09471556 -0.01711985]]
[[ 0.00041431 -0.01525663 -0.05572742]]
[[ 0.0027492  -0.01188638 -0.05479281]]
[[ 0.00042461 -0.12752736 -0.0159438 ]]
[[ 0.04396848 -0.20326609 -0.02274932]]
[[-0.00322637 -0.05225064  0.04083718]]
[[ 0.00340143 -0.05683803  0.03821425]]
[[ 0.00037971 -0.00353759 -0.0289851 ]]
[[ 0.00125695 -0.0022268  -0.02746172]]
[[ 0.00058938 -0.00856546 -0.05342478]]
[[ 0.00273753 -0.00528898 -0.05169241]]
[[ 0.00326683 -0.55928631 -0.0166201 ]]
[[ 0.92549448 -1.44295247 -0.1338478 ]]
[[-0.00393068 -0.06302835  0.03859685]]
[[ 0.00574914 -0.07615131  0.03457336]]
[[-0.00259065 -0.01745706  0.05324838]]
[[  3.44835471e-05  -1.58434972e-02   5.50281714e-02]]
[[ 0.00027686 -0.00050445 -0.0172357 ]]
[[  6.41698988e-04   5.26181834e-05  -1.72157102e-02]]
[[ 0.00039185 -0.00104467 -0.02649482]]
[[ 0.00126441  0.00017218 -0.02643951]]
[[ 0.00061497 -0.00243305 -0.05140347]]
[[ 0.00280145  0.00048411 -0.05109384]]
[[ 0.00149224 -0.01002682 -0.02944948]]
[[ 0.93791622  1.21289161 -0.12164808]]
[[-0.00893126 -0.09939711  0.0360616 ]]
[[ 0.01266171 -0.14883877  0.03032489]]
[[-0.00299754 -0.01328585  0.05874803]]
[[ -5.33326265e-05  -1.13272251e-02   6.59376156e-02]]
[[-0.00123112 -0.00269605  0.03193392]]
[[-0.00035914 -0.00164722  0.03279828]]
[[ 0.00037658  0.00132681 -0.02780989]]
[[ 0.00129903  0.00260111 -0.02925253]]
[[ 0.00061397  0.00334021 -0.05221198]]
[[ 0.00290268  0.00653736 -0.05342968]]
[[-0.00066539  0.5391553  -0.04502479]]
[[ 0.04714396  0.17350761 -0.04641994]]
[[-0.04561583 -0.24882687  0.03741286]]
[[ 0.0271619  -0.64059529  0.02011305]]
[[-0.00389245 -0.00805704  0.07609103]]
[[-0.00036042 -0.00432692  0.08799034]]
[[ 0.00052839  0.00980438 -0.05589159]]
[[ 0.00304295  0.01300411 -0.05664185]]
[[  4.43599937e-05   1.08965158e-01  -5.15937905e-02]]
[[ 0.01379341  0.07627597 -0.05450315]]
[[-0.971043   -1.51021994  0.1487806 ]]
[[ 0.00523225  0.01014492  0.02732   ]]
[[-0.00117584  0.06921017 -0.05719288]]
[[ 0.00831858  0.06262623 -0.05634996]]
[[ 0.03657734 -0.10425973 -0.01805909]]
[[ 0.0761977  -0.1214119  -0.02388869]]
[[ 0.00517833 -0.00811174 -0.05391837]]
[[ 0.00744474 -0.00591615 -0.05386243]]
[[ 0.18440509 -0.24218127 -0.03167017]]
[[ 0.28193826 -0.16911349 -0.04513485]]
[[ 0.01359757 -0.05940342  0.03735156]]
[[ 0.02757006 -0.06949012  0.03415443]]
[[ 0.00217398 -0.00084881 -0.02706222]]
[[  3.10458943e-03  -8.46509045e-07  -2.83444404e-02]]
[[ 0.00502068 -0.00190317 -0.05131907]]
[[  7.42425017e-03   3.28636624e-05  -5.26834933e-02]]
[[ 1.01531488  0.10355407 -0.13015775]]
[[ 0.28507668  0.08726863 -0.05166135]]
[[ 0.02631331 -0.09001326  0.03309491]]
[[ 0.06209239 -0.1194602   0.02761174]]
[[ 0.00325357 -0.01267796  0.06035363]]
[[ 0.00674941 -0.01165502  0.06909121]]
[[ 0.00509004  0.00391642 -0.05257111]]
[[ 0.00778064  0.00622315 -0.05593685]]
[[ 0.18276621  0.26465999 -0.05391292]]
[[ 0.07929241  0.0850238  -0.04648135]]
[[ 0.08142554 -0.22147162  0.02617928]]
[[ 0.24396388 -0.32659131  0.00438236]]
[[ 0.03786127  0.09428807 -0.05242213]]
[[ 0.03692855  0.0611825  -0.05516762]]
[[ 0.11313489 -0.0704903  -0.02620782]]
[[ 0.11280527 -0.05029954 -0.02904317]]
[[ 0.00992339 -0.0013794  -0.05416174]]
[[ 0.01248267 -0.00032462 -0.05593325]]
[[ 0.19401645  0.01203234 -0.03765001]]
[[ 0.11426912  0.00741892 -0.03512044]]
[[ 0.04953676 -0.06227617  0.03262092]]
[[ 0.0744317  -0.07062772  0.02892478]]
[[ 0.11407319  0.07786027 -0.04231524]]
[[ 0.07363899  0.0383607  -0.04427279]]
[[ 0.09427077  0.00216644 -0.0301497 ]]
[[ 0.07866073 -0.00194802 -0.03301342]]
