[[-0.0922358  -0.01214498  0.01948132]]
[[-0.11047462  0.04088499  0.01968122]]
[[-0.113038   -0.09028356  0.02115016]]
[[-0.28153224 -0.09702059  0.03294879]]
[[-0.01911765 -0.00608376  0.00446257]]
[[-0.01520209  0.00333642  0.00854941]]
[[-0.19169598 -0.02004264  0.024781  ]]
[[-0.27884492  0.16014375  0.03443055]]
[[-0.00943196 -0.00129097  0.05157521]]
[[-0.00702038  0.00294383  0.04900374]]
[[-0.11019686  0.06128981  0.01894876]]
[[-0.07353008  0.11067616  0.01869938]]
[[-0.03749451 -0.10497652  0.01699511]]
[[-0.04493898 -0.18429404  0.0142857 ]]
[[-0.01015112 -0.01669124  0.00205979]]
[[-0.00601284 -0.0094661   0.00633045]]
[[-0.17904323 -0.2747759   0.02866048]]
[[-0.93385792 -1.22174028  0.10051536]]
[[-0.0051694  -0.00628778  0.05124139]]
[[-0.00280066 -0.00272429  0.04720019]]
[[-0.23533655 -0.31452567  0.01134333]]
[[-0.98251408 -1.25311066  0.08501988]]
[[-0.01053911 -0.00541375  0.00825604]]
[[-0.00638909  0.00197206  0.01228045]]
[[-1.01146332 -0.11183858  0.11490997]]
[[-0.92292355  1.43350748  0.12228496]]
[[-0.00481245 -0.00055602  0.04761029]]
[[-0.00266828  0.0024621   0.04518639]]
[[-0.00236542 -0.00049113  0.02464383]]
[[-0.00156868  0.00078316  0.02344675]]
[[-0.01105794  0.00634561  0.01201019]]
[[-0.00661179  0.01443577  0.01429321]]
[[-0.18139476  0.23276389  0.02391322]]
[[-0.04183558  0.19185625  0.01739989]]
[[-0.00485558  0.00469041  0.04737822]]
[[-0.00281736  0.00781699  0.04632181]]
[[-0.03459368  0.09263308  0.01513671]]
[[-0.01130838  0.08113452  0.01566373]]
[[-0.00198693 -0.07110136  0.01451362]]
[[ 0.01016004 -0.08540183  0.01229301]]
[[-0.00141544 -0.02574614 -0.00285866]]
[[  2.48933231e-03  -2.14018090e-02   2.60337926e-05]]
[[-0.00012677 -0.11772873  0.01432722]]
[[ 0.04266822 -0.19319659  0.0094199 ]]
[[-0.00115695 -0.01157257  0.05056477]]
[[ 0.00093525 -0.00894433  0.04895212]]
[[-0.00601641 -0.16122664 -0.01295646]]
[[ 0.05477524 -0.2421657  -0.01969102]]
[[-0.0014971  -0.01587856  0.00361232]]
[[ 0.00243995 -0.01060744  0.00741859]]
[[ 0.00258163 -0.54860556  0.01822598]]
[[ 0.92378328 -1.43202832 -0.09521944]]
[[-0.00087753 -0.00550128  0.047647  ]]
[[ 0.00102549 -0.00303714  0.04536225]]
[[-0.00081578 -0.002407    0.02530072]]
[[ -5.79691998e-05  -1.45348423e-03   2.39096020e-02]]
[[ 0.00031648 -0.00658225 -0.08651252]]
[[ 0.00431402 -0.00109129 -0.08878631]]
[[-0.00193133 -0.60123723 -0.00578251]]
[[ 0.95832697 -1.47361643 -0.12666016]]
[[-0.00184418 -0.00479474  0.01071312]]
[[ 0.00242918  0.00080638  0.01380043]]
[[ 0.00081477  0.00120664  0.01353153]]
[[ 0.93572645  1.22370038 -0.07342766]]
[[ -7.77003079e-04  -4.20667629e-05   4.47664523e-02]]
[[ 0.00105202  0.00203334  0.0437637 ]]
[[-0.00080595 -0.0002994   0.02282839]]
[[ -5.64253396e-05   6.15881327e-04   2.27880550e-02]]
[[-0.00046041 -0.00015318  0.01499835]]
[[-0.00014465  0.00022724  0.01501172]]
[[-0.00369981  0.00801697 -0.008087  ]]
[[ 0.97079527  1.29447274 -0.10450129]]
[[-0.00212563  0.00714569  0.01490836]]
[[ 0.0023642   0.01326826  0.01603799]]
[[-0.00115686  0.54911124  0.00862136]]
[[ 0.04460685  0.18139939  0.01297578]]
[[-0.000824    0.0049901   0.04406417]]
[[ 0.00101276  0.00722555  0.04448552]]
[[-0.00081501  0.00176026  0.02364885]]
[[ -2.48762514e-05   2.70041863e-03   2.49472356e-02]]
[[-0.00229014  0.01971508  0.01442145]]
[[ 0.00244664  0.02486606  0.01385147]]
[[-0.00012424  0.11408841  0.01273702]]
[[ 0.01118032  0.07747002  0.01432779]]
[[-0.00102049  0.01046991  0.04556679]]
[[ 0.00102695  0.01255008  0.04579795]]
[[-0.0010404   0.06651478  0.0140607 ]]
[[ 0.00587525  0.05581372  0.01508262]]
[[ 0.03455945 -0.09477998  0.01300522]]
[[ 0.07326734 -0.11149787  0.00986747]]
[[ 0.00687122 -0.01505358  0.00380586]]
[[ 0.01118013 -0.01154614  0.0065611 ]]
[[ 0.18193895 -0.23202225  0.0032194 ]]
[[ 0.27816408 -0.15866294 -0.00689138]]
[[ 0.00298426 -0.00504342  0.04791388]]
[[ 0.00485283 -0.00356453  0.04707432]]
[[ 0.2231546  -0.26240342 -0.0296206 ]]
[[ 0.34416091 -0.16806466 -0.04658847]]
[[ 0.00686402 -0.00384677  0.01072181]]
[[ 0.01146074 -0.00015663  0.01254029]]
[[ 1.01195053  0.11411635 -0.08767232]]
[[ 0.27987233  0.09762691 -0.00488375]]
[[ 0.00286737  0.00036348  0.04444078]]
[[ 0.00475396  0.00157919  0.04494683]]
[[ 0.00070323 -0.00013586  0.02360695]]
[[ 0.00149726  0.00044573  0.02468989]]
[[ 0.00688091  0.00810185  0.01517428]]
[[ 0.01177144  0.01221059  0.01525509]]
[[ 0.17839491  0.27392532 -0.00085305]]
[[ 0.0726339   0.09284314  0.01215249]]
[[ 0.00282521  0.00537315  0.04420657]]
[[ 0.00495563  0.00684007  0.04651637]]
[[ 0.03283564  0.09885511  0.01205744]]
[[ 0.02946547  0.06277642  0.01424753]]
[[ 0.10886038 -0.06119406  0.01003162]]
[[ 0.1071104  -0.04071355  0.00982995]]
[[ 0.01584119 -0.00260509  0.00861062]]
[[ 0.02038267 -0.00072809  0.00941535]]
[[ 0.18839153  0.02118444  0.00364408]]
[[ 0.10672267  0.01656862  0.01033329]]
[[ 0.00680379  0.0007278   0.04678312]]
[[ 0.00889123  0.00116101  0.0476986 ]]
[[ 0.10662977  0.08563734  0.00906493]]
[[ 0.06411437  0.04511952  0.01308772]]
[[ 0.08680773  0.00960936  0.01121363]]
[[ 0.06961122  0.00556924  0.01215098]]
