[[-0.10004307 -0.01262486  0.0399156 ]]
[[-0.11699273  0.04363982  0.04044545]]
[[-0.11857772 -0.09390162  0.04404868]]
[[-0.28561136 -0.09780396  0.05606881]]
[[-0.21338153 -0.02732605 -0.02535716]]
[[-0.29408876  0.16733443 -0.01451327]]
[[-0.19705362 -0.01999444  0.04690111]]
[[-0.28273161  0.16278969  0.05649483]]
[[-0.01112263 -0.00135765  0.06012818]]
[[-0.00831378  0.00362888  0.0570903 ]]
[[-0.1153397   0.06468182  0.03971502]]
[[-0.07722516  0.11658898  0.03880769]]
[[-0.04042767 -0.11173449  0.03844854]]
[[-0.04646864 -0.18894342  0.03649017]]
[[-0.19380359 -0.29272924 -0.02193104]]
[[-0.93745794 -1.22641857  0.05144148]]
[[-0.18180311 -0.27791535  0.0519713 ]]
[[-0.93524953 -1.22273441  0.12416227]]
[[-0.00614665 -0.00721416  0.05981051]]
[[-0.00338338 -0.00302314  0.05503066]]
[[-0.00535903 -0.00138166 -0.07301495]]
[[-0.00226264  0.0041221  -0.06944365]]
[[-1.02130504 -0.11150886  0.0664694 ]]
[[-0.9252681   1.44072286  0.07443711]]
[[-1.01412861 -0.11134836  0.13817601]]
[[-0.92419469  1.43600455  0.14514644]]
[[-0.00574147 -0.00050191  0.05545234]]
[[-0.00322736  0.00307277  0.05264322]]
[[-0.00277382 -0.00048616  0.02877188]]
[[-0.00183449  0.0010162   0.02736893]]
[[-0.18960674  0.24348577 -0.02499459]]
[[-0.04555566  0.20941048 -0.03086494]]
[[-0.18389389  0.23660419  0.04530925]]
[[-0.04298455  0.19753954  0.0373546 ]]
[[-0.00578397  0.00566885  0.05521133]]
[[-0.00338362  0.0093799   0.05405354]]
[[-0.03702316  0.09953281  0.03347864]]
[[-0.01248401  0.0895461   0.03183547]]
[[-0.00240894 -0.08016986  0.03168962]]
[[ 0.01095281 -0.09349526  0.03099334]]
[[-0.0030115  -0.14194345 -0.03707659]]
[[ 0.04660331 -0.21425346 -0.04216644]]
[[-0.00040077 -0.12406783  0.03493652]]
[[ 0.04362469 -0.19797912  0.03096055]]
[[-0.00141615 -0.01341516  0.05933851]]
[[ 0.00103654 -0.01033374  0.05736764]]
[[ 0.00062136 -0.00890108 -0.07389883]]
[[ 0.00357738 -0.00452576 -0.07071924]]
[[ 0.00314766 -0.56139685 -0.03158073]]
[[ 0.92893105 -1.43605722 -0.14436929]]
[[ 0.00243654 -0.55135899  0.04122686]]
[[ 0.92492265 -1.43321679 -0.07208418]]
[[-0.00111792 -0.00630859  0.05567116]]
[[ 0.00112283 -0.00340199  0.0529951 ]]
[[-0.00094644 -0.00274118  0.0295721 ]]
[[ -5.23216185e-05  -1.62030894e-03   2.79443478e-02]]
[[ 0.00049256 -0.00037723 -0.03303103]]
[[ 0.00139499  0.00095817 -0.03276642]]
[[ 0.00065386 -0.00057472 -0.06839772]]
[[ 0.00358267  0.00345608 -0.06687512]]
[[ 0.00272275  0.00352939 -0.03473388]]
[[ 0.94040628  1.22975845 -0.12133665]]
[[ 0.00075932  0.00207327  0.03702227]]
[[ 0.93692277  1.22594596 -0.05103425]]
[[-0.00101038  0.000102    0.05219328]]
[[ 0.001156    0.00257889  0.0510879 ]]
[[-0.00093607 -0.00026074  0.02666624]]
[[ -4.95856796e-05   8.19326420e-04   2.66091136e-02]]
[[-0.00052393 -0.00012461  0.01730349]]
[[-0.00015167  0.00032196  0.01731156]]
[[ 0.00064137  0.00736338 -0.06853726]]
[[ 0.0036811   0.01140471 -0.06898387]]
[[  1.14552450e-04   5.59849050e-01  -3.90644513e-02]]
[[ 0.04910074  0.19656339 -0.03496228]]
[[-0.00119218  0.55331025  0.03006417]]
[[ 0.04571608  0.18679644  0.0324336 ]]
[[-0.00105178  0.00603637  0.0514005 ]]
[[ 0.00113388  0.00870579  0.05199603]]
[[-0.00094537  0.00217547  0.02758951]]
[[ -8.13115124e-06   3.29085471e-03   2.90841014e-02]]
[[-0.00019129  0.13485269 -0.03562425]]
[[ 0.01574703  0.09886647 -0.03423826]]
[[-0.00020652  0.12120068  0.03039474]]
[[ 0.01217373  0.08553034  0.02983213]]
[[-0.00125377  0.01250614  0.05326435]]
[[ 0.00118836  0.0149959   0.053629  ]]
[[-0.00122016  0.07588306  0.02763504]]
[[ 0.00683498  0.0655227   0.02650343]]
[[ 0.03672223 -0.1007409   0.03328835]]
[[ 0.07668057 -0.11645609  0.03095032]]
[[ 0.19161298 -0.2432335  -0.04829424]]
[[ 0.29205554 -0.16487081 -0.05872967]]
[[ 0.18421202 -0.23436671  0.02533971]]
[[ 0.28165491 -0.16002007  0.01474677]]
[[ 0.00344882 -0.00578262  0.05612441]]
[[ 0.00566793 -0.00403276  0.05516719]]
[[  6.58266061e-03   7.90122816e-05  -6.87868154e-02]]
[[ 0.00963472  0.00282163 -0.0694902 ]]
[[ 1.02021602  0.11661493 -0.13666236]]
[[ 0.29219924  0.10238004 -0.05471972]]
[[ 1.01431296  0.11528127 -0.06534414]]
[[ 0.28334033  0.09953366  0.01588016]]
[[ 0.00330527  0.00058426  0.05196147]]
[[ 0.00555615  0.00204933  0.05263023]]
[[  8.46803897e-04  -6.64294496e-05   2.75789750e-02]]
[[ 0.0017898   0.00062088  0.02882579]]
[[ 0.18646614  0.28563206 -0.04967498]]
[[ 0.08678781  0.10758232 -0.03903803]]
[[ 0.18063919  0.27828434  0.01961837]]
[[ 0.07593122  0.09784112  0.03072315]]
[[ 0.00326903  0.0065111   0.05169329]]
[[ 0.0058186   0.0082724   0.05448791]]
[[ 0.03490556  0.10611887  0.02921   ]]
[[ 0.03274071  0.07048318  0.02953043]]
[[ 0.1135546  -0.06321408  0.03108355]]
[[ 0.11294896 -0.04237188  0.02979129]]
[[ 0.20630604  0.02363092 -0.04841315]]
[[ 0.1281322   0.02109171 -0.04296877]]
[[ 0.19301307  0.02256116  0.0239752 ]]
[[ 0.11242243  0.01809562  0.02911613]]
[[ 0.00799257  0.00102342  0.05487311]]
[[ 0.01048827  0.00155942  0.05599925]]
[[ 0.11109593  0.09009475  0.02798789]]
[[ 0.06976441  0.04978061  0.03046513]]
[[ 0.09369781  0.01111958  0.02952558]]
[[ 0.07748966  0.00679201  0.02879533]]
