[[-0.09207248 -0.01178745  0.0197971 ]]
[[-0.11028846  0.04121996  0.01983951]]
[[-0.11288479 -0.08993204  0.02159227]]
[[-0.28136613 -0.09668278  0.03323264]]
[[-0.01823355 -0.00377846  0.00853265]]
[[-0.01382993  0.00580674  0.01058618]]
[[-0.19152461 -0.01966354  0.02499828]]
[[-0.27865227  0.1605009   0.03449342]]
[[-0.0093694  -0.00116656  0.05161955]]
[[-0.00695868  0.0030543   0.04901036]]
[[-0.10999754  0.06168504  0.01893983]]
[[-0.07331859  0.11102599  0.01853629]]
[[-0.03734799 -0.10466895  0.01752045]]
[[-0.04478323 -0.18398863  0.01466849]]
[[-0.00916396 -0.01500756  0.00712683]]
[[-0.00470355 -0.00740279  0.00987639]]
[[-0.17888745 -0.27441276  0.0289943 ]]
[[-0.93368488 -1.22138626  0.10070356]]
[[-0.00511183 -0.00615901  0.05131871]]
[[-0.00274555 -0.00261052  0.04723956]]
[[-0.97348015 -1.47477059  0.10916322]]
[[-0.00635302  0.01212165 -0.00380401]]
[[-0.00922313 -0.00272392  0.01122643]]
[[-0.00481617  0.00467757  0.01262237]]
[[-1.01128569 -0.11143661  0.11503062]]
[[-0.92273216  1.43388216  0.12225661]]
[[-0.00475579 -0.00043168  0.047632  ]]
[[-0.00261117  0.00257491  0.0451737 ]]
[[-0.00233845 -0.00043561  0.02464786]]
[[-0.00154315  0.0008321   0.02343915]]
[[-0.00942832  0.00928241  0.01129758]]
[[-0.00498811  0.01667849  0.01089343]]
[[-0.18119613  0.23317316  0.02381256]]
[[-0.04163702  0.19221127  0.01715247]]
[[-0.00479659  0.00481702  0.04734516]]
[[-0.00275902  0.0079326   0.04625275]]
[[-0.03438984  0.09300897  0.01481352]]
[[-0.01111624  0.08143572  0.01520341]]
[[-0.00184934 -0.0708577   0.01508639]]
[[ 0.01030929 -0.08515018  0.01275745]]
[[-0.00046985 -0.02488324  0.00143038]]
[[ 0.00363972 -0.02018174  0.00354136]]
[[  2.25638395e-05  -1.17412620e-01   1.47442715e-02]]
[[ 0.0428331  -0.1928807   0.00971306]]
[[-0.00110489 -0.01144435  0.05067608]]
[[ 0.00098706 -0.00882697  0.04902626]]
[[ 0.04233089 -0.24022789 -0.01373657]]
[[ 0.20125378 -0.32524553 -0.03029156]]
[[-0.00026785 -0.01393383  0.00723683]]
[[ 0.00378205 -0.00838338  0.00928819]]
[[ 0.00274611 -0.54822762  0.01846305]]
[[ 0.92396016 -1.43166313 -0.09511685]]
[[-0.00082574 -0.00537374  0.04770078]]
[[ 0.00107884 -0.0029223   0.04538149]]
[[-0.00079113 -0.00234761  0.02531649]]
[[ -3.40284783e-05  -1.40206700e-03   2.39134705e-02]]
[[ 0.00196306 -0.00330747 -0.08877121]]
[[ 0.00574084  0.00206351 -0.08749094]]
[[ 0.95856533 -1.25400154 -0.09876758]]
[[ 1.05319546 -0.11017802 -0.11614155]]
[[-0.00041162 -0.0018872   0.01191634]]
[[ 0.00373724  0.00355826  0.01233879]]
[[ 0.00099338  0.00162279  0.01356297]]
[[ 0.93590553  1.22408097 -0.07354281]]
[[ -7.23628996e-04   8.37642828e-05   4.47678324e-02]]
[[ 0.0011062   0.0021477   0.04373194]]
[[-0.00078205 -0.00024494  0.0228259 ]]
[[ -3.21468544e-05   6.65065764e-04   2.27739309e-02]]
[[-0.00044647 -0.00012217  0.01499581]]
[[-0.00013042  0.00025513  0.01500379]]
[[ 0.93816908  1.49589973 -0.11886366]]
[[ 0.19963822  0.30115112 -0.02394717]]
[[-0.00067191  0.01008606  0.01228647]]
[[ 0.00346665  0.01542934  0.01102896]]
[[-0.00097253  0.54952391  0.00843143]]
[[ 0.04477909  0.18175314  0.01264114]]
[[-0.00076919  0.00511682  0.04401353]]
[[ 0.00106767  0.00734181  0.04439679]]
[[-0.00079068  0.00181663  0.02362756]]
[[  1.04721585e-06   2.75367006e-03   2.49123335e-02]]
[[-0.00099803  0.02157064  0.0089435 ]]
[[ 0.00333612  0.0257395   0.0073192 ]]
[[  5.52263500e-05   1.14455289e-01   1.23374334e-02]]
[[ 0.01134312  0.07776549  0.01378556]]
[[-0.00096487  0.01059869  0.04545487]]
[[ 0.00108443  0.01266561  0.04564283]]
[[-0.00087074  0.06681178  0.01345917]]
[[ 0.00603076  0.05603153  0.01435082]]
[[ 0.03471788 -0.09445034  0.01334974]]
[[ 0.07343763 -0.11117266  0.01009571]]
[[ 0.00807605 -0.01296339  0.00600811]]
[[ 0.0122616  -0.00933478  0.00713389]]
[[ 0.18210926 -0.23163493  0.00337687]]
[[ 0.2783358  -0.15829753 -0.00686552]]
[[ 0.00303566 -0.00491447  0.04794884]]
[[ 0.00490666 -0.00344866  0.04707489]]
[[ 0.32307224 -0.11105427 -0.0361688 ]]
[[ 0.23885511 -0.01463825 -0.0302904 ]]
[[ 0.00800971 -0.00102043  0.01034258]]
[[ 0.01221216  0.0024145   0.01000224]]
[[ 1.01212045  0.1145323  -0.08772307]]
[[ 0.28002987  0.0980009  -0.00507815]]
[[ 0.00292001  0.00048959  0.04442286]]
[[ 0.00480768  0.00169338  0.04489271]]
[[  7.27112872e-04  -8.09392709e-05   2.35973929e-02]]
[[ 0.00152344  0.00049596  0.02466734]]
[[ 0.00775082  0.01080062  0.01119298]]
[[ 0.01218781  0.01423819  0.00956253]]
[[ 0.17855421  0.27432865 -0.00112807]]
[[ 0.07277625  0.09319125  0.01172415]]
[[ 0.0028782   0.00550043  0.04413394]]
[[ 0.00501269  0.00695808  0.04639944]]
[[ 0.03298551  0.09921142  0.01156261]]
[[ 0.02960538  0.06306999  0.01359035]]
[[ 0.10902586 -0.06080663  0.01012129]]
[[ 0.10726711 -0.04035659  0.00978556]]
[[ 0.01654479 -0.00011166  0.00738263]]
[[ 0.020667    0.00150421  0.00667445]]
[[ 0.1885446   0.02158556  0.0035194 ]]
[[ 0.10685668  0.01692713  0.01006257]]
[[ 0.00685723  0.00085377  0.04674361]]
[[ 0.00894721  0.00127583  0.04761852]]
[[ 0.10676298  0.08602547  0.00870709]]
[[ 0.06423629  0.04546209  0.01256427]]
[[ 0.08694068  0.00998876  0.01101802]]
[[ 0.06972626  0.00591141  0.01180777]]
