[[-0.09996126 -0.01607721  0.03852593]]
[[-0.11734094  0.03985343  0.04085463]]
[[-0.11796525 -0.09719644  0.03901183]]
[[-0.28535485 -0.10186631  0.05253994]]
[[-0.13083953 -0.09550833 -0.03096075]]
[[-0.30120819 -0.10037256 -0.01535286]]
[[-0.1969953  -0.02405911  0.04544424]]
[[-0.28305175  0.15844237  0.05714445]]
[[-0.01112619 -0.00218913  0.0599432 ]]
[[-0.00834603  0.00277567  0.05719041]]
[[-0.11597394  0.06062494  0.04236559]]
[[-0.0780469   0.11283084  0.04362743]]
[[-0.03985188 -0.11377514  0.03098624]]
[[-0.04619639 -0.19196475  0.02984158]]
[[-0.04274155 -0.11486167 -0.03650986]]
[[-0.04783358 -0.19413722 -0.03563975]]
[[-0.18140748 -0.28157418  0.04666819]]
[[-0.93517122 -1.22707893  0.12053022]]
[[-0.00611865 -0.00804292  0.05906514]]
[[-0.00337544 -0.00389353  0.05457182]]
[[-0.00535815 -0.00639974 -0.07108624]]
[[-0.00234564 -0.00105267 -0.07092537]]
[[-0.1878107  -0.28607211 -0.02056616]]
[[-0.93807072 -1.23175194  0.0530942 ]]
[[-1.01412352 -0.11589139  0.13674035]]
[[-0.92438428  1.43128756  0.14600346]]
[[-0.00573592 -0.0013726   0.05528085]]
[[-0.00325053  0.00218331  0.05274769]]
[[-0.00277752 -0.00076298  0.02872792]]
[[-0.00183922  0.00073886  0.02738977]]
[[-1.02624494 -0.11588339  0.06830817]]
[[-0.92994808  1.44632144  0.07584807]]
[[-0.18433127  0.23217203  0.04840122]]
[[-0.04340124  0.19351491  0.04255655]]
[[-0.00582322  0.00478887  0.05562192]]
[[-0.00343273  0.0085107   0.05474159]]
[[-0.03774783  0.09616787  0.0402545 ]]
[[-0.01300678  0.08703591  0.03981602]]
[[-0.0022612  -0.0806129   0.02398218]]
[[ 0.01082619 -0.09472934  0.02327329]]
[[-0.0013919  -0.08168419 -0.0385349 ]]
[[ 0.01310874 -0.09530504 -0.03982064]]
[[-0.00028101 -0.12624789  0.02758182]]
[[ 0.04347244 -0.20099743  0.02444072]]
[[-0.00139453 -0.01413717  0.058075  ]]
[[ 0.00103368 -0.01112955  0.0563473 ]]
[[ 0.00062582 -0.01323839 -0.06615861]]
[[ 0.00350485 -0.00944938 -0.06572005]]
[[ 0.00059285 -0.12775754 -0.03609028]]
[[ 0.04674254 -0.20364055 -0.03959246]]
[[ 0.00249573 -0.55520918  0.03594359]]
[[ 0.92481294 -1.4375953  -0.07562661]]
[[-0.00110047 -0.00715387  0.05494971]]
[[ 0.00111439 -0.00427909  0.05254291]]
[[-0.00094677 -0.00303058  0.02939148]]
[[ -5.41618207e-05  -1.90468873e-03   2.78297720e-02]]
[[ 0.0004863  -0.00132096 -0.03282259]]
[[  1.38933134e-03   1.40691010e-05  -3.29089241e-02]]
[[ 0.00074325 -0.00573119 -0.06642376]]
[[ 0.00372018 -0.00176134 -0.0682479 ]]
[[ 0.00360908 -0.56015848 -0.02967591]]
[[ 0.92995333 -1.44227562 -0.14310295]]
[[ 0.00074546 -0.00267742  0.03563673]]
[[ 0.93692935  1.22116225 -0.05012587]]
[[-0.00100818 -0.00079568  0.05203544]]
[[ 0.00114646  0.00167196  0.05119724]]
[[-0.0009361  -0.00053764  0.02662489]]
[[ -5.34816631e-05   5.40659438e-04   2.66307515e-02]]
[[-0.00052491 -0.00025374  0.01728796]]
[[-0.00015436  0.00019256  0.01731786]]
[[ 0.00070852  0.00222375 -0.07320686]]
[[ 0.00393256  0.00677047 -0.07657732]]
[[ 0.00291047 -0.00315243 -0.03356009]]
[[ 0.94455657  1.23285523 -0.12174214]]
[[-0.00127569  0.54874085  0.03337785]]
[[ 0.04582331  0.18267095  0.03764198]]
[[-0.00106962  0.00513995  0.05180618]]
[[ 0.00111945  0.00782529  0.05268569]]
[[-0.00094862  0.0018872   0.02768362]]
[[ -1.79221471e-05   2.99492209e-03   2.92468840e-02]]
[[-0.00059592  0.57903814 -0.03899541]]
[[ 0.05502324  0.21928015 -0.03552091]]
[[-0.00035595  0.11781756  0.03728805]]
[[ 0.0123036   0.08292395  0.03773412]]
[[-0.00128605  0.01166638  0.05425709]]
[[ 0.00116138  0.01422135  0.05489544]]
[[-0.00141746  0.0742555   0.03625647]]
[[ 0.00694049  0.06473436  0.03521177]]
[[ 0.03637362 -0.10299066  0.02600159]]
[[ 0.07615469 -0.11936078  0.02456035]]
[[ 0.04078318 -0.1033181  -0.03844281]]
[[ 0.08388328 -0.12017504 -0.04179982]]
[[ 0.1839563  -0.23820408  0.02025336]]
[[ 0.28139721 -0.16417214  0.01142251]]
[[ 0.00343972 -0.00663649  0.05538394]]
[[ 0.00564496 -0.00490277  0.05468869]]
[[ 0.0066463  -0.00494313 -0.0667177 ]]
[[ 0.00984819 -0.00213677 -0.07055496]]
[[ 0.19116892 -0.24088189 -0.04554517]]
[[ 0.29526129 -0.16663149 -0.05727581]]
[[ 1.01430704  0.11064057 -0.0666486 ]]
[[ 0.28352232  0.09498268  0.01665104]]
[[ 0.00330224 -0.00031239  0.05180226]]
[[ 0.00555842  0.00115384  0.052745  ]]
[[ 0.00084644 -0.00034583  0.02753686]]
[[ 0.00178253  0.00033941  0.02884932]]
[[ 1.02555952  0.11370405 -0.13687979]]
[[ 0.30504601  0.1105902  -0.05735262]]
[[ 0.18092577  0.27384768  0.02276795]]
[[ 0.07648856  0.09380888  0.0355605 ]]
[[ 0.00327636  0.00561206  0.05211154]]
[[ 0.00582351  0.00739207  0.05520866]]
[[ 0.03534086  0.10281057  0.03591427]]
[[ 0.03342835  0.06785308  0.0371934 ]]
[[ 0.11306308 -0.06684902  0.02622078]]
[[ 0.11258414 -0.04611222  0.02664019]]
[[ 0.12592172 -0.06380616 -0.04212535]]
[[ 0.13080601 -0.03985913 -0.04392246]]
[[ 0.19300484  0.01829706  0.02270914]]
[[ 0.1126916   0.01399578  0.02965362]]
[[ 0.0079858   0.00014849  0.05469793]]
[[ 0.01048632  0.00069307  0.05610968]]
[[ 0.11162036  0.08598816  0.03071411]]
[[ 0.07052568  0.04604349  0.03469931]]
[[ 0.09364262  0.00738009  0.02823048]]
[[ 0.07769818  0.00326562  0.02907702]]
