[[-0.09998813 -0.01603982 -0.02492126]]
[[-0.11756062  0.0403667  -0.02616236]]
[[-0.11840551 -0.0970558  -0.02287641]]
[[-0.28605128 -0.1011269  -0.01163885]]
[[-0.00937288 -0.00241976 -0.05939223]]
[[-0.00670971  0.00308255 -0.05673282]]
[[-0.19748695 -0.02405737 -0.02015995]]
[[-0.28378136  0.15906642 -0.01255928]]
[[-0.08859978 -0.04471495  0.04516594]]
[[-0.12686844 -0.01572756  0.04380226]]
[[-0.11639255  0.06036958 -0.02938443]]
[[-0.07864154  0.1132704  -0.03182993]]
[[-0.04037831 -0.11382853 -0.02377271]]
[[-0.04692713 -0.19146807 -0.02737096]]
[[-0.00452815 -0.00820427 -0.05874641]]
[[-0.00196005 -0.00348999 -0.05455697]]
[[-0.18219353 -0.28160763 -0.01490298]]
[[-0.93619121 -1.22645549  0.05452224]]
[[-0.05557228 -0.08267602  0.04359974]]
[[-0.08212304 -0.10495236  0.03955209]]
[[-0.00150777 -0.00084349 -0.02907452]]
[[-0.0005854   0.00085467 -0.02760689]]
[[-0.00423082 -0.00161377 -0.05497201]]
[[-0.00185075  0.00251564 -0.05257735]]
[[-1.01507856 -0.11599614  0.06817684]]
[[-0.92552158  1.43199187  0.07254576]]
[[-0.12167193 -0.0947949   0.04357349]]
[[-0.29678399 -0.10254906  0.05455184]]
[[-0.01083076 -0.00624039  0.06774836]]
[[-0.00801928 -0.00083593  0.0690043 ]]
[[-0.00426911  0.00446076 -0.05544915]]
[[-0.00191803  0.00881143 -0.05449431]]
[[-0.18524681  0.23195073 -0.025607  ]]
[[-0.04437855  0.1941973  -0.03373935]]
[[-0.20996877 -0.01900167  0.04845539]]
[[-0.29794226  0.17802407  0.05711503]]
[[-0.03841592  0.0958371  -0.03643303]]
[[-0.01364063  0.0875903  -0.03551175]]
[[-0.00258821 -0.080893   -0.02214244]]
[[ 0.01040554 -0.09460463 -0.02631676]]
[[ 0.00019477 -0.01442225 -0.05794388]]
[[ 0.0025497  -0.01082269 -0.05674076]]
[[-0.00087191 -0.12654165 -0.02515842]]
[[ 0.04276084 -0.2007899  -0.03268926]]
[[-0.01446716 -0.08044132  0.04067518]]
[[-0.00895208 -0.09656569  0.03730328]]
[[ 0.00030772 -0.00312013 -0.02941566]]
[[ 0.00118645 -0.00178238 -0.02778516]]
[[ 0.00033221 -0.00741206 -0.05494376]]
[[ 0.00249824 -0.0039495  -0.0528561 ]]
[[ 0.0015817  -0.55551547 -0.02584192]]
[[ 0.92381682 -1.43719387 -0.14284546]]
[[-0.03617976 -0.11481443  0.03944432]]
[[-0.04659865 -0.19917409  0.03536406]]
[[-0.00447554 -0.01344715  0.06643514]]
[[-0.00171911 -0.00972846  0.06741398]]
[[ 0.000241   -0.00030427 -0.01732087]]
[[ 0.00060794  0.00026562 -0.01726458]]
[[ 0.00031127 -0.00061423 -0.02669702]]
[[ 0.00118801  0.00063731 -0.02654081]]
[[ 0.00033504 -0.00102938 -0.05207998]]
[[ 0.00252051  0.00204564 -0.05135731]]
[[-0.00041483 -0.00293365 -0.03569685]]
[[ 0.93580296  1.22186069 -0.12545561]]
[[-0.1884636  -0.28923267  0.04976521]]
[[-0.9445761  -1.23569036  0.11957951]]
[[-0.00478089 -0.00578595  0.06662462]]
[[-0.00181283 -0.00165043  0.07039708]]
[[-0.00150066 -0.00124181  0.03290558]]
[[ -5.94618969e-04  -1.62742032e-05   3.33081335e-02]]
[[ 0.00029204  0.0018068  -0.02779117]]
[[ 0.00122194  0.00312265 -0.02912494]]
[[ 0.00033305  0.00491371 -0.051902  ]]
[[ 0.00259837  0.00821183 -0.05262274]]
[[-0.00243511  0.54860463 -0.04335811]]
[[ 0.04482815  0.1835934  -0.04007971]]
[[-1.02969882 -0.11445475  0.13536984]]
[[-0.93569727  1.45626365  0.14099489]]
[[-0.00498177  0.00250484  0.07317178]]
[[-0.00164584  0.00723094  0.07864825]]
[[ 0.00025164  0.01142414 -0.05442556]]
[[ 0.00274293  0.01459609 -0.05466441]]
[[-0.00123585  0.11775229 -0.03886985]]
[[ 0.0116291   0.08379542 -0.03747288]]
[[-0.19152663  0.26883313  0.04370482]]
[[-0.0349215   0.23704996  0.03518653]]
[[-0.00191982  0.07412787 -0.03643411]]
[[ 0.0065846   0.06534878 -0.0346409 ]]
[[ 0.03589575 -0.10353333 -0.02833852]]
[[ 0.07569174 -0.11939333 -0.03509625]]
[[ 0.00497066 -0.0069814  -0.05562014]]
[[ 0.00724086 -0.00462353 -0.05525677]]
[[ 0.18322855 -0.23874951 -0.04221726]]
[[ 0.28079619 -0.16397931 -0.05546984]]
[[ 0.00632684 -0.13268182  0.03709613]]
[[ 0.05563423 -0.21273177  0.02964501]]
[[ 0.00209777 -0.00042076 -0.02730243]]
[[ 0.00303468  0.00046097 -0.02849112]]
[[ 0.00475352 -0.00053316 -0.05217028]]
[[ 0.00713356  0.00154704 -0.0531504 ]]
[[ 1.01340748  0.1102852  -0.13822531]]
[[ 0.28288283  0.0956068  -0.05749638]]
[[ 0.00531214 -0.56827063  0.03718266]]
[[ 0.9450805  -1.45309723 -0.08191577]]
[[ 0.00139752 -0.0051903   0.07070289]]
[[ 0.00479848 -0.002265    0.07636899]]
[[ 0.00476406  0.00547208 -0.05244822]]
[[ 0.00744566  0.00787282 -0.05533849]]
[[ 0.18002436  0.27383908 -0.05451922]]
[[ 0.07591173  0.09483876 -0.04302359]]
[[-0.00077848 -0.0010102   0.02925428]]
[[ 0.96589821  1.24920226 -0.06201892]]
[[ 0.03462434  0.10302626 -0.04187781]]
[[ 0.03300192  0.06893211 -0.04117239]]
[[ 0.11275124 -0.06748913 -0.03785381]]
[[ 0.11250838 -0.04600835 -0.04014878]]
[[  9.68637390e-03  -7.66025967e-05  -5.52541425e-02]]
[[ 0.0122376   0.00110335 -0.05665133]]
[[ 0.19267305  0.01796308 -0.04695211]]
[[ 0.1126662   0.01454569 -0.04229568]]
[[ 0.21115425 -0.24129466  0.01929779]]
[[ 0.32509798 -0.15772677  0.0043049 ]]
[[ 0.11131208  0.08609183 -0.045346  ]]
[[ 0.07051021  0.04702686 -0.04391422]]
[[ 0.09383994  0.00713819 -0.03993972]]
[[ 0.07810214  0.0037682  -0.04072763]]
