[[-0.08981715 -0.01134403  0.01224858]]
[[-0.10835751  0.04077731  0.01244923]]
[[-0.11130003 -0.08858762  0.01396374]]
[[-0.28012932 -0.09609002  0.02592606]]
[[-0.00987461 -0.00177727 -0.02455977]]
[[-0.00729811  0.00356072 -0.02331357]]
[[-0.18993552 -0.01930924  0.0176934 ]]
[[-0.27740189  0.1601335   0.02728015]]
[[-0.00873155 -0.00102528  0.04775523]]
[[-0.00646485  0.00292365  0.04536541]]
[[-0.1084012   0.06109643  0.01156021]]
[[-0.07208079  0.10968923  0.011182  ]]
[[-0.03648384 -0.10246286  0.01029107]]
[[-0.04426266 -0.18232437  0.00766408]]
[[-0.00514711 -0.00760822 -0.02499325]]
[[-0.00265556 -0.00304349 -0.02329786]]
[[-0.17802332 -0.27314512  0.02172919]]
[[-0.93313017 -1.22068383  0.09347156]]
[[-0.00474169 -0.00569525  0.04755507]]
[[-0.00251843 -0.00237478  0.04383325]]
[[-0.01258173 -0.00441672  0.046562  ]]
[[-0.00871344  0.00361481  0.04909949]]
[[-0.00491139 -0.00100367 -0.02320743]]
[[-0.00256618  0.00305051 -0.02172058]]
[[-1.01037504 -0.11113969  0.10777027]]
[[-0.92215851  1.4335842   0.11496336]]
[[-0.00440162 -0.00032961  0.0441772 ]]
[[-0.00238725  0.00247731  0.04187128]]
[[-0.00215857 -0.0003854   0.02251643]]
[[-0.00142601  0.00078418  0.02141121]]
[[-0.00491735  0.00511259 -0.02231337]]
[[-0.0025867   0.00932716 -0.02099058]]
[[-0.18028817  0.23249726  0.01662315]]
[[-0.04109351  0.19093769  0.01006715]]
[[-0.0044347   0.00458048  0.04377845]]
[[-0.00252673  0.00748078  0.04266493]]
[[-0.03349474  0.09136872  0.00765738]]
[[-0.01058797  0.07924142  0.00828359]]
[[-0.00170127 -0.06795334  0.00851036]]
[[ 0.01014508 -0.0825179   0.00613001]]
[[-0.00044632 -0.01381599 -0.02368822]]
[[ 0.00184491 -0.01042164 -0.02356867]]
[[ 0.0001757  -0.11527803  0.00795946]]
[[ 0.04269033 -0.19112623  0.00286282]]
[[-0.0010021  -0.01063398  0.0467798 ]]
[[ 0.00096033 -0.0081816   0.04533194]]
[[-0.00357337 -0.01540856  0.04501563]]
[[ 0.00034762 -0.01021517  0.04919791]]
[[-0.00036826 -0.00689423 -0.02329258]]
[[ 0.0017676  -0.00353808 -0.02211495]]
[[ 0.002932   -0.54700065  0.01138036]]
[[ 0.92382194 -1.43086032 -0.10233562]]
[[-0.00072637 -0.00495087  0.04421179]]
[[ 0.00105978 -0.00265921  0.04206195]]
[[-0.00073491 -0.0021429   0.02313147]]
[[ -3.76650109e-05  -1.27031171e-03   2.18527261e-02]]
[[-0.98318318 -1.52651856  0.10882343]]
[[ 0.00648031  0.01451264 -0.01390598]]
[[-0.00425905 -0.00382112  0.05007998]]
[[  8.18506550e-05   2.52713760e-03   5.22714509e-02]]
[[-0.00040989 -0.00044982 -0.02181717]]
[[ 0.00176164  0.0025906  -0.02072286]]
[[ 0.00121172  0.00186122  0.00622713]]
[[ 0.93577167  1.22386634 -0.08087802]]
[[-0.00062204  0.00015818  0.04152585]]
[[ 0.00108787  0.00207722  0.04048542]]
[[-0.00072585 -0.00020923  0.02085965]]
[[ -3.53887909e-05   6.30714964e-04   2.08038309e-02]]
[[-0.00041721 -0.00010639  0.01366633]]
[[-0.00012908  0.00023976  0.01367256]]
[[-0.00440601  0.00889933  0.05021851]]
[[ 0.00024686  0.01486161  0.04923107]]
[[-0.00041128  0.0055909  -0.02067834]]
[[ 0.00182458  0.00877866 -0.01974443]]
[[-0.00074539  0.5487503   0.00121159]]
[[ 0.04465082  0.18054111  0.0055612 ]]
[[-0.00066534  0.00485968  0.04070069]]
[[ 0.00104397  0.0069219   0.04090624]]
[[-0.00073329  0.0016874   0.02157213]]
[[ -5.02951903e-06   2.55086875e-03   2.27261744e-02]]
[[-0.00045561  0.01201939 -0.01988844]]
[[ 0.00197781  0.01492038 -0.01836338]]
[[ 0.00026944  0.11273297  0.00548353]]
[[ 0.01120403  0.07564284  0.00701358]]
[[-0.00085623  0.00996223  0.04176862]]
[[ 0.00104566  0.01186159  0.04175191]]
[[-0.00066688  0.06421875  0.00681625]]
[[ 0.00584843  0.05314975  0.00780508]]
[[ 0.03419875 -0.09236427  0.00646726]]
[[ 0.07258785 -0.10931799  0.00299135]]
[[ 0.0042149  -0.00648923 -0.0227897 ]]
[[ 0.00646825 -0.00422455 -0.02205016]]
[[ 0.18161505 -0.23047833 -0.00369868]]
[[ 0.27748641 -0.15742465 -0.01403402]]
[[ 0.00287764 -0.00451092  0.04434631]]
[[ 0.00462308 -0.00314255  0.04348791]]
[[ 0.00483515 -0.00305613  0.05216883]]
[[ 0.00945567  0.00136042  0.0530782 ]]
[[  3.99427212e-03   2.33586148e-05  -2.10924591e-02]]
[[ 0.00633837  0.00205689 -0.02041924]]
[[ 1.0116207   0.11469731 -0.09501081]]
[[ 0.27917178  0.09788169 -0.01231875]]
[[ 0.00277705  0.00053823  0.041106  ]]
[[ 0.0045301   0.00165077  0.04141887]]
[[  6.62485368e-04  -5.79112484e-05   2.15572682e-02]]
[[ 0.00139441  0.00047522  0.02251897]]
[[ 0.00396493  0.00614291 -0.02010941]]
[[ 0.00657969  0.00839464 -0.01975591]]
[[ 0.1780761   0.27348515 -0.0083521 ]]
[[ 0.07193756  0.09207389  0.00449697]]
[[ 0.00273328  0.0052099   0.04071626]]
[[ 0.00471139  0.00655436  0.04262549]]
[[ 0.03252309  0.09740109  0.00458449]]
[[ 0.0287263   0.06101245  0.00645442]]
[[ 0.10779388 -0.0597315   0.00284056]]
[[ 0.10566625 -0.03939838  0.00251875]]
[[ 0.00887522  0.00046706 -0.02106152]]
[[ 0.01137512  0.00154693 -0.02032093]]
[[ 0.18731905  0.02166536 -0.00364643]]
[[ 0.10525708  0.0169021   0.00286154]]
[[ 0.00643295  0.00087461  0.04307777]]
[[ 0.00836712  0.00125919  0.04374041]]
[[ 0.10555067  0.08511676  0.0014628 ]]
[[ 0.0626127   0.0444214   0.00509178]]
[[ 0.08496363  0.0099837   0.003807  ]]
[[ 0.06737986  0.00594853  0.00454513]]
