[[-0.12931059 -0.04119542  0.0074941 ]]
[[-0.1601757   0.01673622  0.0078605 ]]
[[-0.1368065  -0.127637    0.00846869]]
[[-0.31189948 -0.13887299  0.02028985]]
[[-0.01521919 -0.00973052 -0.0743236 ]]
[[-0.01202983 -0.00227256 -0.0753593 ]]
[[-0.23261996 -0.06471578  0.01329854]]
[[-0.34102988  0.11150911  0.02283627]]
[[-0.01782522 -0.00937462  0.0749481 ]]
[[-0.01466798 -0.00260895  0.07570326]]
[[-0.18145315  0.01752022  0.00823935]]
[[-0.18836044  0.08673049  0.00920848]]
[[-0.04856067 -0.13907369  0.00401223]]
[[-0.05635998 -0.2243711   0.00115353]]
[[-0.00780828 -0.01714105 -0.0697322 ]]
[[-0.00451407 -0.01132345 -0.0681232 ]]
[[-0.19829368 -0.32202799  0.01636197]]
[[-0.95922419 -1.28257017  0.08745967]]
[[-0.01011039 -0.01696451  0.07023767]]
[[-0.00672478 -0.01183672  0.06802087]]
[[-0.00242388 -0.00254889 -0.03704423]]
[[-0.00114898 -0.00020337 -0.0358327 ]]
[[-0.00799151 -0.00933669 -0.07073811]]
[[-0.00491207 -0.00369545 -0.07228492]]
[[-1.0548556  -0.18250082  0.10360616]]
[[-0.99894997  1.33031698  0.11076162]]
[[-0.01039679 -0.0091053   0.07117073]]
[[-0.00730916 -0.00421959  0.0724963 ]]
[[-0.00419343 -0.00243491  0.03664009]]
[[-0.00292348 -0.00031869  0.03557096]]
[[-0.00876258 -0.00136574 -0.07844647]]
[[-0.00540713  0.00550081 -0.08244148]]
[[-0.2938808   0.13509871  0.01594684]]
[[-0.33344966  0.08067308  0.0227904 ]]
[[-0.01145044 -0.00100844  0.07884353]]
[[-0.00814128  0.00504226  0.08299554]]
[[-0.23666406  0.06336496  0.01231627]]
[[-0.3046792   0.24496743  0.02287329]]
[[-0.00490621 -0.09827493  0.00122383]]
[[ 0.00873583 -0.11723918 -0.00154328]]
[[-0.00093157 -0.02390191 -0.06568528]]
[[ 0.00212494 -0.02006211 -0.06678525]]
[[-0.00533015 -0.15482793  0.00166205]]
[[ 0.03860437 -0.2388189  -0.00408638]]
[[-0.00307558 -0.02367406  0.06604525]]
[[ -1.89866936e-05  -2.05182127e-02   6.62870348e-02]]
[[ 0.00010604 -0.0055992  -0.03666519]]
[[ 0.00131765 -0.00377666 -0.0352292 ]]
[[-0.00101141 -0.01643198 -0.06636717]]
[[ 0.00188833 -0.01224352 -0.06739658]]
[[-0.00893074 -0.60542959  0.00584319]]
[[ 0.91320409 -1.5099364  -0.10925216]]
[[-0.00315037 -0.01626234  0.06656133]]
[[-0.00028611 -0.01281059  0.06707849]]
[[-0.00160467 -0.00551294  0.03673743]]
[[-0.00039854 -0.00393651  0.03536447]]
[[ 0.00021439 -0.00085705 -0.0213491 ]]
[[ 0.00069589 -0.00010359 -0.021415  ]]
[[ 0.00012323 -0.00223738 -0.03425675]]
[[ 0.00133629 -0.00050367 -0.0346416 ]]
[[-0.00133027 -0.00898245 -0.06890466]]
[[ 0.00186802 -0.00467282 -0.07263806]]
[[-0.03255691 -0.10411504  0.00181541]]
[[ 0.88932313  1.02666596 -0.08718613]]
[[-0.00355806 -0.00888053  0.06913383]]
[[-0.0004644  -0.00537229  0.07272953]]
[[-0.00162338 -0.00215563  0.03426099]]
[[-0.00042499 -0.00062488  0.03485925]]
[[-0.00080152 -0.00079815  0.02134698]]
[[-0.00032116 -0.00018379  0.02152181]]
[[  9.62204743e-05   9.92298219e-04  -3.66169351e-02]]
[[ 0.00138216  0.00284485 -0.038853  ]]
[[-0.00161111 -0.00100236 -0.07621302]]
[[ 0.00203961  0.00448533 -0.08242102]]
[[-0.18685652  0.2557457   0.00964434]]
[[-0.89985211 -1.06279076  0.08490137]]
[[-0.00408753 -0.00086774  0.07661391]]
[[-0.0005787   0.00379184  0.0831479 ]]
[[-0.0016834   0.00109178  0.03658881]]
[[-0.0004164   0.00269374  0.03915126]]
[[-0.00180289  0.00928632 -0.08718738]]
[[ 0.00241742  0.01569979 -0.0915449 ]]
[[-1.0274841  -0.01178774  0.10047469]]
[[-0.92501755  1.51977191  0.10748186]]
[[-0.00461722  0.00964561  0.08770508]]
[[-0.00048439  0.01518934  0.09275011]]
[[-0.1906523   0.31882567  0.00907668]]
[[-0.0299917   0.2745153   0.00140842]]
[[ 0.03592047 -0.13323207 -0.00066344]]
[[ 0.07872354 -0.15883536 -0.00526207]]
[[ 0.0055207  -0.0159864  -0.06825739]]
[[ 0.00885067 -0.01314382 -0.07136248]]
[[ 0.18268752 -0.2920353  -0.01003481]]
[[ 0.28969574 -0.23853097 -0.02232446]]
[[ 0.00327475 -0.01583021  0.06829602]]
[[ 0.00646092 -0.01377075  0.07091922]]
[[ 0.00259759 -0.00196439 -0.03513704]]
[[ 0.00388544 -0.00073436 -0.03718213]]
[[ 0.00534731 -0.00828647 -0.07039544]]
[[ 0.00920778 -0.00524147 -0.07617513]]
[[ 1.01351837 -0.00801695 -0.10104723]]
[[ 0.328275   -0.10998335 -0.02470333]]
[[ 0.00302934 -0.00828515  0.07048006]]
[[ 0.00670235 -0.00605958  0.07624173]]
[[ 0.00084539 -0.00191459  0.0356166 ]]
[[ 0.00211396 -0.0009187   0.03784885]]
[[ 0.00563241 -0.00010529 -0.07879934]]
[[ 0.01009801  0.00412903 -0.08741905]]
[[ 0.18147625 -0.29913648 -0.01175402]]
[[ 1.01194342 -1.36853323 -0.11826556]]
[[ 0.00312418 -0.00013721  0.07925132]]
[[ 0.0073907   0.0031981   0.08832299]]
[[ 0.02931521  0.08531971 -0.00637685]]
[[ 0.98920859  1.29833432 -0.09775123]]
[[ 0.12354127 -0.11520459 -0.00518547]]
[[ 0.13647476 -0.10596451 -0.00760972]]
[[ 0.01287158 -0.00718351 -0.07498218]]
[[ 0.01714063 -0.0053151  -0.08065888]]
[[ 0.22701004 -0.07398793 -0.01221834]]
[[ 0.1912829  -0.09944838 -0.0114105 ]]
[[ 0.01032398 -0.00723784  0.07502951]]
[[ 0.01452323 -0.00623159  0.08076391]]
[[ 0.30684486 -0.16052865 -0.02081897]]
[[ 0.374504   -0.1186544  -0.03328311]]
[[ 0.13823717 -0.04457952 -0.00708092]]
[[ 0.13995129 -0.04674296 -0.00960567]]
