[[-0.09268865 -0.01191822  0.01891719]]
[[-0.11093992  0.0412379   0.01914318]]
[[-0.11356132 -0.09007245  0.02097198]]
[[-0.28206793 -0.09665709  0.03282542]]
[[-0.02124476 -0.00443217 -0.00166933]]
[[-0.01775281  0.00573691  0.00177329]]
[[-0.1922054  -0.01979312  0.02445063]]
[[-0.27935801  0.16052804  0.03413473]]
[[-0.00961553 -0.00121508  0.05153097]]
[[-0.0071981   0.00306833  0.04896651]]
[[-0.11067339  0.06155142  0.01841521]]
[[-0.07400848  0.11106711  0.0181798 ]]
[[-0.03802247 -0.10484722  0.01719317]]
[[-0.0454798  -0.18401033  0.01454945]]
[[-0.01362702 -0.01552169  0.00058129]]
[[-0.01018488 -0.00709493  0.00560549]]
[[-0.17959917 -0.27456178  0.02873218]]
[[-0.9344272  -1.2213739   0.10065074]]
[[-0.00534598 -0.00621966  0.05130332]]
[[-0.00297121 -0.0026091   0.0472665 ]]
[[-0.1524095  -0.05274358 -0.00702505]]
[[-0.24227236  0.04709515  0.0004009 ]]
[[-0.01414236 -0.0035506   0.00420287]]
[[-0.01049655  0.00505745  0.00841448]]
[[-1.01201725 -0.11157454  0.11482618]]
[[-0.92348328  1.43392326  0.12224346]]
[[-0.00498814 -0.00047486  0.04762439]]
[[-0.00283719  0.00258765  0.04520747]]
[[-0.00244561 -0.0004566   0.02466503]]
[[-0.00164514  0.00083847  0.02346931]]
[[-0.01402121  0.00820631  0.00470628]]
[[-0.00982936  0.01712199  0.00703831]]
[[-0.18191565  0.23305024  0.02363238]]
[[-0.04235107  0.19228381  0.01714272]]
[[-0.00502854  0.00478402  0.04734383]]
[[-0.00298417  0.0079585   0.04629425]]
[[-0.03507278  0.09292629  0.01462291]]
[[-0.01177466  0.08154987  0.01516984]]
[[-0.00245937 -0.07107956  0.01504366]]
[[ 0.00967286 -0.08525026  0.01292087]]
[[-0.00454109 -0.0260546  -0.00023221]]
[[-0.00116997 -0.02099201  0.00454386]]
[[-0.00064571 -0.11762301  0.01476845]]
[[ 0.04213284 -0.19295191  0.0099538 ]]
[[-0.00132589 -0.011516    0.05073864]]
[[ 0.00076863 -0.008842    0.04913494]]
[[-0.08941243 -0.16862109 -0.01197096]]
[[-0.20911115 -0.30076858 -0.00661344]]
[[-0.00568372 -0.01530905  0.00591741]]
[[-0.00232582 -0.00874966  0.01174923]]
[[ 0.00201766 -0.54841489  0.01856094]]
[[ 0.92320671 -1.43167976 -0.09480351]]
[[-0.00104658 -0.00542914  0.047766  ]]
[[ 0.00085828 -0.00292329  0.04548916]]
[[-0.00089155 -0.00237319  0.02536033]]
[[-0.00013195 -0.00140126  0.02397028]]
[[-0.0050542  -0.00424597 -0.08563616]]
[[-0.00143039  0.00291235 -0.08923616]]
[[-0.33647405 -0.18664755  0.01029785]]
[[-1.08816322  0.14997161  0.09270979]]
[[-0.00668899 -0.00301676  0.01105267]]
[[-0.0027503   0.00429662  0.01545541]]
[[ 0.00022954  0.00147517  0.01371726]]
[[ 0.93514189  1.22413537 -0.07318939]]
[[ -9.46345128e-04   4.13542422e-05   4.48370275e-02]]
[[ 0.00088462  0.00216109  0.04384458]]
[[-0.00088053 -0.00026316  0.02286751]]
[[-0.00012984  0.00067079  0.02283063]]
[[-0.00050282 -0.00013275  0.01502286]]
[[-0.00018656  0.00025795  0.01503791]]
[[-0.32505893  0.15645152  0.00757189]]
[[-0.19789273  0.36012545  0.00083775]]
[[-0.00659331  0.00958598  0.01141223]]
[[-0.0020996   0.01702247  0.01320327]]
[[-0.00172026  0.54942979  0.00860346]]
[[ 0.04405599  0.18187313  0.01298791]]
[[-0.00099038  0.00508633  0.04408992]]
[[ 0.00084836  0.00736835  0.04452184]]
[[-0.00088936  0.00180299  0.02367317]]
[[ -9.87402274e-05   2.76312898e-03   2.49768045e-02]]
[[-0.00558707  0.02157265  0.00768232]]
[[-0.00072454  0.02729802  0.00798641]]
[[-0.00063437  0.11441877  0.01248892]]
[[ 0.01068425  0.07793088  0.01409623]]
[[-0.00118383  0.01058262  0.04554248]]
[[ 0.0008656   0.01270457  0.04578131]]
[[-0.00149419  0.06682633  0.01357349]]
[[ 0.00543458  0.0562184   0.01460918]]
[[ 0.03404933 -0.09471093  0.01374648]]
[[ 0.07274408 -0.11128961  0.01073281]]
[[ 0.00277033 -0.01536416  0.01091141]]
[[ 0.00698805 -0.01055952  0.01652483]]
[[ 0.18138672 -0.23186352  0.00384744]]
[[ 0.27761055 -0.15834426 -0.00617121]]
[[ 0.00281433 -0.00497141  0.04810602]]
[[ 0.00468058 -0.00345036  0.04728093]]
[[-0.95980108 -1.50225878  0.09119104]]
[[ 0.00343306  0.0099098  -0.02759778]]
[[ 0.00180243 -0.00243098  0.01725126]]
[[ 0.00660112  0.00320865  0.02088894]]
[[ 1.0113668   0.11437891 -0.08719444]]
[[ 0.2792987   0.09806175 -0.00434578]]
[[ 0.00269753  0.00044657  0.04457642]]
[[ 0.00458163  0.00170783  0.04509983]]
[[  6.27758211e-04  -9.91516061e-05   2.36695813e-02]]
[[ 0.00142028  0.00050053  0.02475914]]
[[ 0.00176071  0.01108523  0.01785246]]
[[ 0.00716776  0.01665644  0.01841655]]
[[ 0.17781401  0.27426981 -0.00058443]]
[[ 0.07206823  0.093349    0.01246196]]
[[ 0.00265642  0.00547203  0.04429798]]
[[ 0.00478567  0.00698295  0.04662616]]
[[ 0.03229509  0.09922828  0.0120816 ]]
[[ 0.02894225  0.06327388  0.01429076]]
[[ 0.10833481 -0.06105664  0.01100547]]
[[ 0.10659749 -0.0404207   0.01089671]]
[[ 0.01200962 -0.00159238  0.02081854]]
[[ 0.01731029  0.00200478  0.02256705]]
[[ 0.18784187  0.02143427  0.00443144]]
[[ 0.10618748  0.01698605  0.01119475]]
[[ 0.00662767  0.00081001  0.04700324]]
[[ 0.00871406  0.00128763  0.047941  ]]
[[ 0.10606694  0.08599204  0.00964781]]
[[ 0.06357435  0.04562255  0.01373183]]
[[ 0.08631152  0.00984664  0.01234467]]
[[ 0.06914524  0.0059532   0.01335413]]
