[[-0.13609335 -0.01057662  0.00743909]]
[[-0.15600883  0.06207978  0.00790265]]
[[-0.17585138 -0.10765643  0.0097057 ]]
[[-0.36333604 -0.0843063   0.02232661]]
[[-0.01684868 -0.00069939 -0.07517111]]
[[-0.01316776  0.00797478 -0.07185302]]
[[-0.25202343 -0.01310583  0.01336015]]
[[-0.34240591  0.19784352  0.02341444]]
[[-0.01935818 -0.00042424  0.07587283]]
[[-0.01553145  0.00768642  0.07256211]]
[[-0.15448912  0.082847    0.00650103]]
[[-0.11191115  0.151232    0.00635752]]
[[-0.10017742 -0.16133078  0.00615896]]
[[-0.15549526 -0.24139118  0.00508237]]
[[-0.01068941 -0.00904431 -0.08033831]]
[[-0.00710755 -0.00107049 -0.0754336 ]]
[[-0.28531518 -0.31045185  0.01948168]]
[[-1.12551999 -1.19570023  0.09747489]]
[[-0.01316706 -0.00885546  0.08100383]]
[[-0.00932284 -0.00151947  0.0758718 ]]
[[-0.00287025 -0.00042141 -0.03747101]]
[[-0.0015711   0.00209184 -0.03556242]]
[[-0.01015327  0.00071887 -0.07278659]]
[[-0.0067022   0.00763343 -0.06983482]]
[[-1.11659207 -0.09210227  0.10522124]]
[[-1.03048758  1.52086136  0.11388348]]
[[-0.01244596  0.00110412  0.07334033]]
[[-0.00880354  0.00737758  0.07032451]]
[[-0.00460369 -0.00032217  0.03694559]]
[[-0.00328925  0.00196646  0.0352488 ]]
[[-0.00973344  0.00932254 -0.07028416]]
[[-0.00626373  0.01632631 -0.06883809]]
[[-0.23952863  0.2745753   0.01189639]]
[[-0.08416645  0.25563735  0.00567119]]
[[-0.01195918  0.00981838  0.07049722]]
[[-0.00839243  0.01609631  0.06926653]]
[[-0.06439789  0.13122793  0.00175648]]
[[-0.03109823  0.12691209  0.00261635]]
[[-0.02725344 -0.14090928  0.00228762]]
[[-0.02340969 -0.18170013 -0.00140403]]
[[-0.00365774 -0.01909403 -0.08462924]]
[[-0.00037476 -0.0125468  -0.08470558]]
[[-0.07546886 -0.2278187   0.00492498]]
[[-0.14705026 -0.4242784   0.00645288]]
[[-0.00616991 -0.01875286  0.08522321]]
[[-0.00274398 -0.01299638  0.08476439]]
[[-0.00033116 -0.0035582  -0.03878731]]
[[ 0.0008985  -0.00154421 -0.03671345]]
[[-0.00387359 -0.00797482 -0.07928007]]
[[-0.00074602 -0.00172759 -0.07727236]]
[[-0.28241111 -0.70435473  0.02576731]]
[[-0.09744532 -1.3113812  -0.00713511]]
[[-0.00611743 -0.00758447  0.07973937]]
[[-0.00284818 -0.00207811  0.07742143]]
[[-0.00209104 -0.00342881  0.03874349]]
[[-0.0008486  -0.00166515  0.03680856]]
[[  6.29008594e-05  -1.04055550e-04  -2.15545402e-02]]
[[ 0.00055184  0.00069494 -0.02145041]]
[[ -3.32510733e-04  -8.96193192e-05  -3.48989663e-02]]
[[ 0.0008985   0.0018045  -0.03462019]]
[[-0.00389187  0.00172425 -0.07271251]]
[[-0.00062867  0.00732079 -0.07187376]]
[[-0.28481757  0.10301651  0.01887621]]
[[ 0.75079954  1.50292698 -0.07228448]]
[[-0.00594594  0.00219521  0.07297757]]
[[-0.00265803  0.00702578  0.07205045]]
[[ -2.06674766e-03   2.01804515e-05   3.47745991e-02]]
[[-0.00083087  0.00171854  0.0347556 ]]
[[ -9.50873191e-04  -4.00971528e-05   2.14816669e-02]]
[[-0.0004589   0.00062048  0.0215089 ]]
[[-0.00034214  0.00329031 -0.03573514]]
[[ 0.0009628   0.0052596  -0.03726356]]
[[-0.00351911  0.01035997 -0.06901652]]
[[ -6.78555989e-05   1.60196749e-02  -6.95511058e-02]]
[[-0.0761221   0.64197185 -0.00293223]]
[[ 0.00927821  0.27894051  0.00113891]]
[[-0.00556578  0.01083209  0.06896748]]
[[-0.00217758  0.01571281  0.06979913]]
[[-0.00204488  0.00339981  0.03554512]]
[[-0.00073969  0.00513397  0.03742197]]
[[-0.00300873  0.01931697 -0.06847383]]
[[ 0.00079298  0.02424683 -0.06805152]]
[[-0.02617104  0.17034499 -0.00064195]]
[[-0.00123039  0.13308512  0.00093887]]
[[-0.00513288  0.01971828  0.06815964]]
[[-0.00137772  0.02389664  0.06838422]]
[[-0.01269279  0.10703543 -0.00031361]]
[[ 0.00140324  0.0943535   0.00042962]]
[[-0.01112561 -0.29460712  0.00227342]]
[[ 0.06525677 -0.66640123 -0.01049099]]
[[ 0.00305285 -0.00757615 -0.08456539]]
[[ 0.00651219 -0.00285262 -0.0846966 ]]
[[-0.75322826 -1.66313745  0.09854873]]
[[ 0.26755856 -0.14920279 -0.02089214]]
[[ 0.00072407 -0.00696269  0.08482305]]
[[ 0.00413531 -0.00312244  0.08453688]]
[[ 0.00214755  0.00017891 -0.03605851]]
[[ 0.00345198  0.00155891 -0.03745117]]
[[ 0.00256993  0.00250385 -0.07679971]]
[[ 0.00626802  0.0067507  -0.07785737]]
[[ 0.06749045  1.34362431 -0.01413228]]
[[ 0.27392994  0.65470804 -0.01385881]]
[[ 0.00043018  0.00302817  0.07668985]]
[[ 0.0039614   0.00640106  0.07772645]]
[[ 0.00038185  0.00029996  0.03640208]]
[[ 0.00168418  0.00145405  0.03800612]]
[[ 0.00278082  0.01152947 -0.07315696]]
[[ 0.00700257  0.01588715 -0.07614562]]
[[ 0.12790513  0.45802704 -0.01400793]]
[[ 0.06888974  0.20929361 -0.00157001]]
[[ 0.00062159  0.01194487  0.07284423]]
[[ 0.00464306  0.0154424   0.0761916 ]]
[[ 0.02009271  0.1732277  -0.00268751]]
[[ 0.03067494  0.1234651  -0.00124091]]
[[ 1.03960968 -1.28444617 -0.09369031]]
[[ 1.12138403 -0.14717718 -0.10898688]]
[[ 0.01034664  0.00315242 -0.08452266]]
[[ 0.01453903  0.00594658 -0.08531771]]
[[ 1.10521938  1.46286702 -0.11998362]]
[[ 0.28703813  0.25762431 -0.01561562]]
[[ 0.00780176  0.00371815  0.08415521]]
[[ 0.01185728  0.00554857  0.08502979]]
[[ 0.14468903  0.28330444 -0.0097261 ]]
[[ 0.09877229  0.14110777 -0.00429071]]
[[ 0.37241201  0.17695748 -0.02759393]]
[[ 0.18684452  0.0710751  -0.01064391]]
