[[-0.1413646  0.0094758  0.0077371]]
[[-0.15158521  0.08351005  0.00812396]]
[[-0.22729999 -0.06951721  0.01269968]]
[[-0.39250141 -0.00202546  0.02568739]]
[[-0.01475243  0.00395625 -0.07896656]]
[[-0.01056176  0.01189062 -0.07268746]]
[[-0.25366736  0.0262942   0.01355978]]
[[-0.32150154  0.22828452  0.02328903]]
[[-0.01737352  0.00416032  0.07936917]]
[[-0.01296651  0.01149473  0.07327476]]
[[-0.14061138  0.10165664  0.00597646]]
[[-0.09286471  0.15717116  0.00579681]]
[[-0.33135989 -0.26643112  0.02652406]]
[[-1.0646367  -0.05613395  0.10365479]]
[[-0.00828898 -0.00360928 -0.08792983]]
[[-0.00416361  0.00382099 -0.07892911]]
[[-0.46747459 -0.16343415  0.03533447]]
[[-1.11597918 -0.93282146  0.10253899]]
[[-0.01089362 -0.00335363  0.0882954 ]]
[[-0.0064298   0.00335741  0.07919312]]
[[-0.0022212   0.0006419  -0.03762152]]
[[-0.0009404   0.002938   -0.03521553]]
[[-0.00747013  0.00575495 -0.07495316]]
[[-0.00361922  0.01162583 -0.06864758]]
[[-1.08568007 -0.01159485  0.10398233]]
[[-0.95552421  1.53547314  0.11088103]]
[[-0.00980279  0.00610171  0.07519472]]
[[-0.00573284  0.01128936  0.06899148]]
[[-0.00398774  0.00071683  0.03708556]]
[[-0.00266782  0.00280556  0.03494287]]
[[-0.00688341  0.01340136 -0.06849527]]
[[-0.00334596  0.01895808 -0.06464298]]
[[-0.20612566  0.29163271  0.01079481]]
[[-0.05305803  0.24724404  0.00465443]]
[[-0.0091085   0.0137592   0.06850619]]
[[-0.00544433  0.01865585  0.06505155]]
[[-0.04608132  0.13223193  0.0010997 ]]
[[-0.01682907  0.1180868   0.00200177]]
[[-0.05091685 -0.28293106  0.00543096]]
[[ 0.00788649 -0.64625214 -0.00714347]]
[[-0.0008381  -0.01392574 -0.0957596 ]]
[[ 0.00307668 -0.00737081 -0.09132101]]
[[-0.93014785 -1.54634803  0.11058575]]
[[ 0.04030363 -0.17637609 -0.00390111]]
[[-0.00353191 -0.01343433  0.096154  ]]
[[ 0.00059322 -0.00775758  0.09126498]]
[[ 0.00030577 -0.00236625 -0.03929876]]
[[ 0.00152965 -0.0005604  -0.03666726]]
[[-0.000744   -0.00217604 -0.08442603]]
[[ 0.0028559   0.00319566 -0.07779494]]
[[-0.93618992  0.69237689  0.09241255]]
[[ 0.92433539 -0.86647019 -0.10360286]]
[[-0.00306532 -0.00168846  0.0845412 ]]
[[ 0.00067624  0.00286     0.07773694]]
[[-0.00149113 -0.00224401  0.03925562]]
[[-0.0002284  -0.00067612  0.0368098 ]]
[[ 0.00027938  0.00026336 -0.02146442]]
[[ 0.00076607  0.00099642 -0.02123364]]
[[ 0.00028085  0.00095545 -0.03472329]]
[[ 0.00150463  0.00263326 -0.0339443 ]]
[[-0.00061245  0.00698482 -0.07238763]]
[[ 0.00279525  0.01114159 -0.0679141 ]]
[[-0.04516354  0.19311125  0.00079405]]
[[ 0.93552222  1.34262509 -0.08616151]]
[[-0.00270652  0.0074032   0.07229253]]
[[ 0.0007281   0.0108132   0.06795858]]
[[-0.00146318  0.00105871  0.03460872]]
[[-0.00021     0.00255689  0.03412105]]
[[-0.00073627  0.00032567  0.02141029]]
[[-0.00023921  0.00092575  0.02132124]]
[[ 0.00025161  0.00422105 -0.03494463]]
[[ 0.0015484   0.0059684  -0.03601097]]
[[-0.00039493  0.01434812 -0.06498749]]
[[ 0.00288973  0.01827076 -0.06297356]]
[[-0.01186727  0.62470478 -0.00532177]]
[[ 0.04471734  0.24022603 -0.00038698]]
[[-0.0024354   0.01468566  0.0647351 ]]
[[ 0.00083256  0.01795966  0.06319447]]
[[-0.00143681  0.00432524  0.03477226]]
[[-0.0001171   0.0058592   0.03620553]]
[[-0.00032289  0.02164218 -0.06240371]]
[[ 0.0031565   0.02487953 -0.06055112]]
[[-0.00422084  0.15882545 -0.00123825]]
[[ 0.0118218   0.11515518  0.00036222]]
[[-0.00237048  0.02194799  0.06203743]]
[[ 0.00112327  0.02458936  0.06086591]]
[[-0.003046    0.0979338  -0.00060897]]
[[ 0.00702177  0.08301675  0.00013119]]
[[ 0.97383747 -1.31381307 -0.09011709]]
[[ 1.09469389 -0.21172404 -0.10838011]]
[[ 0.00684646 -0.00153143 -0.08629544]]
[[ 0.01039659  0.00191385 -0.08147718]]
[[ 1.10613415  1.21996049 -0.11997793]]
[[ 0.46318063  0.08900314 -0.03167061]]
[[ 0.0044064  -0.00085663  0.08618577]]
[[ 0.00791955  0.0016903   0.0811854 ]]
[[ 0.00276191  0.00121225 -0.0355189 ]]
[[ 0.00406669  0.00236793 -0.03638897]]
[[ 0.00621319  0.00768543 -0.07319372]]
[[ 0.0096531   0.01015858 -0.07050353]]
[[ 1.05437008  0.31693365 -0.1054246 ]]
[[ 0.31310387  0.19294034 -0.01948392]]
[[ 0.00399389  0.00813522  0.07277927]]
[[ 0.00733099  0.00986393  0.0703311 ]]
[[ 0.0010109   0.00134412  0.03586996]]
[[ 0.00233887  0.00229     0.0369639 ]]
[[ 0.00594358  0.01517511 -0.06617498]]
[[ 0.00975396  0.01766397 -0.06661383]]
[[ 0.18771875  0.35220475 -0.01590994]]
[[ 0.0848446   0.14651763 -0.00264736]]
[[ 0.00379971  0.01549515  0.06570379]]
[[ 0.00751655  0.01732544  0.0666017 ]]
[[ 0.03710868  0.14516736 -0.00297774]]
[[ 0.0371806   0.09887184 -0.00156222]]
[[ 0.39811402  0.11386848 -0.02802415]]
[[ 0.22306262  0.02787156 -0.01092554]]
[[ 0.01379057  0.00794002 -0.07722207]]
[[ 0.01729715  0.00888317 -0.07470732]]
[[ 0.26279212  0.13877059 -0.01510167]]
[[ 0.15199883  0.07534477 -0.00614079]]
[[ 0.01123132  0.00845567  0.07668206]]
[[ 0.01475808  0.00864572  0.07441721]]
[[ 0.13177401  0.15134878 -0.00739733]]
[[ 0.0865127   0.08841805 -0.00398245]]
[[ 0.1518369   0.06920881 -0.00808516]]
[[ 0.11499553  0.03885992 -0.00654986]]
