[[-0.09233153 -0.01264904  0.01927093]]
[[-0.11059944  0.04037735  0.01965749]]
[[-0.11309646 -0.09078239  0.02067593]]
[[-0.28160804 -0.09754342  0.0326522 ]]
[[-0.01951577 -0.0092088   0.00086297]]
[[-0.01619719 -0.00031768  0.00697707]]
[[-0.19178779 -0.02058544  0.02462503]]
[[-0.27896724  0.15959449  0.03446127]]
[[-0.00946717 -0.00146513  0.05155869]]
[[-0.00705579  0.00277635  0.04903138]]
[[-0.11033951  0.06072739  0.0191362 ]]
[[-0.07369116  0.11014324  0.01908439]]
[[-0.03753834 -0.10540451  0.01631327]]
[[-0.04499547 -0.18476254  0.01375907]]
[[-0.01029447 -0.01897735 -0.00381091]]
[[-0.00652921 -0.01263332  0.00165403]]
[[-0.17909824 -0.2752961   0.02824797]]
[[-0.93393673 -1.22229024  0.10027057]]
[[-0.00519794 -0.0064684   0.05115498]]
[[-0.00282753 -0.00289717  0.04715802]]
[[-0.11413723 -0.15051208 -0.0053585 ]]
[[-0.23401159 -0.28587177  0.00287583]]
[[-0.01119857 -0.00919172  0.00498194]]
[[-0.00750404 -0.00230216  0.01172561]]
[[-1.01155407 -0.11242017  0.1148098 ]]
[[-0.92303508  1.43292311  0.12237076]]
[[-0.00484098 -0.00073203  0.04760424]]
[[-0.00269886  0.00229057  0.04522141]]
[[-0.00237953 -0.00056822  0.02464959]]
[[-0.00158163  0.00070963  0.02346591]]
[[-0.01249033  0.00203357  0.01354416]]
[[-0.00824164  0.01071097  0.0193944 ]]
[[-0.18152691  0.23217228  0.02415437]]
[[-0.04197168  0.19130436  0.01783231]]
[[-0.00488861  0.00451132  0.04745494]]
[[-0.00285071  0.00764155  0.04644304]]
[[-0.034747    0.09209418  0.01573096]]
[[-0.01144988  0.08067075  0.01643423]]
[[-0.00202937 -0.07142578  0.01368038]]
[[ 0.0101034  -0.08577441  0.01156527]]
[[-0.00163428 -0.02668367 -0.00894785]]
[[ 0.00202894 -0.02307248 -0.00581644]]
[[-0.00017803 -0.1181671   0.01370946]]
[[ 0.04259668 -0.19367444  0.00893479]]
[[-0.00117841 -0.01175237  0.05040728]]
[[ 0.0009136  -0.00912188  0.04883787]]
[[-0.01112047 -0.11541441 -0.01515873]]
[[ 0.01296277 -0.16004303 -0.01897486]]
[[-0.00191779 -0.01847236 -0.00183603]]
[[ 0.00177245 -0.01403752  0.00344456]]
[[ 0.00251498 -0.54914514  0.01786562]]
[[ 0.92369916 -1.43259389 -0.09542178]]
[[-0.00089959 -0.005682    0.04757351]]
[[ 0.00100112 -0.00321185  0.04532982]]
[[-0.00082714 -0.0024901   0.02528247]]
[[ -6.86132707e-05  -1.53094927e-03   2.39050398e-02]]
[[-0.00044244 -0.01108796 -0.08213757]]
[[ 0.00355036 -0.00610947 -0.08854161]]
[[-0.04634561 -0.25367321 -0.01009004]]
[[ 0.02737605 -0.64183876 -0.02680353]]
[[-0.00262018 -0.00906654  0.00830385]]
[[ 0.00157506 -0.00383382  0.01458805]]
[[ 0.00072802  0.00059989  0.01348122]]
[[ 0.93563543  1.22309949 -0.07329036]]
[[-0.00080183 -0.00022106  0.04477053]]
[[ 0.00102599  0.00185865  0.04380807]]
[[-0.00081689 -0.0003757   0.0228365 ]]
[[ -6.77990893e-05   5.41916031e-04   2.28099207e-02]]
[[-0.0004669  -0.0001962   0.01500534]]
[[-0.00015143  0.00018568  0.01502495]]
[[-0.97132688 -1.51229156  0.10118027]]
[[ 0.00528852  0.00708297 -0.02054621]]
[[-0.0033126   0.00245611  0.0181401 ]]
[[ 0.0014508   0.00936755  0.02306569]]
[[-0.0012617   0.54850354  0.00891979]]
[[ 0.04451342  0.18083609  0.01346608]]
[[-0.00085205  0.0048098   0.04414681]]
[[ 0.00098463  0.00704842  0.04461593]]
[[-0.00082669  0.00168143  0.02368483]]
[[ -3.82736568e-05   2.62105094e-03   2.49999225e-02]]
[[-0.0036155   0.01666818  0.02285057]]
[[ 0.00167414  0.0233314   0.02417554]]
[[-0.00023804  0.11355076  0.01337177]]
[[ 0.01108612  0.07700289  0.01514982]]
[[-0.0010508   0.01028701  0.04574268]]
[[ 0.00099474  0.0123755   0.04602854]]
[[-0.0011545   0.06608995  0.01501237]]
[[ 0.00578004  0.05547771  0.01619643]]
[[ 0.03449346 -0.0952323   0.01240039]]
[[ 0.07318582 -0.11198481  0.00938525]]
[[ 0.00626073 -0.01782842 -0.00112695]]
[[ 0.01054854 -0.01498679  0.00325456]]
[[ 0.18186062 -0.23257215  0.00289042]]
[[ 0.27808125 -0.15922678 -0.00706202]]
[[ 0.00296419 -0.00522649  0.04784675]]
[[ 0.00483063 -0.00374145  0.04704807]]
[[ 0.08320268 -0.22626393 -0.02240317]]
[[ 0.24624364 -0.32916584 -0.04574319]]
[[ 0.00625188 -0.00822656  0.00929558]]
[[ 0.01117873 -0.00471765  0.01426623]]
[[ 1.01187394  0.11350636 -0.08768003]]
[[ 0.2798082   0.0970311  -0.00470446]]
[[ 0.0028449   0.00018381  0.04445414]]
[[ 0.00473134  0.00140392  0.04500417]]
[[ 0.00069336 -0.00021288  0.02361857]]
[[ 0.00148533  0.00037031  0.02471699]]
[[ 0.00641359  0.00344936  0.01984892]]
[[ 0.01187079  0.00838405  0.02312443]]
[[ 0.17832733  0.27332098 -0.00050171]]
[[ 0.072586    0.09227848  0.01270781]]
[[ 0.00280155  0.00519132  0.0443024 ]]
[[ 0.00492812  0.00666039  0.04666751]]
[[ 0.03276988  0.09832134  0.01276312]]
[[ 0.02941263  0.06230413  0.01516684]]
[[ 0.10878335 -0.06174427  0.00971216]]
[[ 0.10704094 -0.04126483  0.00967598]]
[[ 0.01553696 -0.00664802  0.00777996]]
[[ 0.02055702 -0.00476733  0.01117442]]
[[ 0.18833125  0.02059343  0.00366788]]
[[ 0.10668534  0.0159947   0.01054656]]
[[ 0.00678369  0.00054828  0.04680623]]
[[ 0.00886915  0.00098497  0.04777068]]
[[ 0.10659616  0.08504956  0.00946258]]
[[ 0.06409426  0.04456259  0.01370131]]
[[ 0.08676697  0.00904819  0.01125744]]
[[ 0.06959035  0.00502354  0.01238594]]
