[[-0.08180262 -0.02030859  0.01640106]]
[[ 0.8751907   1.32468747 -0.07796882]]
[[ 0.0970003  -0.39013595 -0.00416629]]
[[ 0.0471194  -0.32003963 -0.00535323]]
[[-0.001319   -0.00239433 -0.10585607]]
[[ 0.00291675  0.00487567 -0.09530475]]
[[ 0.91005478  0.07704941 -0.09605073]]
[[ 0.06649795  0.26923135 -0.00087387]]
[[-0.0055407  -0.00194411  0.1047248 ]]
[[-0.00085234  0.00450472  0.09480809]]
[[ 0.10470435  0.40413229 -0.0092134 ]]
[[ 0.01881821  0.24356864  0.00366206]]
[[ 0.00262164 -0.17713512  0.00332337]]
[[ 0.01745366 -0.26013329 -0.00110798]]
[[ 0.00501328 -0.0130671  -0.08921885]]
[[ 0.00871894 -0.00751922 -0.0798035 ]]
[[-0.05260716 -0.36980341  0.01090823]]
[[-0.80238587 -1.28861474  0.08159699]]
[[ 0.00179953 -0.01277171  0.0892169 ]]
[[ 0.00594683 -0.00796082  0.07973941]]
[[  6.66164140e-05  -7.00637222e-04  -3.90575224e-02]]
[[ 0.00122495  0.00121365 -0.0365183 ]]
[[ 0.00649122 -0.00114095 -0.08687629]]
[[ 0.00920417  0.0035492  -0.07753939]]
[[-0.76993982 -0.10413513  0.08827251]]
[[-0.78004048  1.44830474  0.10325515]]
[[ 0.00322378 -0.00075637  0.08681216]]
[[ 0.0064004   0.00320887  0.07772365]]
[[-0.00183919 -0.00059737  0.03849213]]
[[-0.00060935  0.00110064  0.03621547]]
[[ 0.0057716   0.01068924 -0.08597327]]
[[ 0.00781922  0.01462369 -0.07738037]]
[[-0.03750081  0.3468792   0.00372587]]
[[ 0.03695192  0.25042179  0.00199774]]
[[ 0.0024921   0.01109956  0.08556823]]
[[ 0.0049926   0.01434018  0.07756594]]
[[ 0.01682576  0.18360239 -0.00054966]]
[[ 0.022311    0.13467929  0.00135034]]
[[ 0.01534322 -0.10590326  0.00086974]]
[[ 0.0351489  -0.12323492 -0.00223606]]
[[ 0.00837913 -0.02103653 -0.07510465]]
[[ 0.01177724 -0.01728473 -0.07164862]]
[[ 0.03764273 -0.16042491  0.0007067 ]]
[[ 0.08949451 -0.23464824 -0.00538912]]
[[ 0.00588014 -0.0207877   0.07530909]]
[[ 0.00950256 -0.01772851  0.07125917]]
[[ 0.00232791 -0.00393643 -0.03819317]]
[[ 0.00346163 -0.00250527 -0.03563162]]
[[ 0.01047358 -0.01085781 -0.07425628]]
[[ 0.01316379 -0.00713597 -0.06841761]]
[[ 0.07827728 -0.58633022  0.00314506]]
[[ 0.99725121 -1.46192768 -0.11125194]]
[[ 0.00801578 -0.01058154  0.07442412]]
[[ 0.01096375 -0.00753449  0.06832007]]
[[ 0.00054571 -0.00383101  0.03820871]]
[[ 0.00173959 -0.00263646  0.03578291]]
[[ 0.00098101 -0.00020811 -0.02149725]]
[[ 0.00144944  0.00038947 -0.02126857]]
[[ 0.00235632 -0.00042681 -0.03482828]]
[[ 0.00347692  0.00090836 -0.03401075]]
[[ 0.01149944 -0.00016728 -0.07203821]]
[[ 0.0135079   0.00262332 -0.06669274]]
[[ 0.10819771  0.00398039 -0.00375851]]
[[ 1.01490672  1.22572744 -0.08981972]]
[[ 0.00906548  0.00014298  0.07220157]]
[[ 0.01130523  0.00227211  0.06684596]]
[[ 0.00057691 -0.00032491  0.03477809]]
[[ 0.00175369  0.0008236   0.03421757]]
[[ -4.17363817e-05  -1.45333995e-04   2.14740061e-02]]
[[ 0.00044354  0.00031701  0.02137112]]
[[ 0.00230286  0.00303677 -0.03605904]]
[[ 0.00349502  0.0044356  -0.03699389]]
[[ 0.0109757   0.01014209 -0.0708855 ]]
[[ 0.01256929  0.01252525 -0.0666607 ]]
[[ 0.08637922  0.59616251 -0.00832507]]
[[ 0.10188267  0.20839678 -0.00247344]]
[[ 0.0085047   0.01049441  0.07086037]]
[[ 0.01031417  0.01225203  0.06695735]]
[[ 0.00053939  0.00315207  0.03594529]]
[[ 0.00178533  0.0043285   0.03722113]]
[[ 0.00915066  0.02006994 -0.0711848 ]]
[[ 0.01108534  0.02181166 -0.06659099]]
[[ 0.04820343  0.16813411 -0.00278807]]
[[ 0.04401406  0.11054034 -0.00062346]]
[[ 0.00665747  0.02048667  0.07084022]]
[[ 0.00882466  0.02161082  0.06685186]]
[[ 0.02190795  0.11074017 -0.00130308]]
[[ 0.02388117  0.08591276 -0.00035154]]
[[ 0.06691807 -0.12020126 -0.00163017]]
[[ 0.10939888 -0.13630542 -0.00592623]]
[[ 0.01504076 -0.00924806 -0.06788293]]
[[ 0.01766063 -0.00720463 -0.0650999 ]]
[[ 0.23238438 -0.24898958 -0.01176166]]
[[ 0.32584294 -0.17434377 -0.02256964]]
[[ 0.01290114 -0.0089426   0.06786389]]
[[ 0.01561118 -0.00755394  0.06465144]]
[[ 0.00466853 -0.00015817 -0.03448689]]
[[ 0.00591208  0.00068085 -0.03540412]]
[[ 0.01553273  0.00057735 -0.06435244]]
[[ 0.01772038  0.00186252 -0.062524  ]]
[[ 1.07497351  0.11688544 -0.10358391]]
[[ 0.33026458  0.09719158 -0.0207754 ]]
[[ 0.01346223  0.00084779  0.06425854]]
[[ 0.01570494  0.00151155  0.06231714]]
[[  2.97465636e-03  -5.78853745e-05   3.48972498e-02]]
[[ 0.00426129  0.00056682  0.03597619]]
[[ 0.01521256  0.0098652  -0.06407633]]
[[ 0.01753743  0.01129278 -0.06418153]]
[[ 0.2351437   0.29751205 -0.01702414]]
[[ 0.1142291   0.10633663 -0.00399447]]
[[ 0.01312355  0.01015825  0.06389853]]
[[ 0.01549571  0.0109571   0.06412275]]
[[ 0.07199608  0.13139362 -0.00399428]]
[[ 0.05924489  0.08393082 -0.00248319]]
[[ 0.14563032 -0.06967046 -0.00604357]]
[[ 0.1416773  -0.05035183 -0.00672073]]
[[ 0.02014496  0.00116616 -0.06286648]]
[[ 0.02257512  0.00140215 -0.06246708]]
[[ 0.23029147  0.02389132 -0.01218   ]]
[[ 0.14235568  0.01569913 -0.00605446]]
[[ 0.01813559  0.00144307  0.06234554]]
[[ 0.02064131  0.00104258  0.06179904]]
[[ 0.14618703  0.09949515 -0.00738929]]
[[ 0.09647879  0.05343625 -0.00450192]]
[[ 0.11810801  0.01207379 -0.00563371]]
[[ 0.09762363  0.00512716 -0.00554372]]
