[[-0.17657236 -0.02209472  0.00911017]]
[[-0.21408593  0.08109273  0.01046072]]
[[-0.22034049 -0.17559653  0.0130272 ]]
[[-0.55844648 -0.19153035  0.03846096]]
[[-0.01343683 -0.00208147 -0.08427195]]
[[-0.00943771  0.00598945 -0.08027053]]
[[-0.37766281 -0.03815608  0.02174132]]
[[-0.55299453  0.31989671  0.0415407 ]]
[[-0.0161049  -0.00176852  0.08519122]]
[[-0.01183602  0.00563341  0.0811461 ]]
[[-0.21457705  0.12163319  0.00901702]]
[[-0.14233737  0.21794346  0.00832594]]
[[-0.07149219 -0.20233419  0.00576933]]
[[-0.08747558 -0.36281171  0.00198297]]
[[-0.00629405 -0.01074117 -0.08452521]]
[[-0.00246514 -0.00376055 -0.07863574]]
[[-0.35463031 -0.54485379  0.03006734]]
[[-1.86519088 -2.44062191  0.17425918]]
[[-0.0085988  -0.0105584   0.08512592]]
[[-0.0044149  -0.00434566  0.07883923]]
[[-0.00197033 -0.00073657 -0.03821898]]
[[-0.00068588  0.00158732 -0.03619619]]
[[-0.00583227 -0.00082673 -0.07876165]]
[[-0.00226598  0.00521867 -0.07483234]]
[[-2.01931055 -0.22189209  0.20280778]]
[[-1.84323497  2.86686794  0.21734027]]
[[-0.00795994 -0.00045252  0.07939605]]
[[-0.00416135  0.00479836  0.07525363]]
[[-0.00374364 -0.00063132  0.03772108]]
[[-0.00243205  0.00146228  0.03590559]]
[[-0.00581714  0.0082274  -0.07784744]]
[[-0.00232984  0.01450975 -0.07540433]]
[[-0.3591419   0.46436006  0.02037027]]
[[-0.08114113  0.38052908  0.00723747]]
[[-0.00801058  0.00879563  0.07821318]]
[[-0.0044194   0.01420365  0.0758613 ]]
[[-0.06553918  0.18099743  0.00132265]]
[[-0.02012831  0.1560186   0.00243485]]
[[-0.00273905 -0.13230941  0.00157051]]
[[ 0.02058263 -0.16194416 -0.00228934]]
[[ 0.00073021 -0.0202422  -0.0825266 ]]
[[ 0.00426502 -0.01487481 -0.08118871]]
[[ 0.00100148 -0.22808118  0.00223703]]
[[ 0.08571135 -0.38031769 -0.00734746]]
[[-0.00157963 -0.01982793  0.08280876]]
[[ 0.0021139  -0.01525106  0.08071344]]
[[ 0.00056315 -0.00390843 -0.03872906]]
[[ 0.00179033 -0.00209671 -0.03654481]]
[[ 0.00093379 -0.00956229 -0.07918563]]
[[ 0.00418924 -0.0044479  -0.07595231]]
[[ 0.00654775 -1.09261787  0.01000537]]
[[ 1.84799634 -2.86086792 -0.21732849]]
[[-0.00104757 -0.00915334  0.07927034]]
[[ 0.0023219  -0.00487103  0.07553531]]
[[-0.00119031 -0.0037874   0.03871594]]
[[  6.11373037e-05  -2.22844038e-03   3.66521420e-02]]
[[ 0.00037497 -0.00021668 -0.0216153 ]]
[[ 0.0008625   0.00051481 -0.0214883 ]]
[[ 0.0005615  -0.00042331 -0.03512285]]
[[ 0.00178857  0.00128076 -0.03474418]]
[[  9.41869513e-04   7.63042639e-05  -7.47622222e-02]]
[[ 0.00419921  0.0045379  -0.072858  ]]
[[ 0.0031435   0.00404486 -0.00012213]]
[[ 1.87190014  2.44750942 -0.17440194]]
[[-0.00083985  0.00047422  0.07475469]]
[[ 0.00237885  0.00404287  0.07264278]]
[[-0.00117748 -0.00031596  0.03503587]]
[[  6.54175179e-05   1.18706609e-03   3.49035451e-02]]
[[-0.00064317 -0.00015267  0.02157533]]
[[-0.00014858  0.00044021  0.02157532]]
[[ 0.00053115  0.00297982 -0.03625413]]
[[ 0.00183328  0.00476637 -0.03769012]]
[[ 0.00095033  0.00892414 -0.07295205]]
[[ 0.00428255  0.01362772 -0.07251438]]
[[ -7.71211380e-04   1.09675972e+00  -1.01863899e-02]]
[[ 0.08964261  0.35978591 -0.00172633]]
[[-0.00092313  0.00932314  0.07283679]]
[[ 0.00228214  0.01314375  0.07261783]]
[[-0.00118881  0.00309384  0.03610908]]
[[ 0.00012437  0.00463961  0.03788311]]
[[ 0.00082372  0.01845117 -0.07388306]]
[[ 0.00445044  0.02275805 -0.0723952 ]]
[[ 0.00123037  0.22364927 -0.002082  ]]
[[ 0.02271125  0.14889889  0.00022795]]
[[-0.00129031  0.01886944  0.07360361]]
[[ 0.00226667  0.02234716  0.07270502]]
[[-0.00065092  0.12546791 -0.00092996]]
[[  1.19341016e-02   1.02814299e-01   2.62775410e-05]]
[[ 0.06830817 -0.18229212 -0.00132589]]
[[ 0.14474769 -0.21655991 -0.00827783]]
[[ 0.00787998 -0.00891121 -0.07949492]]
[[ 0.01127923 -0.00548122 -0.07835074]]
[[ 0.36320053 -0.45963214 -0.02046099]]
[[ 0.55457727 -0.31390578 -0.04124249]]
[[ 0.00572826 -0.0083079   0.07914133]]
[[ 0.00901439 -0.00576346  0.07748921]]
[[ 0.0030599  -0.00015305 -0.03577598]]
[[ 0.00437362  0.00103004 -0.03707838]]
[[ 0.00752862  0.00080018 -0.07426748]]
[[ 0.01104157  0.00374325 -0.07439797]]
[[ 2.02322226  0.22964075 -0.20279466]]
[[ 0.55794248  0.19563127 -0.03769028]]
[[ 0.00555219  0.00119102  0.07363728]]
[[ 0.00883875  0.00323549  0.07373177]]
[[  1.32331052e-03  -4.31356517e-05   3.61390356e-02]]
[[ 0.0026459   0.00090999  0.0376305 ]]
[[ 0.00748363  0.00973588 -0.07309507]]
[[ 0.01142399  0.01307214 -0.07534246]]
[[ 0.35614339  0.54613739 -0.02959893]]
[[ 0.1434683   0.18292266 -0.00474726]]
[[ 0.00546022  0.0099662   0.07250896]]
[[ 0.00916088  0.01243812  0.07510702]]
[[ 0.0650186   0.19286619 -0.00441006]]
[[ 0.05694999  0.11968042 -0.00225558]]
[[ 0.21475862 -0.11820214 -0.00876042]]
[[ 0.21010042 -0.07773191 -0.00958576]]
[[ 0.01486515  0.00142478 -0.07728056]]
[[ 0.01858356  0.00298904 -0.07769855]]
[[ 0.37383823  0.04348556 -0.02073647]]
[[ 0.20929058  0.03376911 -0.00846552]]
[[ 0.01240441  0.0018169   0.07637045]]
[[ 0.0160153   0.00249969  0.07690491]]
[[ 0.2103026   0.16930295 -0.01091865]]
[[ 0.12394335  0.0876753  -0.00528768]]
[[ 0.16825787  0.02002462 -0.00744837]]
[[ 0.13262529  0.01194159 -0.00701628]]
