[[-0.11473132 -0.04179541  0.0069721 ]]
[[-0.14052033  0.00752941  0.00746291]]
[[-0.12373129 -0.11899154  0.00780589]]
[[-0.29326949 -0.13124734  0.01978989]]
[[-0.01347834 -0.01343544 -0.06796672]]
[[-0.01057807 -0.00806746 -0.07023109]]
[[-0.21125818 -0.06013644  0.01272129]]
[[-0.30479737  0.10897966  0.02208127]]
[[-0.01598803 -0.01272493  0.0685643 ]]
[[-0.0132243  -0.0078949   0.07016468]]
[[-0.15189583  0.00322151  0.00826466]]
[[-0.13673985  0.03609128  0.00824794]]
[[-0.04129211 -0.127494    0.00353616]]
[[-0.04758455 -0.21071991  0.0009506 ]]
[[-0.00613483 -0.01852742 -0.06149031]]
[[-0.00290161 -0.01433938 -0.05986073]]
[[-0.18477106 -0.30681694  0.01576797]]
[[-0.93921417 -1.26212608  0.08707692]]
[[-0.0082991  -0.01823612  0.06210404]]
[[-0.00503914 -0.01460066  0.05972045]]
[[-0.00208426 -0.00369576 -0.03549984]]
[[-0.00085188 -0.00162731 -0.03470168]]
[[-0.00626229 -0.01333722 -0.0635571 ]]
[[-0.00327591 -0.00984011 -0.0659999 ]]
[[-1.02431039 -0.16215327  0.10264504]]
[[-0.93662041  1.3656961   0.10876344]]
[[-0.00865394 -0.01284938  0.0639557 ]]
[[-0.00581654 -0.01000096  0.0658728 ]]
[[-0.00383068 -0.00354944  0.0351041 ]]
[[-0.00262169 -0.0017023   0.0343875 ]]
[[-0.0074135  -0.00875854 -0.07524636]]
[[-0.00407503 -0.00410845 -0.08275463]]
[[-0.21451124  0.14749227  0.01296057]]
[[-0.08452557  0.0643548   0.00480459]]
[[-0.01032446 -0.00800431  0.07518799]]
[[-0.0073467  -0.00418203  0.08244149]]
[[-0.13836591 -0.0605162   0.00976817]]
[[-0.24018661 -0.2161659   0.01788619]]
[[-0.00235596 -0.0879453   0.00102383]]
[[ 0.01099617 -0.10488914 -0.00146935]]
[[  6.90466228e-05  -2.33224628e-02  -5.72875115e-02]]
[[ 0.00303395 -0.02046477 -0.05764918]]
[[-0.00047027 -0.14041924  0.00137087]]
[[ 0.04376987 -0.22029301 -0.00405441]]
[[-0.00186707 -0.02310999  0.05767292]]
[[ 0.00109158 -0.02083332  0.05713569]]
[[ 0.00033304 -0.00640767 -0.03436521]]
[[ 0.00150939 -0.00481557 -0.03320594]]
[[ 0.00032688 -0.01767171 -0.05751852]]
[[ 0.00320029 -0.01495586 -0.05801874]]
[[ 0.00186021 -0.58215051  0.00533161]]
[[ 0.92589444 -1.4745045  -0.10926699]]
[[-0.00167125 -0.01747307  0.05776117]]
[[ 0.00111342 -0.01539804  0.05762109]]
[[-0.00131201 -0.00632167  0.03444622]]
[[-0.00015332 -0.00496316  0.03329955]]
[[ 0.00029665 -0.00129988 -0.02082551]]
[[ 0.00076642 -0.00060497 -0.02099319]]
[[ 0.00038585 -0.00338362 -0.03265952]]
[[ 0.00156434 -0.00190303 -0.0333841 ]]
[[ 0.00034822 -0.01295818 -0.06051635]]
[[ 0.00363953 -0.01071752 -0.06460975]]
[[-0.00145282 -0.05407872  0.00043949]]
[[ 0.94049162  1.14975794 -0.08847528]]
[[-0.00191159 -0.01277791  0.06073455]]
[[ 0.00113818 -0.01129101  0.06449193]]
[[-0.00133019 -0.00329898  0.03266633]]
[[-0.00018522 -0.00201934  0.03355539]]
[[-0.00070732 -0.00124178  0.02082804]]
[[-0.00024321 -0.0006842   0.02108672]]
[[ 0.00037837 -0.00057747 -0.03584834]]
[[ 0.00162809  0.00102901 -0.03853457]]
[[ 0.00025266 -0.00856506 -0.07139297]]
[[ 0.0042507  -0.00529706 -0.08051496]]
[[-0.00892731  0.44670213 -0.00425634]]
[[ 0.05622465  0.02603632 -0.00440079]]
[[-0.00259593 -0.00834917  0.07162995]]
[[ 0.0010109  -0.00596349  0.08096164]]
[[-0.00141971 -0.00047412  0.03581308]]
[[-0.00021548  0.00087504  0.03878556]]
[[ -1.75261422e-05  -1.44984507e-03  -9.21459143e-02]]
[[ 0.00479366  0.00420106 -0.10253222]]
[[-0.04455718 -0.14476935  0.00274869]]
[[ 0.03727936 -0.57550579 -0.01297434]]
[[-0.00373903 -0.00106081  0.09231434]]
[[ 0.00066581  0.0035737   0.10361543]]
[[-0.97076662 -1.45917337  0.11484508]]
[[ 0.00996712  0.04871845 -0.00561547]]
[[ 0.03728464 -0.11696223 -0.00074646]]
[[ 0.07819702 -0.13792469 -0.00490343]]
[[ 0.00636039 -0.01694647 -0.05819998]]
[[ 0.00958647 -0.0153747  -0.06044541]]
[[ 0.18619506 -0.26417209 -0.01029713]]
[[ 0.28719529 -0.19817127 -0.02171483]]
[[ 0.00430457 -0.01685764  0.05818062]]
[[ 0.00736648 -0.01600427  0.05982824]]
[[ 0.00277673 -0.00309449 -0.03335413]]
[[ 0.00402563 -0.00209109 -0.03567612]]
[[ 0.00673423 -0.01190379 -0.06046654]]
[[ 0.01066417 -0.01069988 -0.06623503]]
[[ 1.02119363  0.06225692 -0.10171641]]
[[ 0.3007403   0.03195208 -0.02117101]]
[[ 0.00443922 -0.01202849  0.06053425]]
[[ 0.00812306 -0.01163999  0.0661543 ]]
[[ 0.00106309 -0.00307264  0.03381939]]
[[ 0.0022737  -0.00230473  0.03629646]]
[[ 0.00772147 -0.00729893 -0.07168884]]
[[ 0.01241225 -0.00502612 -0.08258168]]
[[ 0.2015008   0.18037849 -0.01626476]]
[[ 0.12894805 -0.03260697 -0.00905535]]
[[ 0.00490611 -0.00759655  0.07226688]]
[[ 0.00930535 -0.00630121  0.08366766]]
[[ 0.11105226 -0.13316316 -0.00939835]]
[[ 0.26751368 -0.27567444 -0.03111929]]
[[ 0.11786247 -0.08963598 -0.00496254]]
[[ 0.12144616 -0.07415071 -0.00641035]]
[[ 0.01353006 -0.01029215 -0.06347791]]
[[ 0.01763316 -0.00990725 -0.06921155]]
[[ 0.2061023  -0.02058567 -0.01143955]]
[[ 0.13560886 -0.03292195 -0.00719191]]
[[ 0.01114012 -0.01063139  0.06341374]]
[[ 0.01517269 -0.01111541  0.06911341]]
[[ 0.14684717  0.01976234 -0.0084677 ]]
[[ 0.12636684 -0.03016665 -0.00944647]]
[[ 0.10874254 -0.0202542  -0.00550231]]
[[ 0.09888184 -0.0278004  -0.00676523]]
