[[-0.10159549 -0.01695323  0.03101695]]
[[-0.11990808  0.03907284  0.03390855]]
[[-0.12015297 -0.09800297  0.03240132]]
[[-0.28845815 -0.10268628  0.04685788]]
[[-0.07090807 -0.04186984 -0.03593571]]
[[-0.09354576 -0.02252821 -0.03372255]]
[[-0.19992184 -0.02554194  0.03908123]]
[[-0.28701298  0.15732301  0.05227072]]
[[-0.01182895 -0.00257029  0.05935227]]
[[-0.00908983  0.00254972  0.05689343]]
[[-0.1194859   0.05881166  0.03657536]]
[[-0.0823743   0.11198077  0.03966139]]
[[-0.04197629 -0.11447429  0.02613576]]
[[-0.04897791 -0.19284224  0.02578168]]
[[-0.04255793 -0.06800737 -0.03779911]]
[[-0.05401438 -0.07497124 -0.03605495]]
[[-0.18444373 -0.28315588  0.04179783]]
[[-0.93909224 -1.22868546  0.11738604]]
[[-0.00677805 -0.00847461  0.05862053]]
[[-0.00406078 -0.00418876  0.05442553]]
[[-0.00960457 -0.00885108 -0.06569405]]
[[-0.00710641 -0.00276754 -0.06914429]]
[[-0.07910239 -0.07209139 -0.03341082]]
[[-0.13556271 -0.07401579 -0.02979848]]
[[-1.01821536 -0.11821013  0.13281635]]
[[-0.92934745  1.42966475  0.14479095]]
[[-0.00645192 -0.00179192  0.05507071]]
[[-0.00399033  0.00191992  0.05285381]]
[[-0.00300743 -0.00089094  0.02874615]]
[[-0.00206133  0.00066891  0.02747057]]
[[-0.13895308 -0.0410682  -0.02951251]]
[[-0.23030586  0.04898805 -0.0211332 ]]
[[-0.18914658  0.22992664  0.04588189]]
[[-0.04868729  0.19282868  0.04299605]]
[[-0.00658382  0.00439465  0.05564535]]
[[-0.00419318  0.00831892  0.05508934]]
[[-0.04248096  0.09472565  0.03865903]]
[[-0.01767672  0.08743033  0.04057267]]
[[-0.00392032 -0.08114033  0.02083371]]
[[ 0.00877378 -0.09547768  0.02058777]]
[[-0.01160662 -0.06861591 -0.0388927 ]]
[[-0.00768652 -0.07847283 -0.03974145]]
[[-0.00269784 -0.12765258  0.02429455]]
[[ 0.04052688 -0.20270839  0.02235222]]
[[-0.0019669  -0.01458923  0.05775954]]
[[ 0.00043101 -0.01149326  0.05631365]]
[[-0.00275061 -0.01583582 -0.06243584]]
[[-0.00012691 -0.0119665  -0.06523241]]
[[-0.0267894  -0.08710987 -0.03637165]]
[[-0.03208442 -0.11857577 -0.03690732]]
[[-0.00096402 -0.55775122  0.03344815]]
[[ 0.92081398 -1.44014072 -0.07560192]]
[[-0.00174277 -0.00762935  0.05486979]]
[[ 0.0004415  -0.00462854  0.05278071]]
[[-0.00115325 -0.00317959  0.02944119]]
[[-0.0002577  -0.0019991   0.02794284]]
[[-0.00019902 -0.00176138 -0.03293585]]
[[ 0.00071412 -0.0002562  -0.03337177]]
[[-0.00348009 -0.00888311 -0.06553317]]
[[-0.00059955 -0.00404668 -0.07198185]]
[[-0.08509379 -0.139299   -0.03116265]]
[[-0.20236146 -0.27457212 -0.02492085]]
[[-0.00386465 -0.00589548  0.03538198]]
[[ 0.93201136  1.21889501 -0.04653138]]
[[-0.00171485 -0.00125798  0.05222057]]
[[ 0.00043098  0.00138071  0.05172118]]
[[-0.00114567 -0.00066444  0.02672046]]
[[-0.00026275  0.00046495  0.02679449]]
[[-0.00062221 -0.00031028  0.01733819]]
[[-0.00025179  0.00015923  0.01739069]]
[[-0.00418035 -0.00041853 -0.07582667]]
[[-0.00075862  0.00598741 -0.08383566]]
[[-0.32364915 -0.17675717 -0.01042464]]
[[-1.0775858   0.14771023  0.07269749]]
[[-0.00664122  0.5461812   0.03582512]]
[[ 0.04061805  0.18211396  0.04384404]]
[[-0.00180617  0.00473487  0.05225413]]
[[ 0.00039833  0.00763208  0.05348762]]
[[-0.00116394  0.00177191  0.0278361 ]]
[[-0.00023607  0.00293     0.02947752]]
[[-0.31627354  0.15623323 -0.01245143]]
[[-0.19252877  0.35749663 -0.01737884]]
[[-0.00553076  0.11685686  0.04075105]]
[[ 0.00771423  0.08411196  0.04355474]]
[[-0.0020179   0.01136863  0.0549444 ]]
[[ 0.00045607  0.01415599  0.05590508]]
[[-0.0055865   0.0745155   0.03891531]]
[[ 0.00346802  0.06649626  0.03910588]]
[[ 0.03395172 -0.10510623  0.0242676 ]]
[[ 0.07349421 -0.12179235  0.02434736]]
[[ 0.00094268 -0.10090668 -0.0383804 ]]
[[ 0.02047438 -0.14413016 -0.04210257]]
[[ 0.18069624 -0.24155723  0.02025627]]
[[ 0.27815192 -0.16745754  0.01431719]]
[[ 0.00281214 -0.00716658  0.0556842 ]]
[[ 0.00500174 -0.00529829  0.05533465]]
[[ 0.00305794 -0.00862741 -0.07033375]]
[[ 0.00663926 -0.004893   -0.07897184]]
[[-0.03304469 -0.23409176 -0.03428222]]
[[ 0.03190813 -0.62101145 -0.05058767]]
[[ 1.01024422  0.10675841 -0.06295311]]
[[ 0.2798791   0.09213397  0.0244469 ]]
[[ 0.00262393 -0.000804    0.0523957 ]]
[[ 0.00489095  0.00084396  0.05371424]]
[[ 0.0006408  -0.00047716  0.02772183]]
[[ 0.00156929  0.00025611  0.02911404]]
[[-0.95110766 -1.4911341   0.07256245]]
[[ 0.00425256  0.00621888 -0.04584936]]
[[ 0.17633335  0.27115466  0.03067345]]
[[ 0.07268591  0.09316705  0.04707591]]
[[ 0.00258027  0.005208    0.05301548]]
[[ 0.0051465   0.00718969  0.05650715]]
[[ 0.03085093  0.10244989  0.04512147]]
[[ 0.02992869  0.06947651  0.04800172]]
[[ 0.11054802 -0.07057802  0.02831432]]
[[ 0.11055251 -0.04966854  0.03140667]]
[[ 0.08475723 -0.20911749 -0.04527199]]
[[ 0.24174018 -0.31450906 -0.06733096]]
[[ 0.19032539  0.01427599  0.02918316]]
[[ 0.11091085  0.01092824  0.03957342]]
[[ 0.00736312 -0.00035512  0.05572332]]
[[ 0.00989796  0.00036014  0.05752022]]
[[ 0.10890035  0.08338451  0.04236727]]
[[ 0.06886677  0.04512849  0.04888975]]
[[ 0.09250354  0.00375605  0.03584099]]
[[ 0.0775262   0.00040828  0.03903905]]
