[[-0.09243594 -0.01178706  0.01938614]]
[[-0.11066196  0.04130933  0.01950747]]
[[-0.11327875 -0.08993336  0.02138962]]
[[-0.28176431 -0.09658336  0.03311642]]
[[-0.0201212  -0.00359527  0.00246015]]
[[-0.01612108  0.00632649  0.00499488]]
[[-0.19191451 -0.01965402  0.02477338]]
[[-0.27904481  0.16060101  0.03434828]]
[[-0.00950802 -0.00116814  0.05160736]]
[[-0.00709169  0.00308831  0.04901476]]
[[-0.11037621  0.06169146  0.01867983]]
[[-0.07369641  0.11112875  0.01834993]]
[[-0.03772925 -0.10470287  0.01754034]]
[[-0.04516662 -0.18392573  0.0147692 ]]
[[-0.01200876 -0.01463476  0.00485854]]
[[-0.00797424 -0.00636958  0.00860399]]
[[-0.17928768 -0.27441302  0.02898794]]
[[-0.93409057 -1.22129145  0.10078205]]
[[-0.00524104 -0.00616751  0.05135875]]
[[-0.00286836 -0.00258456  0.04729245]]
[[-0.23765005 -0.03570146 -0.00026786]]
[[-0.32087994  0.18376615  0.00927088]]
[[-0.01218061 -0.00244668  0.00734131]]
[[-0.00803462  0.005615    0.00993711]]
[[-1.01169104 -0.11142373  0.11499562]]
[[-0.92313793  1.43399406  0.12230053]]
[[-0.00488396 -0.00042957  0.04766022]]
[[-0.00273374  0.00260827  0.04521731]]
[[-0.00239739 -0.00043599  0.02467558]]
[[-0.0015987   0.00084699  0.02347114]]
[[-0.01198924  0.00914429  0.00671808]]
[[-0.00759257  0.01726621  0.00773166]]
[[-0.18158818  0.23319144  0.0237404 ]]
[[-0.0420189   0.19233242  0.0171526 ]]
[[-0.00492405  0.0048266   0.04736564]]
[[-0.00288097  0.00797543  0.04629122]]
[[-0.0347589   0.09304141  0.01469776]]
[[-0.01146754  0.08156953  0.01515738]]
[[-0.00217804 -0.0709375   0.01530382]]
[[ 0.00997683 -0.08515353  0.01306048]]
[[-0.00279144 -0.02529673  0.00309611]]
[[ 0.00108933 -0.02018409  0.00672171]]
[[-0.00033729 -0.11746104  0.01494658]]
[[ 0.04246722 -0.19284618  0.01000308]]
[[-0.00122396 -0.01146069  0.05077358]]
[[ 0.00087135 -0.00881182  0.04913918]]
[[-0.19396709 -0.34640145 -0.00172884]]
[[-0.95062625 -1.28300184  0.06689996]]
[[-0.0033838  -0.01398246  0.00858989]]
[[ 0.00049052 -0.00772433  0.01234318]]
[[ 0.00235475 -0.54824457  0.01864964]]
[[ 0.92356583 -1.43158448 -0.09484306]]
[[-0.00094472 -0.00537885  0.04778093]]
[[ 0.00096213 -0.0028979   0.04547634]]
[[-0.00084526 -0.0023506   0.02536323]]
[[ -8.61876997e-05  -1.39094503e-03   2.39640234e-02]]
[[-0.00198395 -0.00279075 -0.0863372 ]]
[[ 0.00171225  0.00327668 -0.08695179]]
[[-1.05412111 -0.12402357  0.08862208]]
[[-0.94685757  1.47175508  0.0926963 ]]
[[-0.00395218 -0.00162072  0.0120687 ]]
[[ 0.0002676   0.00477456  0.01406779]]
[[ 0.00058476  0.0016357   0.01372287]]
[[ 0.93550515  1.2242003  -0.07330391]]
[[ -8.43353937e-04   8.70402266e-05   4.48351269e-02]]
[[ 0.00098898  0.00218133  0.04381693]]
[[-0.00083522 -0.00024378  0.02286531]]
[[ -8.41286017e-05   6.79460154e-04   2.28196015e-02]]
[[-0.00047686 -0.00012167  0.01502139]]
[[-0.00016036  0.000263    0.01503235]]
[[-0.20421076  0.27960639 -0.0047486 ]]
[[-0.03838222  0.25069245 -0.01441506]]
[[-0.00388628  0.01039764  0.01107642]]
[[ 0.00054028  0.01668688  0.01122269]]
[[-0.00137032  0.5495619   0.00854811]]
[[ 0.04439974  0.18189976  0.01282926]]
[[-0.00088779  0.00512815  0.04407392]]
[[ 0.00095181  0.0073846   0.04447897]]
[[-0.00084391  0.00182176  0.02366587]]
[[ -5.18340764e-05   2.77205196e-03   2.49598014e-02]]
[[-0.003415    0.02179749  0.007188  ]]
[[ 0.00121745  0.02669026  0.00666939]]
[[-0.00031019  0.11451374  0.01240364]]
[[ 0.01099761  0.07792546  0.01392057]]
[[-0.00108221  0.01062029  0.04551257]]
[[ 0.00096924  0.01271709  0.04572343]]
[[-0.00120106  0.06688747  0.01347658]]
[[ 0.00571835  0.05619257  0.0144323 ]]
[[ 0.03437792 -0.09452282  0.01374934]]
[[ 0.07309467 -0.11116484  0.01059393]]
[[ 0.00544478 -0.01355229  0.01104764]]
[[ 0.00981642 -0.00923153  0.01390866]]
[[ 0.1817404  -0.23167205  0.00375825]]
[[ 0.27797362 -0.15823904 -0.0063972 ]]
[[ 0.00291997 -0.00491986  0.04807892]]
[[ 0.00479046 -0.00342505  0.04722419]]
[[ 0.00476006 -0.00809877 -0.02516929]]
[[ 0.98728649  1.25739695 -0.11828452]]
[[ 0.00483746 -0.00084815  0.01505743]]
[[ 0.00945702  0.0035934   0.01590784]]
[[ 1.01173244  0.11454317 -0.08736776]]
[[ 0.27965891  0.0981194  -0.00464506]]
[[ 0.00280371  0.00049287  0.04453526]]
[[ 0.00469124  0.00172706  0.04502882]]
[[  6.74747782e-04  -7.95591982e-05   2.36536667e-02]]
[[ 0.00147001  0.00050972  0.02473296]]
[[ 0.00465332  0.01159251  0.01418507]]
[[ 0.00963287  0.01589848  0.01330295]]
[[ 0.17816996  0.27438593 -0.00081738]]
[[ 0.07241275  0.09335541  0.0121139 ]]
[[ 0.00276221  0.00551339  0.04424108]]
[[ 0.00489629  0.00699981  0.04653625]]
[[ 0.03262604  0.0992989   0.01181999]]
[[ 0.02926477  0.06324895  0.01392572]]
[[ 0.10869073 -0.06085534  0.01071391]]
[[ 0.10694817 -0.04031361  0.01046149]]
[[  1.45329843e-02  -5.87343952e-05   1.52536208e-02]]
[[ 0.01920225  0.00234829  0.01485856]]
[[ 0.18819757  0.0215942   0.00406671]]
[[ 0.10652959  0.01703706  0.01069473]]
[[ 0.00674063  0.0008568   0.04691448]]
[[ 0.00883081  0.00130755  0.04781759]]
[[ 0.10641227  0.08609355  0.00921963]]
[[ 0.06390729  0.04562315  0.01317202]]
[[ 0.08664352  0.00999644  0.01176949]]
[[ 0.06945517  0.00600429  0.01264381]]
