[[-0.10073762 -0.00978989  0.03826843]]
[[-0.11748088  0.04679981  0.03761496]]
[[-0.12022033 -0.09094344  0.04649671]]
[[-0.28705072 -0.09395747  0.05759829]]
[[-0.1428077   0.05775718 -0.02973659]]
[[-0.09650578  0.12420498 -0.03025261]]
[[-0.19814062 -0.01657426  0.04598967]]
[[-0.28350836  0.16660819  0.0542319 ]]
[[-0.01126968 -0.00065912  0.06004981]]
[[-0.00843115  0.00436774  0.05682248]]
[[-0.11565076  0.06772062  0.03552123]]
[[-0.07735422  0.11943234  0.03352108]]
[[-0.04215521 -0.10977189  0.04486559]]
[[-0.04791537 -0.18592313  0.04266218]]
[[-1.06021602 -0.14251327  0.07345156]]
[[-0.94387423  1.45557558  0.07752519]]
[[-0.18344048 -0.27463163  0.05596909]]
[[-0.9364968  -1.21855993  0.12699208]]
[[-0.00632616 -0.00648123  0.06034068]]
[[-0.00353413 -0.00222807  0.05535507]]
[[-0.00641129  0.00319972 -0.07400964]]
[[-0.00288392  0.00902107 -0.06760448]]
[[-0.20887418  0.24981191 -0.02197903]]
[[-0.05272407  0.21581276 -0.02934444]]
[[-1.01531211 -0.10739014  0.13823908]]
[[-0.92502714  1.44032059  0.14358032]]
[[-0.00589353  0.0002414   0.05547161]]
[[-0.00334252  0.00385104  0.05246854]]
[[-0.00281226 -0.00025256  0.02876944]]
[[-0.00186938  0.00125733  0.02732038]]
[[-0.04695081  0.10617098 -0.03451055]]
[[-0.01629937  0.0977136  -0.03356565]]
[[-0.18446436  0.24014038  0.04154011]]
[[-0.04338017  0.20078593  0.03246622]]
[[-0.00588537  0.00638437  0.05472911]]
[[-0.00346397  0.01010409  0.05338345]]
[[-0.03711668  0.1017551   0.02740109]]
[[-0.01258991  0.09114932  0.0255078 ]]
[[-0.00344688 -0.07964077  0.03990327]]
[[ 0.01027081 -0.09211412  0.039579  ]]
[[-0.02578378 -0.61637098 -0.02567846]]
[[ 0.93181963 -1.47521993 -0.14517172]]
[[-0.0015397  -0.12202732  0.04257124]]
[[ 0.04295127 -0.19501767  0.03808577]]
[[-0.00157545 -0.01275246  0.06045925]]
[[ 0.00091083 -0.00958106  0.05830196]]
[[ -3.99842978e-05  -4.77558120e-03  -8.21176129e-02]]
[[ 0.00343445  0.00037107 -0.07592843]]
[[-0.00403321 -0.00194161 -0.03230445]]
[[ 0.94736329  1.24404055 -0.12205391]]
[[ 0.00134403 -0.54785113  0.0464687 ]]
[[ 0.92428238 -1.42897853 -0.06844167]]
[[-0.00127122 -0.00555264  0.05628294]]
[[ 0.00100551 -0.00259874  0.05339815]]
[[-0.00098609 -0.00248885  0.02970747]]
[[ -8.85537984e-05  -1.36546234e-03   2.80299249e-02]]
[[ 0.0003907   0.00045052 -0.03329282]]
[[ 0.00131501  0.00180313 -0.03273324]]
[[ 0.00010391  0.00435796 -0.07017324]]
[[ 0.00332989  0.00840057 -0.06544874]]
[[-0.00444586  0.57647018 -0.03859045]]
[[ 0.04946769  0.20482768 -0.03455745]]
[[-0.000159    0.00639192  0.03798761]]
[[ 0.93630725  1.23043526 -0.05200275]]
[[-0.00114414  0.00087786  0.05229123]]
[[ 0.00104685  0.00337897  0.05098233]]
[[ -9.74141477e-04  -2.48404729e-05   2.66801794e-02]]
[[ -8.26858872e-05   1.06245563e-03   2.65758160e-02]]
[[ -5.40537167e-04  -1.52549294e-05   1.73044852e-02]]
[[-0.00016657  0.00043461  0.01729637]]
[[ 0.00020225  0.01194715 -0.0641697 ]]
[[ 0.0033143   0.01533984 -0.06244727]]
[[-0.00225696  0.13352387 -0.03482251]]
[[ 0.01384854  0.09431686 -0.03386664]]
[[-0.00184912  0.55719146  0.02679387]]
[[ 0.04517147  0.19026243  0.02795348]]
[[-0.00115712  0.00677852  0.0510049 ]]
[[ 0.00104046  0.00944828  0.05139205]]
[[-0.00097917  0.00241448  0.02748612]]
[[ -3.53927672e-05   3.54162974e-03   2.89292613e-02]]
[[-0.00172756  0.08161266 -0.03531185]]
[[ 0.00825708  0.07050309 -0.0344378 ]]
[[-0.00059807  0.12362584  0.02472582]]
[[ 0.01174947  0.0873088   0.0238345 ]]
[[-0.00133332  0.01316805  0.0523832 ]]
[[ 0.00111673  0.01561633  0.05256022]]
[[-0.00142199  0.07668892  0.02135046]]
[[ 0.00652302  0.06579724  0.02047831]]
[[ 0.03646201 -0.09859276  0.04162621]]
[[ 0.0768904  -0.11359059  0.03824742]]
[[ 1.03979177  0.11403506 -0.14079302]]
[[ 0.31160046  0.10518799 -0.05852911]]
[[ 0.18395254 -0.2307495   0.03102539]]
[[ 0.28173027 -0.15598379  0.01838912]]
[[ 0.00333997 -0.00501341  0.05683093]]
[[ 0.00558485 -0.00323379  0.05565372]]
[[ 0.00663362  0.00502245 -0.07068893]]
[[ 0.009719    0.00746151 -0.06809752]]
[[ 0.1945914   0.29810609 -0.05059029]]
[[ 0.08955234  0.10843207 -0.03822279]]
[[ 1.01391677  0.11966602 -0.0639511 ]]
[[ 0.28306151  0.10383163  0.01517258]]
[[ 0.003197    0.00136771  0.05212671]]
[[ 0.0054576   0.00284392  0.05257081]]
[[ 0.00081008  0.00017288  0.02760797]]
[[ 0.00175926  0.000867    0.02880339]]
[[ 0.04088729  0.11797313 -0.03697199]]
[[ 0.03940005  0.07672157 -0.03712404]]
[[ 0.18007403  0.28222942  0.01678465]]
[[ 0.07534288  0.1012647   0.02655445]]
[[ 0.00316041  0.00726734  0.0513452 ]]
[[ 0.00572483  0.00902006  0.0539029 ]]
[[ 0.03430504  0.1086291   0.02382988]]
[[ 0.03207587  0.07232587  0.02367079]]
[[ 0.11402831 -0.05963569  0.03642012]]
[[ 0.11351053 -0.03870806  0.0328888 ]]
[[ 0.1351017   0.09916828 -0.04446361]]
[[ 0.08750118  0.05017199 -0.04111335]]
[[ 0.19310568  0.02669209  0.02522242]]
[[ 0.11238368  0.02192749  0.02832404]]
[[ 0.00790919  0.00179571  0.0550964 ]]
[[ 0.0104139   0.00232996  0.05597421]]
[[ 0.11068193  0.09380857  0.02538337]]
[[ 0.06921504  0.05291262  0.02654318]]
[[ 0.09404387  0.01477308  0.03035291]]
[[ 0.07756435  0.01003544  0.02785911]]
