[[-0.12298896 -0.03837694  0.00713516]]
[[-0.15111723  0.01764022  0.00757818]]
[[-0.13252029 -0.12218554  0.00816391]]
[[-0.30579875 -0.13248391  0.02011389]]
[[-0.01587243 -0.01102457 -0.07119243]]
[[-0.01311286 -0.00394045 -0.07300301]]
[[-0.22436406 -0.05872021  0.0129821 ]]
[[-0.32557561  0.11804838  0.02244926]]
[[-0.01846207 -0.01056146  0.07176944]]
[[-0.0158173  -0.00410156  0.07311198]]
[[-0.16637936  0.02036261  0.00784747]]
[[-0.15702787  0.08036034  0.00781957]]
[[-0.04691635 -0.13387129  0.00381137]]
[[-0.05473178 -0.21783323  0.00108176]]
[[-0.00819391 -0.01804195 -0.06646023]]
[[-0.00510721 -0.01271989 -0.0652782 ]]
[[-0.19479941 -0.31420825  0.01611777]]
[[-0.95413429 -1.27088862  0.08732981]]
[[-0.010528   -0.01786586  0.06698561]]
[[-0.00744015 -0.01317108  0.06511694]]
[[-0.00260288 -0.00292872 -0.03674607]]
[[-0.00133766 -0.00057787 -0.03574181]]
[[-0.0087903  -0.01110999 -0.06809515]]
[[-0.00603707 -0.00591915 -0.07077456]]
[[-1.0442157  -0.16867685  0.10312999]]
[[-0.97234113  1.36027577  0.10950573]]
[[-0.01131423 -0.01081634  0.06844293]]
[[-0.0087095  -0.00632742  0.07078629]]
[[-0.00440053 -0.00282093  0.03638901]]
[[-0.00315254 -0.00069117  0.03551828]]
[[-0.0102448  -0.00382672 -0.07738546]]
[[-0.00724005  0.00311877 -0.08351148]]
[[-0.25312161  0.15849304  0.01354027]]
[[-0.1734825   0.10985854  0.00856031]]
[[-0.01315006 -0.00338208  0.07749169]]
[[-0.01039767  0.00276293  0.08368291]]
[[-0.1671373   0.04214617  0.00730504]]
[[-0.23822107  0.1164295   0.0148395 ]]
[[-0.00476703 -0.09439268  0.00112711]]
[[ 0.00843891 -0.11251517 -0.00154006]]
[[-0.00120406 -0.02421264 -0.06261768]]
[[ 0.00174137 -0.0207577  -0.0637334 ]]
[[-0.0049715  -0.14914438  0.00153534]]
[[ 0.03832408 -0.23137256 -0.00409873]]
[[-0.00334184 -0.02407192  0.06297923]]
[[-0.00044144 -0.02128178  0.06321589]]
[[ -3.99770641e-05  -5.94615003e-03  -3.62100966e-02]]
[[ 0.00116291 -0.00413049 -0.0349457 ]]
[[-0.00145216 -0.01756297 -0.06336283]]
[[ 0.00130728 -0.01390609 -0.06484281]]
[[-0.00756511 -0.59543998  0.0056212 ]]
[[ 0.913474   -1.49361809 -0.10934469]]
[[-0.00367916 -0.01747926  0.06357552]]
[[-0.00105918 -0.01454207  0.06453733]]
[[-0.00176645 -0.0058859   0.03633979]]
[[-0.00057966 -0.00430936  0.03513512]]
[[ 0.00015434 -0.0009868  -0.02129659]]
[[ 0.00063366 -0.00022473 -0.02140829]]
[[ -4.06064159e-05  -2.63659808e-03  -3.40656380e-02]]
[[ 0.00116423 -0.00089854 -0.03465586]]
[[-0.00210118 -0.01118716 -0.06678462]]
[[ 0.00095655 -0.00737446 -0.07194194]]
[[-0.02449639 -0.07678189  0.00101531]]
[[ 0.90282219  1.10744446 -0.08834777]]
[[-0.00459048 -0.01115392  0.06702846]]
[[-0.00181472 -0.00812066  0.07210786]]
[[-0.00182119 -0.00257348  0.03412926]]
[[-0.00064416 -0.00103243  0.03494167]]
[[-0.00086993 -0.00093337  0.02133025]]
[[-0.00039377 -0.00030804  0.02155056]]
[[ -9.17683515e-05   5.40131468e-04  -3.67323475e-02]]
[[ 0.00118589  0.00242141 -0.03920417]]
[[-0.0029327  -0.00403551 -0.07649539]]
[[ 0.00062704  0.00154433 -0.08549918]]
[[-0.08456806  0.40660615 -0.00133157]]
[[-0.1584444  -0.10097625  0.00793681]]
[[-0.00589459 -0.00394319  0.07685862]]
[[-0.00270212  0.00085011  0.08637204]]
[[-0.00192514  0.00062773  0.03677612]]
[[-0.00068075  0.00226398  0.03959746]]
[[-0.0037519   0.00655217 -0.09100833]]
[[ 0.00054676  0.01406673 -0.09840435]]
[[-0.32241372 -0.07313743  0.02222832]]
[[-1.0677389   0.2116513   0.10606037]]
[[-0.00721106  0.00687094  0.09140836]]
[[-0.00318613  0.01357302  0.09981553]]
[[-0.31642272  0.20696977  0.02106854]]
[[-0.18853481  0.39524487  0.01591739]]
[[ 0.0348012  -0.12771093 -0.00072847]]
[[ 0.07624016 -0.15185731 -0.00521978]]
[[ 0.00505011 -0.01727873 -0.06534254]]
[[ 0.00832183 -0.01493682 -0.06894539]]
[[ 0.18057969 -0.28221059 -0.01021967]]
[[ 0.28330744 -0.22414521 -0.02237343]]
[[ 0.00270367 -0.01732882  0.06543825]]
[[ 0.00575809 -0.01580071  0.0686318 ]]
[[ 0.00243949 -0.0023797  -0.03502735]]
[[ 0.00371745 -0.00114337 -0.03727933]]
[[ 0.00473201 -0.01073643 -0.06868509]]
[[ 0.00864859 -0.00818122 -0.07611264]]
[[ 1.00745111  0.02337791 -0.1017055 ]]
[[ 0.29291199 -0.04128699 -0.02348427]]
[[ 0.00210084 -0.01099569  0.06901164]]
[[ 0.00571474 -0.0092835   0.07667125]]
[[ 0.00064912 -0.00236369  0.03559813]]
[[ 0.00189556 -0.00135769  0.03806466]]
[[ 0.00476405 -0.00352105 -0.08030743]]
[[ 0.00937754  0.00079696 -0.09204615]]
[[ 0.14243885  0.03618359 -0.01433739]]
[[ 0.09845418 -0.5358167  -0.01837115]]
[[ 0.00163768 -0.0038055   0.08129676]]
[[ 0.00591554 -0.00035331  0.09396905]]
[[-0.92165376 -1.40384937  0.10408021]]
[[ 0.02696855  0.05559426 -0.01231263]]
[[ 0.11839636 -0.108484   -0.00528095]]
[[ 0.12726496 -0.09893522 -0.00765413]]
[[ 0.01242155 -0.00964153 -0.07353185]]
[[ 0.01685197 -0.00817757 -0.08088438]]
[[ 0.2102445  -0.06020527 -0.01248523]]
[[ 0.15911727 -0.09358235 -0.01127407]]
[[ 0.00964897 -0.0101357   0.0740509 ]]
[[ 0.01399888 -0.00959904  0.08179785]]
[[ 0.18088029 -0.12717495 -0.01390017]]
[[ 0.29148273 -0.27549413 -0.03314078]]
[[ 0.12475923 -0.04648786 -0.00733277]]
[[ 0.12790999 -0.05867929 -0.01058968]]
