[[-1.94118335 -2.11259756  1.21851769]]
[[-2.7505668  -2.56949851 -1.90235735]]
[[-3.19010118 -5.15033647 -0.23880868]]
[[-5.55849867 -4.11141475  0.52212088]]
[[ 0.29105064  0.06283798 -0.12740052]]
[[ 0.11094819  0.13258528 -0.1763692 ]]
[[ 0.31734212  0.06916283 -0.2414543 ]]
[[-2.28363943 -2.10718401  1.31282435]]
[[ 0.20903509  0.06361352 -0.00268955]]
[[ 0.07601795  0.133404   -0.09683176]]
[[-2.00274846 -0.42814418  0.38667557]]
[[ 1.21976025  0.23726633  1.13536555]]
[[-0.82066871 -2.22260894 -3.1284165 ]]
[[-2.9382605  -0.92421744  5.83790372]]
[[ 0.29057179 -0.09785549  0.35721183]]
[[-0.27247871 -0.04577631 -0.87790223]]
[[-0.48384897  1.30441594 -1.36626323]]
[[-2.9244189  -1.03900417 -2.01270797]]
[[ 0.23703286  0.00142399  0.46996426]]
[[-0.13026802  0.00587878 -0.70828162]]
[[-0.01410652 -0.02499445 -0.04498407]]
[[-0.03183435 -0.00137388  0.03394342]]
[[ 0.31107687  0.39266442  0.4937805 ]]
[[ 0.02609396  0.5052028   0.19718414]]
[[-1.75509557 -1.12679981  0.19626552]]
[[ 1.35959721  2.14334376 -2.1490723 ]]
[[ 0.17795654  0.28071352  0.35074032]]
[[ 0.03571513  0.35375475  0.18557793]]
[[-0.017357   -0.02151619 -0.01585236]]
[[-0.03292748  0.01004751  0.05392651]]
[[-0.18111588  0.47929978 -0.13065857]]
[[ 0.17481839  0.17015789  0.57285155]]
[[-4.06758003 -4.10439067 -1.58638021]]
[[-0.433241   -1.70822523  1.03313383]]
[[-0.11135455  0.3042012  -0.21969668]]
[[ 0.06680264  0.10662502  0.40110149]]
[[ 2.66673954 -1.58587691 -0.93851363]]
[[-0.39317474 -1.24690535 -0.20641829]]
[[-0.66611554 -3.22634062  2.84800333]]
[[-2.40576885 -2.44967736 -4.63881277]]
[[ 0.00719766 -0.03957325 -0.4318581 ]]
[[-0.37538633 -0.2560394   0.94709501]]
[[-0.63226892 -1.036419   -1.8545953 ]]
[[-2.56507822 -1.86407875  0.8104133 ]]
[[ 0.02230399  0.03337886 -0.17252831]]
[[-0.17435435 -0.14192684  0.72743478]]
[[ 0.01748818  0.00158124 -0.00717571]]
[[-0.00376633  0.0037904  -0.01665076]]
[[ 0.53012816  0.74899246  0.05982692]]
[[ 0.65696066  0.10867876 -0.10786981]]
[[-1.41582841 -1.40985183 -2.83726294]]
[[-1.45600801 -0.79029061  1.44005633]]
[[ 0.3688118   0.47123235 -0.00485403]]
[[ 0.45047219  0.08590794 -0.02365476]]
[[ 0.02519517  0.01518065  0.0375733 ]]
[[ 0.00990383  0.01537544 -0.0155552 ]]
[[ 0.00410683  0.00207245 -0.01390319]]
[[ 0.00357182 -0.00055851  0.0009259 ]]
[[-0.01951941  0.01171581  0.00561384]]
[[-0.01396692 -0.00067757 -0.02117984]]
[[-0.18393435 -0.07745104  0.37598992]]
[[ 0.12160815  0.47443617 -0.27283096]]
[[-4.3390563  -2.41182864  5.70377801]]
[[-2.69597204 -0.57745585 -3.96780494]]
[[-0.13549353 -0.04602137  0.27016131]]
[[ 0.04783851  0.29808179 -0.27984349]]
[[-0.03614837  0.00790948  0.00704353]]
[[-0.03260211  0.00990278 -0.0183289 ]]
[[ 0.00458619  0.00340495  0.01124642]]
[[ 0.00433164 -0.0020891   0.00246767]]
[[-0.00593844 -0.0071844  -0.03326722]]
[[ 0.00319404 -0.00381909 -0.00389677]]
[[-0.02438461 -0.2121957  -0.56866699]]
[[-0.54402901 -0.11354144  0.3709025 ]]
[[ 0.69933504  2.39778119  1.21856342]]
[[-1.20641229 -0.41290534  3.33801649]]
[[-0.00259535 -0.10946017 -0.39945991]]
[[-0.44315879 -0.05700128  0.26532851]]
[[-0.01003995  0.00582976 -0.02956386]]
[[-0.00113985 -0.01145747  0.02668896]]
[[-0.21776165  0.27470338 -0.21556044]]
[[-0.01826489 -0.26376748 -0.28906297]]
[[ 3.4316274   3.91336178 -2.80937896]]
[[ 3.01135672  4.50279835  2.01887687]]
[[-0.2208706   0.22388691 -0.19867854]]
[[ 0.01747712 -0.20580018 -0.2819307 ]]
[[-1.74425748  1.34314583  2.47034921]]
[[ 1.5829211   0.99893922 -5.41742743]]
[[ 0.52473571 -0.95836141 -4.84967977]]
[[-2.65291127  0.89347201  7.16340276]]
[[-0.25569324 -0.11747141 -0.13839019]]
[[ 0.35519241 -0.55149871  0.27424823]]
[[ 1.09805782  3.4205161   0.22448201]]
[[ 0.32024573  1.04851948 -0.84179415]]
[[-0.13878939 -0.03357531 -0.00465019]]
[[ 0.28530997 -0.32142336  0.24015472]]
[[-0.00450078 -0.0047727  -0.01289889]]
[[-0.00290599 -0.01186021 -0.01244738]]
[[ 0.34737696 -0.51322316 -0.83830521]]
[[-0.38772441  0.04801323 -0.04246454]]
[[-1.6367412   0.52610487  5.3331728 ]]
[[ 0.35806961  1.21051283 -2.85502881]]
[[ 0.21680282 -0.36696381 -0.66604251]]
[[-0.20730801  0.03932113 -0.01554466]]
[[-0.00813299 -0.00940187  0.01147604]]
[[-0.00863225 -0.0144322   0.01707792]]
[[-0.00082359 -0.00046624 -0.01046778]]
[[-0.00020929 -0.00133465 -0.00497738]]
[[ 0.01976192  0.00451435  0.00158548]]
[[ 0.00244051 -0.00057358  0.00761496]]
[[ 0.21603619 -0.31390137 -0.35832104]]
[[ 0.25781159  0.23213017 -0.74123667]]
[[-2.74791709 -2.14393534 -3.68492073]]
[[ 0.31268946 -1.81905863  6.29154127]]
[[ 0.17310462 -0.22565753 -0.27199315]]
[[ 0.10582045  0.11356802 -0.64202325]]
[[ 0.01777912  0.00139128 -0.02704492]]
[[ 0.01227236 -0.01065637  0.0374664 ]]
[[-0.0028609  -0.00121664  0.01540242]]
[[-0.00150738 -0.00391561 -0.00229397]]
[[ 0.00020275  0.00017908 -0.00645276]]
[[  4.27535183e-04   2.70099232e-06  -5.35029649e-03]]
[[ 0.00732948  0.00202236 -0.00126675]]
[[ 0.00666604  0.00072207 -0.00441589]]
[[-0.01861261 -0.00118     0.00552218]]
[[-0.00651658  0.00076573  0.00961948]]
[[-0.54072115  0.1014987   0.78053812]]
[[-0.30742039 -0.32697566  0.02189704]]
[[ 0.24330088 -0.20310519 -3.2137963 ]]
[[ 0.69175526  0.2109723   1.06904001]]
[[-0.3561857   0.11110553  0.59412665]]
[[-0.17169691 -0.26776865  0.03344541]]
[[-0.03243095 -0.00125632  0.02267846]]
[[-0.02958032 -0.00809309 -0.00058046]]
[[ 0.01021686  0.00160633  0.00346306]]
[[ 0.00860026 -0.0003643   0.00389364]]
[[ 0.00135213  0.00204897  0.00589009]]
[[ 0.00120802  0.00254233  0.00627581]]
[[ -1.39672413e-05  -1.07446582e-03  -3.45733146e-03]]
[[-0.0008742   0.00026622 -0.01012418]]
[[-0.0017105  -0.00764302  0.01102436]]
[[-0.00736753  0.0008971  -0.00540054]]
[[ 0.47349366  0.43975608 -0.00700646]]
[[-0.2224376   0.04620905  0.61618163]]
[[ 1.09820905  0.79741777  2.25207004]]
[[ 4.02093901  1.35873762 -6.4312799 ]]
[[ 0.27662327  0.25100743 -0.09828952]]
[[-0.20307306  0.0624218   0.49758528]]
[[ 0.00427016 -0.00299288  0.03577587]]
[[ 0.02553358 -0.01725024 -0.01562675]]
[[ 0.0002295  -0.00304641 -0.00200854]]
[[-0.00258111  0.00219431  0.0140984 ]]
[[ 0.00108781  0.00931892 -0.00373441]]
[[ 0.00622726  0.00494531 -0.01887447]]
[[-0.30530102 -0.04471146 -0.21079095]]
[[ 0.25513061  0.24745846 -0.35934522]]
[[-0.97369914 -3.77328888 -3.49176541]]
[[ 0.97862916 -1.01616977  3.2313379 ]]
[[-0.26053339 -0.10902215 -0.17330149]]
[[ 0.06779207  0.18270396 -0.31322857]]
[[-0.00047541 -0.03738806 -0.01002696]]
[[-0.02212297 -0.01118314  0.02333507]]
[[-0.44332004 -0.36433276  0.94330057]]
[[-0.22910988 -0.44562742 -0.66217626]]
[[ 1.55769649 -2.01941538  1.63296399]]
[[-2.03585112 -5.18957761  1.07976881]]
[[-0.3348067  -0.18390637  0.74622893]]
[[-0.13176845 -0.30663997 -0.46471306]]
[[ 3.63646646  0.98057169  4.23206646]]
[[ 0.23633628  1.62535413 -2.60469237]]
[[-0.18236872 -1.80631673 -5.8304161 ]]
[[ 1.38573417 -1.19182956  1.50606134]]
[[-0.19804145  0.27122311  0.28179653]]
[[-0.06223374 -0.05945292 -0.22151143]]
[[-2.01077473 -3.32104175  3.16085546]]
[[-3.41148667 -2.91064611 -5.11345218]]
[[-0.12267169  0.20348562  0.21884629]]
[[-0.00368393 -0.08559381 -0.2068928 ]]
[[ 0.00916607 -0.00577133  0.00188802]]
[[ 0.00062708  0.00421555 -0.02022204]]
[[ 0.09898212  0.02384139  0.76239318]]
[[ 0.035203    0.17487357  0.362564  ]]
[[ 0.9741201   0.50595567  1.73599183]]
[[ 1.00627632 -1.9021696   0.41907471]]
[[ 0.12994557  0.02867765  0.5897937 ]]
[[-0.02120632  0.13587632  0.30412939]]
[[ 0.01584475 -0.01326374  0.00644157]]
[[ 0.00867176  0.00467329 -0.0296518 ]]
[[ 0.00562536 -0.00014888  0.00095488]]
[[ 0.00487099  0.00266774 -0.01070988]]
[[-0.02125464 -0.00464921 -0.02479863]]
[[-0.0102205  -0.00600572  0.00558448]]
[[ 0.03829458  0.26539297 -0.01406086]]
[[-0.14431448  0.17134036  0.36031099]]
[[ 3.00331907  0.56053205 -5.88713158]]
[[ 2.29705867  2.88242182  2.14552208]]
[[ 0.01831142  0.14438626 -0.06034712]]
[[-0.10964679  0.14489293  0.25706476]]
[[-0.03308217 -0.00554922 -0.02379561]]
[[-0.03814301  0.02534854  0.01236163]]
[[ 0.00784878 -0.00170198  0.00144091]]
[[ 0.00489696  0.00622207  0.01165461]]
[[ 0.00071027  0.00189898 -0.02389162]]
[[-0.00038833 -0.00246644 -0.00374315]]
[[-0.01983834  0.08376929 -0.92016098]]
[[ 0.20930839  0.36875986 -0.17098251]]
[[ 0.09541443  0.12417177  6.0658934 ]]
[[ 0.93216796  0.91494229 -6.49182457]]
[[-0.14204284  0.06151916 -0.68327563]]
[[ 0.07063656  0.20339342 -0.21215389]]
[[ 0.00639334  0.01014568 -0.01206394]]
[[ 0.02552088  0.01903636  0.03367558]]
[[-0.75060406 -0.46467626  0.21024946]]
[[-0.22796054 -0.61289321 -0.15205581]]
[[ 2.40951058  3.35378387  6.5560338 ]]
[[ 1.0925907   0.95423294  2.53766422]]
[[-0.54629871 -0.28979561  0.16268636]]
[[-0.20602601 -0.4542369  -0.01770969]]
[[  5.74477765   2.69047422 -11.8199914 ]]
[[ 1.0297814   6.86038362  8.23981322]]
[[-0.02657312  0.82403918  0.58266944]]
[[-2.50658945  0.74850076  1.45914881]]
[[-0.08176157 -0.00761981 -0.67201678]]
[[ 0.06739175  0.04428028  0.60785744]]
[[ 0.44735453  0.65155137  1.5716592 ]]
[[ 3.96787056  2.2375137   1.25358467]]
[[-0.08802791 -0.00951543 -0.54461139]]
[[ 0.06644142 -0.04471378  0.44783143]]
[[-0.01020687 -0.00153302  0.03003561]]
[[-0.00670867 -0.01172345 -0.04001173]]
[[-0.01728954 -0.01149702 -0.46128561]]
[[-0.14722095 -0.07811058 -0.723813  ]]
[[-0.9631985  -1.44814575 -1.99112388]]
[[ 1.04589728  0.19247633  0.64716385]]
[[-0.04630209 -0.11321785 -0.36548265]]
[[-0.18123224 -0.13688528 -0.5743052 ]]
[[-0.0482259   0.01693042  0.07037829]]
[[-0.0143199  -0.03421919 -0.03915861]]
[[-0.26223331 -0.04612149  1.26045196]]
[[ 0.01226197 -0.33067107 -0.7700825 ]]
[[ 2.23689232  0.11775943 -0.48952784]]
[[-1.19358167 -1.23936813  1.44290048]]
[[-0.20787353 -0.06741608  0.96979394]]
[[-0.07014248 -0.27505989 -0.48644415]]
[[ 2.84250822  2.06772995 -0.04416925]]
[[ 1.90735842  2.2134584  -0.56597411]]
[[-0.61412999 -1.51006076 -1.85580396]]
[[ 1.0866241   0.36022612 -1.05506771]]
[[ 0.07850123  0.11170539  0.10991669]]
[[-0.01467609  0.09022105  0.13332621]]
[[ 1.80274719  1.82804601  1.46528665]]
[[ 0.04802821 -0.76044791 -2.6536967 ]]
[[ 0.02891499  0.0541109   0.05204661]]
[[-0.08032017  0.06663134  0.20131677]]
[[ 3.91942114  2.70048424  0.0643147 ]]
[[ 1.36759764  3.46882525  0.59351609]]
[[ 3.00740249  1.85791566  1.81423471]]
[[ 1.59006317  2.40990297  0.22292519]]
