c\b	mol	0	1	2	3	4	5	6	7	8	9	10	11	12
0	0	[]	[]	[]	[]	[]	[]	[]	[]	[]	[]	[]	[]	[]
0	1	[]	[]	[]	[]	[]	[]	[]	[]	[]	[]	[]	[]	[]
0	2	[]	[]	[]	[]	[]	[]	[]	[]	[]	[]	[]	[]	[]
0	3	[]	[]	[]	[]	[]	[]	[]	[]	[]	[]	[]	[]	[]
1	0	[]	[]	[]	[]	[]	[]	[]	[]	[]	[]	[]	[]	[]
1	1	[]	[]	[]	[]	[]	[]	[]	[]	[]	[]	[]	[]	[]
1	2	[]	[]	[]	[]	[]	[]	[]	[]	[]	[]	[]	[]	[]
1	3	[]	[]	[]	[]	[]	[]	[]	[]	[]	[]	[]	[]	[]
2	0	[]	[]	[]	[]	[]	[]	[]	[]	[]	[]	[]	[]	[]
2	1	[]	[]	[]	[]	[]	[]	[]	[]	[]	[]	[]	[]	[]
2	2	[]	[]	[]	[]	[]	[]	[]	[]	[]	[]	[]	[]	[]
2	3	[]	[]	[]	[]	[]	[]	[]	[]	[]	[]	[]	[]	[]
3	0	[]	[]	[]	[]	[]	[]	[]	[]	[]	[]	[]	[]	[]
3	1	[]	[]	[]	[]	[]	[]	[]	[]	[]	[]	[]	[]	[]
3	2	[]	[]	[]	[]	[]	[]	[]	[]	[]	[]	[]	[]	[]
3	3	[]	[]	[]	[]	[]	[]	[]	[]	[]	[]	[]	[]	[]
4	0	[]	[]	[]	[]	[]	[]	[]	[]	[]	[]	[]	[]	[]
4	1	[]	[]	[]	[]	[]	[]	[]	[]	[]	[]	[]	[]	[]
4	2	[]	[]	[]	[]	[]	[]	[]	[]	[]	[]	[]	[]	[]
4	3	[]	[]	[]	[]	[]	[]	[]	[]	[]	[]	[]	[]	[]
5	0	[]	[]	[]	[]	[]	[]	2.14834428877	[]	[]	[]	[]	[]	[]
5	1	[]	[]	[]	[]	[]	[]	3.84726831549	[]	[]	[]	[]	[]	[]
5	2	[]	[]	[]	[]	[]	[]	3.9166686968	[]	[]	[]	[]	[]	[]
5	3	[]	[]	[]	[]	[]	[]	2.08331269407	[]	[]	[]	[]	[]	[]
6	0	[]	[]	[]	[]	[]	3.34841272961	3.9279381143	3.50299113915	[]	[]	[]	[]	[]
6	1	[]	[]	[]	[]	[]	2.93714381494	2.70897994222	3.76997196857	[]	[]	[]	[]	[]
6	2	[]	[]	[]	[]	[]	4.14561861374	2.65611840148	2.91682794936	[]	[]	[]	[]	[]
6	3	[]	[]	[]	[]	[]	4.52560192074	4.19408818629	3.13761818583	[]	[]	[]	[]	[]
7	0	[]	[]	[]	[]	[]	[]	3.42927298776	[]	[]	[]	[]	[]	[]
7	1	[]	[]	[]	[]	[]	[]	2.96335321953	[]	[]	[]	[]	[]	[]
7	2	[]	[]	[]	[]	[]	[]	3.44586922416	[]	[]	[]	[]	[]	[]
7	3	[]	[]	[]	[]	[]	[]	3.3754406073	[]	[]	[]	[]	[]	[]
8	0	[]	[]	[]	[]	[]	[]	[]	[]	[]	[]	[]	[]	[]
8	1	[]	[]	[]	[]	[]	[]	[]	[]	[]	[]	[]	[]	[]
8	2	[]	[]	[]	[]	[]	[]	[]	[]	[]	[]	[]	[]	[]
8	3	[]	[]	[]	[]	[]	[]	[]	[]	[]	[]	[]	[]	[]
9	0	[]	[]	[]	[]	[]	[]	[]	[]	[]	[]	[]	[]	[]
9	1	[]	[]	[]	[]	[]	[]	[]	[]	[]	[]	[]	[]	[]
9	2	[]	[]	[]	[]	[]	[]	[]	[]	[]	[]	[]	[]	[]
9	3	[]	[]	[]	[]	[]	[]	[]	[]	[]	[]	[]	[]	[]
10	0	[]	[]	[]	[]	[]	[]	[]	[]	[]	[]	[]	[]	[]
10	1	[]	[]	[]	[]	[]	[]	[]	[]	[]	[]	[]	[]	[]
10	2	[]	[]	[]	[]	[]	[]	[]	[]	[]	[]	[]	[]	[]
10	3	[]	[]	[]	[]	[]	[]	[]	[]	[]	[]	[]	[]	[]
11	0	[]	[]	[]	[]	[]	[]	[]	[]	[]	[]	[]	[]	[]
11	1	[]	[]	[]	[]	[]	[]	[]	[]	[]	[]	[]	[]	[]
11	2	[]	[]	[]	[]	[]	[]	[]	[]	[]	[]	[]	[]	[]
11	3	[]	[]	[]	[]	[]	[]	[]	[]	[]	[]	[]	[]	[]
12	0	[]	[]	[]	[]	[]	[]	[]	[]	[]	[]	[]	[]	[]
12	1	[]	[]	[]	[]	[]	[]	[]	[]	[]	[]	[]	[]	[]
12	2	[]	[]	[]	[]	[]	[]	[]	[]	[]	[]	[]	[]	[]
12	3	[]	[]	[]	[]	[]	[]	[]	[]	[]	[]	[]	[]	[]