c\b	mol	0	1	2	3	4	5	6	7	8	9	10	11	12
0	0	[]	[]	[]	[]	[]	[]	[]	[]	[]	[]	[]	[]	[]
0	1	[]	[]	[]	[]	[]	[]	[]	[]	[]	[]	[]	[]	[]
0	2	[]	[]	[]	[]	[]	[]	[]	[]	[]	[]	[]	[]	[]
0	3	[]	[]	[]	[]	[]	[]	[]	[]	[]	[]	[]	[]	[]
1	0	[]	[]	[]	[]	[]	[]	[]	[]	[]	[]	[]	[]	[]
1	1	[]	[]	[]	[]	[]	[]	[]	[]	[]	[]	[]	[]	[]
1	2	[]	[]	[]	[]	[]	[]	[]	[]	[]	[]	[]	[]	[]
1	3	[]	[]	[]	[]	[]	[]	[]	[]	[]	[]	[]	[]	[]
2	0	[]	[]	[]	[]	[]	[]	[]	[]	[]	[]	[]	[]	[]
2	1	[]	[]	[]	[]	[]	[]	[]	[]	[]	[]	[]	[]	[]
2	2	[]	[]	[]	[]	[]	[]	[]	[]	[]	[]	[]	[]	[]
2	3	[]	[]	[]	[]	[]	[]	[]	[]	[]	[]	[]	[]	[]
3	0	[]	[]	[]	[]	[]	[]	[]	[]	[]	[]	[]	[]	[]
3	1	[]	[]	[]	[]	[]	[]	[]	[]	[]	[]	[]	[]	[]
3	2	[]	[]	[]	[]	[]	[]	[]	[]	[]	[]	[]	[]	[]
3	3	[]	[]	[]	[]	[]	[]	[]	[]	[]	[]	[]	[]	[]
4	0	[]	[]	[]	[]	[]	[]	[]	[]	[]	[]	[]	[]	[]
4	1	[]	[]	[]	[]	[]	[]	[]	[]	[]	[]	[]	[]	[]
4	2	[]	[]	[]	[]	[]	[]	[]	[]	[]	[]	[]	[]	[]
4	3	[]	[]	[]	[]	[]	[]	[]	[]	[]	[]	[]	[]	[]
5	0	[]	[]	[]	[]	[]	[]	2.14668689887	[]	[]	[]	[]	[]	[]
5	1	[]	[]	[]	[]	[]	[]	3.82759436734	[]	[]	[]	[]	[]	[]
5	2	[]	[]	[]	[]	[]	[]	3.92695146203	[]	[]	[]	[]	[]	[]
5	3	[]	[]	[]	[]	[]	[]	2.08699222499	[]	[]	[]	[]	[]	[]
6	0	[]	[]	[]	[]	[]	3.3356712535	3.90704377162	3.49006976516	[]	[]	[]	[]	[]
6	1	[]	[]	[]	[]	[]	2.93134683798	2.70666680386	3.76741284792	[]	[]	[]	[]	[]
6	2	[]	[]	[]	[]	[]	4.15875255744	2.65948829588	2.92192780862	[]	[]	[]	[]	[]
6	3	[]	[]	[]	[]	[]	4.53184535868	4.19862983665	3.14244731476	[]	[]	[]	[]	[]
7	0	[]	[]	[]	[]	[]	[]	3.42054576519	[]	[]	[]	[]	[]	[]
7	1	[]	[]	[]	[]	[]	[]	2.95581656774	[]	[]	[]	[]	[]	[]
7	2	[]	[]	[]	[]	[]	[]	3.451828806	[]	[]	[]	[]	[]	[]
7	3	[]	[]	[]	[]	[]	[]	3.37955392295	[]	[]	[]	[]	[]	[]
8	0	[]	[]	[]	[]	[]	[]	[]	[]	[]	[]	[]	[]	[]
8	1	[]	[]	[]	[]	[]	[]	[]	[]	[]	[]	[]	[]	[]
8	2	[]	[]	[]	[]	[]	[]	[]	[]	[]	[]	[]	[]	[]
8	3	[]	[]	[]	[]	[]	[]	[]	[]	[]	[]	[]	[]	[]
9	0	[]	[]	[]	[]	[]	[]	[]	[]	[]	[]	[]	[]	[]
9	1	[]	[]	[]	[]	[]	[]	[]	[]	[]	[]	[]	[]	[]
9	2	[]	[]	[]	[]	[]	[]	[]	[]	[]	[]	[]	[]	[]
9	3	[]	[]	[]	[]	[]	[]	[]	[]	[]	[]	[]	[]	[]
10	0	[]	[]	[]	[]	[]	[]	[]	[]	[]	[]	[]	[]	[]
10	1	[]	[]	[]	[]	[]	[]	[]	[]	[]	[]	[]	[]	[]
10	2	[]	[]	[]	[]	[]	[]	[]	[]	[]	[]	[]	[]	[]
10	3	[]	[]	[]	[]	[]	[]	[]	[]	[]	[]	[]	[]	[]
11	0	[]	[]	[]	[]	[]	[]	[]	[]	[]	[]	[]	[]	[]
11	1	[]	[]	[]	[]	[]	[]	[]	[]	[]	[]	[]	[]	[]
11	2	[]	[]	[]	[]	[]	[]	[]	[]	[]	[]	[]	[]	[]
11	3	[]	[]	[]	[]	[]	[]	[]	[]	[]	[]	[]	[]	[]
12	0	[]	[]	[]	[]	[]	[]	[]	[]	[]	[]	[]	[]	[]
12	1	[]	[]	[]	[]	[]	[]	[]	[]	[]	[]	[]	[]	[]
12	2	[]	[]	[]	[]	[]	[]	[]	[]	[]	[]	[]	[]	[]
12	3	[]	[]	[]	[]	[]	[]	[]	[]	[]	[]	[]	[]	[]