[[-0.28663255  0.10724829  0.06884824]]
[[-0.65065366  0.09929006  0.13110361]]
[[-0.11006045 -0.0045094  -0.01308533]]
[[-0.53180541  0.39706305  0.19760851]]
[[-0.08031319  0.04326507  0.09908788]]
[[ 0.75792414  0.43530404 -0.09776253]]
[[-0.6948253  -0.28876125  0.05999447]]
[[-0.01211033 -0.02542436 -0.07496824]]
[[-1.22095918 -0.22928353  0.14541908]]
[[ 0.01442131  0.06719675  0.1189293 ]]
[[-0.01898605 -0.0045699  -0.03600893]]
[[-0.1573483  -0.03165318  0.00312987]]
[[-1.13576527  0.16717267  0.28205751]]
[[-0.05044138  0.06217818  0.06820028]]
[[-0.03933644  0.00803738  0.06492662]]
[[-0.09211514 -0.0085899  -0.00824312]]
[[ 1.37720932  0.51758096 -0.25596698]]
[[-0.05840122  0.0454732   0.034205  ]]
[[ 0.03026412  0.18962513  0.08419475]]
[[-0.42274035 -0.57318723 -0.04797058]]
[[ 0.0630774  -0.02676297 -0.11767565]]
[[-1.08607767 -0.83872617  0.00982031]]
[[ 0.06619379  0.06349002  0.10842684]]
[[-0.00096828 -0.007418   -0.04450682]]
[[-0.00524878 -0.02779573 -0.05522452]]
[[-1.91195582 -0.86258997  0.1291453 ]]
[[ 0.07736128  0.06917234  0.07216736]]
[[-0.00800754  0.0022873   0.04509704]]
[[-0.01167452 -0.00478351 -0.02760515]]
[[-0.01618963 -0.00224229 -0.02348718]]
[[-0.18172243 -0.05648792 -0.00021332]]
[[-2.07149566 -0.29632143  0.40612952]]
[[-0.01721647  0.05056603  0.06813189]]
[[-0.02744993 -0.00101334  0.03560902]]
[[-0.00897867  0.00553697  0.04046352]]
[[-0.00700494  0.00053897 -0.03183015]]
[[-0.1525185  -0.05456679 -0.00797505]]
[[ 1.72550503  0.45360279 -0.33327477]]
[[-0.08061402  0.00200681  0.01423242]]
[[-0.01900136  0.00941895  0.05128383]]
[[-0.06825448 -0.01458491 -0.02068514]]
[[ 0.11413785  0.22453154  0.10619352]]
[[-0.11229903 -0.00293899  0.03926702]]
[[-0.02856706  0.1021082   0.03330794]]
[[-0.08167003 -0.50247752 -0.08010118]]
[[ 0.06690305 -0.02975491 -0.11737699]]
[[-0.50692353 -0.83597129 -0.04645439]]
[[ 0.04929524  0.04645629  0.0775521 ]]
[[ 0.00042696 -0.0147947  -0.04955638]]
[[ 0.1118594  -0.00308694 -0.08814035]]
[[-1.23835289 -1.24346651 -0.00358029]]
[[ 0.12915951  0.06832781  0.04297601]]
[[-0.00336634 -0.00342095  0.03746468]]
[[-0.00456822 -0.01005973 -0.03008389]]
[[ 0.00383021 -0.00176266 -0.03284595]]
[[ 0.02051946 -0.01417483 -0.05747116]]
[[-2.52598658 -1.50465218  0.17162731]]
[[ 0.14375314  0.07882503  0.05781326]]
[[ 0.00147361 -0.00322583  0.02674214]]
[[-0.00061685  0.00508398  0.02991702]]
[[-0.00370484 -0.00405937 -0.02268388]]
[[-0.01326287 -0.00624035 -0.01770396]]
[[-0.00475437  0.00240602 -0.02810953]]
[[-0.17798317 -0.06157691 -0.00292438]]
[[-3.19245737 -1.2332944   0.54560632]]
[[ 0.04257743  0.05621322  0.07768635]]
[[-0.01655749 -0.00154272  0.03649935]]
[[ 0.00330088  0.00473979  0.01996673]]
[[-0.00234459  0.00404756  0.02691412]]
[[-0.0026197  -0.00301966 -0.02636986]]
[[-0.00611643  0.00495729 -0.02377773]]
[[-0.18951597 -0.08054717 -0.01369722]]
[[ 1.82124545 -0.2046739  -0.65063585]]
[[-0.09091242 -0.00118657  0.04708169]]
[[-0.01193505  0.00341742  0.03484418]]
[[-0.0013337   0.00792927  0.03391432]]
[[-0.00080944  0.00683606 -0.03048798]]
[[-0.11736737 -0.04978201 -0.01829027]]
[[ 0.12100421 -0.20473846 -0.06686729]]
[[-0.16046333 -0.03425415  0.04981497]]
[[-0.00909463  0.01605439  0.05230209]]
[[-0.03743992 -0.01068245 -0.03127904]]
[[-0.08759987 -0.22192579 -0.09440469]]
[[-0.08949632 -0.00047577  0.06278542]]
[[-0.20593148 -0.11704507 -0.01364409]]
[[-0.01392358 -0.35743429 -0.06789461]]
[[ 0.021919   -0.07815838 -0.10855987]]
[[ 0.03553487 -0.59230493 -0.12972296]]
[[ 0.00866103  0.00204599  0.05104548]]
[[ 0.00026576 -0.04275383 -0.06593637]]
[[ 0.08813519 -0.03474206 -0.08111178]]
[[-0.35526271 -1.06617365 -0.15930706]]
[[ 0.05991648  0.02832843  0.02661993]]
[[-0.00409649 -0.0159538   0.03271937]]
[[-0.00058354 -0.02152603 -0.04200031]]
[[-0.00194851 -0.02485394 -0.03736857]]
[[ 0.14761197 -0.01089184 -0.09425172]]
[[-0.96293206 -1.84785192 -0.28406618]]
[[ 0.14460833  0.06927118  0.0251746 ]]
[[-0.00084815 -0.01454575  0.02058608]]
[[-0.00186805  0.00016235  0.03004386]]
[[ -8.59239739e-05  -1.05585385e-02  -2.84545929e-02]]
[[-0.00625295 -0.01302225 -0.02183658]]
[[ 0.00699614 -0.01011394 -0.03868707]]
[[ 0.05138369 -0.0315517  -0.07343522]]
[[-2.8403263  -2.83171364 -0.16209735]]
[[ 0.18975369  0.09424742  0.03495859]]
[[ 0.00408731 -0.00626464  0.02619538]]
[[ 0.00379748  0.00319499  0.01869379]]
[[-0.00079661  0.0043358   0.02437726]]
[[ 0.00101084 -0.00460608 -0.02270252]]
[[-0.0046624  -0.00569207 -0.01374847]]
[[-0.00993581 -0.00928144 -0.02155506]]
[[ 0.00485814  0.0002472  -0.03258272]]
[[-0.13363302 -0.08181629 -0.05656451]]
[[ -1.80369548e-14  -4.48843838e-14  -9.44832969e-15]]
[[ 0.13363302  0.08181629  0.05656451]]
[[-0.00485814 -0.0002472   0.03258272]]
[[ 0.00993581  0.00928144  0.02155506]]
[[ 0.0046624   0.00569207  0.01374847]]
[[-0.00101084  0.00460608  0.02270252]]
[[ 0.00079661 -0.0043358  -0.02437726]]
[[-0.00379748 -0.00319499 -0.01869379]]
[[-0.00408731  0.00626464 -0.02619538]]
[[-0.18975369 -0.09424742 -0.03495859]]
[[ 2.8403263   2.83171364  0.16209735]]
[[-0.05138369  0.0315517   0.07343522]]
[[-0.00699614  0.01011394  0.03868707]]
[[ 0.00625295  0.01302225  0.02183658]]
[[  8.59239739e-05   1.05585385e-02   2.84545929e-02]]
[[ 0.00186805 -0.00016235 -0.03004386]]
[[ 0.00084815  0.01454575 -0.02058608]]
[[-0.14460833 -0.06927118 -0.0251746 ]]
[[ 0.96293206  1.84785192  0.28406618]]
[[-0.14761197  0.01089184  0.09425172]]
[[ 0.00194851  0.02485394  0.03736857]]
[[ 0.00058354  0.02152603  0.04200031]]
[[ 0.00409649  0.0159538  -0.03271937]]
[[-0.05991648 -0.02832843 -0.02661993]]
[[ 0.35526271  1.06617365  0.15930706]]
[[-0.08813519  0.03474206  0.08111178]]
[[-0.00026576  0.04275383  0.06593637]]
[[-0.00866103 -0.00204599 -0.05104548]]
[[-0.03553487  0.59230493  0.12972296]]
[[-0.021919    0.07815838  0.10855987]]
[[ 0.01392358  0.35743429  0.06789461]]
[[ 0.20593148  0.11704507  0.01364409]]
[[ 0.08949632  0.00047577 -0.06278542]]
[[ 0.08759987  0.22192579  0.09440469]]
[[ 0.03743992  0.01068245  0.03127904]]
[[ 0.00909463 -0.01605439 -0.05230209]]
[[ 0.16046333  0.03425415 -0.04981497]]
[[-0.12100421  0.20473846  0.06686729]]
[[ 0.11736737  0.04978201  0.01829027]]
[[ 0.00080944 -0.00683606  0.03048798]]
[[ 0.0013337  -0.00792927 -0.03391432]]
[[ 0.01193505 -0.00341742 -0.03484418]]
[[ 0.09091242  0.00118657 -0.04708169]]
[[-1.82124545  0.2046739   0.65063585]]
[[ 0.18951597  0.08054717  0.01369722]]
[[ 0.00611643 -0.00495729  0.02377773]]
[[ 0.0026197   0.00301966  0.02636986]]
[[ 0.00234459 -0.00404756 -0.02691412]]
[[-0.00330088 -0.00473979 -0.01996673]]
[[ 0.01655749  0.00154272 -0.03649935]]
[[-0.04257743 -0.05621322 -0.07768635]]
[[ 3.19245737  1.2332944  -0.54560632]]
[[ 0.17798317  0.06157691  0.00292438]]
[[ 0.00475437 -0.00240602  0.02810953]]
[[ 0.01326287  0.00624035  0.01770396]]
[[ 0.00370484  0.00405937  0.02268388]]
[[ 0.00061685 -0.00508398 -0.02991702]]
[[-0.00147361  0.00322583 -0.02674214]]
[[-0.14375314 -0.07882503 -0.05781326]]
[[ 2.52598658  1.50465218 -0.17162731]]
[[-0.02051946  0.01417483  0.05747116]]
[[-0.00383021  0.00176266  0.03284595]]
[[ 0.00456822  0.01005973  0.03008389]]
[[ 0.00336634  0.00342095 -0.03746468]]
[[-0.12915951 -0.06832781 -0.04297601]]
[[ 1.23835289  1.24346651  0.00358029]]
[[-0.1118594   0.00308694  0.08814035]]
[[-0.00042696  0.0147947   0.04955638]]
[[-0.04929524 -0.04645629 -0.0775521 ]]
[[ 0.50692353  0.83597129  0.04645439]]
[[-0.06690305  0.02975491  0.11737699]]
[[ 0.08167003  0.50247752  0.08010118]]
[[ 0.02856706 -0.1021082  -0.03330794]]
[[ 0.11229903  0.00293899 -0.03926702]]
[[-0.11413785 -0.22453154 -0.10619352]]
[[ 0.06825448  0.01458491  0.02068514]]
[[ 0.01900136 -0.00941895 -0.05128383]]
[[ 0.08061402 -0.00200681 -0.01423242]]
[[-1.72550503 -0.45360279  0.33327477]]
[[ 0.1525185   0.05456679  0.00797505]]
[[ 0.00700494 -0.00053897  0.03183015]]
[[ 0.00897867 -0.00553697 -0.04046352]]
[[ 0.02744993  0.00101334 -0.03560902]]
[[ 0.01721647 -0.05056603 -0.06813189]]
[[ 2.07149566  0.29632143 -0.40612952]]
[[ 0.18172243  0.05648792  0.00021332]]
[[ 0.01618963  0.00224229  0.02348718]]
[[ 0.01167452  0.00478351  0.02760515]]
[[ 0.00800754 -0.0022873  -0.04509704]]
[[-0.07736128 -0.06917234 -0.07216736]]
[[ 1.91195582  0.86258997 -0.1291453 ]]
[[ 0.00524878  0.02779573  0.05522452]]
[[ 0.00096828  0.007418    0.04450682]]
[[-0.06619379 -0.06349002 -0.10842684]]
[[ 1.08607767  0.83872617 -0.00982031]]
[[-0.0630774   0.02676297  0.11767565]]
[[ 0.42274035  0.57318723  0.04797058]]
[[-0.03026412 -0.18962513 -0.08419475]]
[[ 0.05840122 -0.0454732  -0.034205  ]]
[[-1.37720932 -0.51758096  0.25596698]]
[[ 0.09211514  0.0085899   0.00824312]]
[[ 0.03933644 -0.00803738 -0.06492662]]
[[ 0.05044138 -0.06217818 -0.06820028]]
[[ 1.13576527 -0.16717267 -0.28205751]]
[[ 0.1573483   0.03165318 -0.00312987]]
[[ 0.01898605  0.0045699   0.03600893]]
[[-0.01442131 -0.06719675 -0.1189293 ]]
[[ 1.22095918  0.22928353 -0.14541908]]
[[ 0.01211033  0.02542436  0.07496824]]
[[ 0.6948253   0.28876125 -0.05999447]]
[[-0.75792414 -0.43530404  0.09776253]]
[[ 0.08031319 -0.04326507 -0.09908788]]
[[ 0.53180541 -0.39706305 -0.19760851]]
[[ 0.11006045  0.0045094   0.01308533]]
[[ 0.65065366 -0.09929006 -0.13110361]]
[[ 0.28663255 -0.10724829 -0.06884824]]
