[[-0.38444104  0.06829504  0.0684313 ]]
[[-0.68459461 -0.00893594  0.09465822]]
[[ 0.14040838  0.02274395 -0.07385691]]
[[-0.6795523   0.20581365  0.16432063]]
[[ 0.01267791  0.07830441  0.09126557]]
[[ 0.4382187   0.27545129 -0.07750422]]
[[-0.66670743 -0.3732998   0.0150789 ]]
[[ 0.17312732  0.10523119 -0.08180192]]
[[-1.24959671 -0.38744481  0.10700472]]
[[-0.04324102  0.15553298  0.15012054]]
[[-0.10207021 -0.00826907  0.00448916]]
[[ 0.25810031  0.12917509 -0.04834559]]
[[-1.26150866 -0.11155287  0.22725553]]
[[ 0.10201077  0.20674921  0.06636068]]
[[ 0.01793003  0.01669646  0.05021236]]
[[ 0.12617923  0.06396212 -0.03767912]]
[[ 0.79009     0.16671039 -0.20994028]]
[[ 0.11834543  0.14760515  0.02886099]]
[[-0.276955    0.00732765  0.09544865]]
[[-0.34883986 -0.60102652 -0.08170763]]
[[ 0.13509374  0.14392496 -0.0914249 ]]
[[-1.03352329 -0.88844449 -0.01559958]]
[[-0.09998894  0.08503834  0.1354281 ]]
[[-0.0875059  -0.03848754 -0.01052427]]
[[ 0.27718138  0.24750393 -0.04660326]]
[[-1.87646831 -0.98500789  0.09981587]]
[[-0.07172091  0.16316046  0.11402267]]
[[ 0.05902262  0.04549307  0.05158018]]
[[-0.0002018  -0.00293378 -0.02743025]]
[[-0.1531058  -0.04050801  0.00849589]]
[[ 0.39210501  0.28169175 -0.04267568]]
[[-2.05636815 -0.63010402  0.30116443]]
[[ 0.11646473  0.24574041  0.07224741]]
[[ 0.07122885  0.03788556  0.0232769 ]]
[[-0.02944736 -0.00041422  0.0333362 ]]
[[-0.05457333 -0.01271008 -0.01377098]]
[[ 0.29228063  0.21299152 -0.03308188]]
[[ 0.97527374 -0.09802535 -0.32975472]]
[[ 0.21962619  0.22955756  0.00260015]]
[[ 0.0080326   0.0212804   0.04158618]]
[[ 0.11639612  0.09684921 -0.03110466]]
[[-0.51905391 -0.22395712  0.10318153]]
[[ 0.07072486  0.13407707  0.03576674]]
[[-0.21661851 -0.09763191  0.00389995]]
[[ 0.05021785 -0.51640979 -0.13532863]]
[[ 0.04534966  0.08613729 -0.0813046 ]]
[[-0.3956429  -0.86982602 -0.10830802]]
[[-0.10575483 -0.04759577  0.07324679]]
[[-0.06266751 -0.06064392 -0.02468795]]
[[ 0.17107837  0.20985498 -0.05313272]]
[[-1.17174046 -1.2686438  -0.06950577]]
[[-0.18581602 -0.03827505  0.07672611]]
[[ 0.05774076  0.06898418  0.0573756 ]]
[[ 0.01071291 -0.00097871 -0.03060789]]
[[-0.12964755 -0.0820257  -0.01067417]]
[[ 0.32014991  0.33174315 -0.03475603]]
[[-2.41926417 -1.50985867  0.08752294]]
[[-0.17405744  0.03630113  0.10278312]]
[[ 0.11952761  0.08909493  0.03106343]]
[[-0.01385057 -0.00863737  0.02026688]]
[[-0.00730868 -0.00339473 -0.01813547]]
[[ 0.00670638  0.00191671 -0.01795553]]
[[-0.2002455  -0.09086158  0.00262196]]
[[ 0.46975849  0.39999214 -0.02415371]]
[[-2.94665982 -1.12610071  0.40829877]]
[[ 0.02566288  0.15091391  0.06402447]]
[[ 0.1349734   0.08552409  0.02492749]]
[[-0.03272465 -0.01342267  0.01821822]]
[[-0.00387326  0.00366448  0.02506073]]
[[ 0.00108355  0.00029289 -0.02208612]]
[[-0.10723606 -0.06018484 -0.01264931]]
[[ 0.44302632  0.36199074 -0.02969345]]
[[ 1.07677562 -0.36984749 -0.39756539]]
[[ 0.19980725  0.2019031  -0.00952044]]
[[ 0.05379623  0.05325315  0.02847843]]
[[-0.01880408 -0.0038815   0.02843389]]
[[-0.03466866 -0.02039271 -0.02239152]]
[[ 0.26700933  0.24922989 -0.01857155]]
[[-0.72608415 -0.47999543  0.13911626]]
[[ 0.11510156  0.16475898  0.01001327]]
[[ 0.00512881  0.03006131  0.04086964]]
[[ 0.08061795  0.11887377 -0.01345779]]
[[-0.46269815 -0.37960715  0.00622689]]
[[ 0.04427619  0.10973234  0.02914579]]
[[-0.30487732 -0.16776903  0.04189294]]
[[ 0.138429   -0.20818974 -0.06538074]]
[[-0.00521994 -0.02210423 -0.06395882]]
[[ 0.25966961 -0.34924498 -0.10813753]]
[[-0.06523876 -0.13382165  0.01343298]]
[[-0.02805803 -0.06704582 -0.03888504]]
[[ 0.01577403  0.0410665  -0.04636205]]
[[-0.19245801 -0.68185658 -0.07133278]]
[[-0.17616151 -0.1938129   0.0191454 ]]
[[ 0.02730904  0.06175495  0.05308645]]
[[ 0.00859638 -0.00108882 -0.0322137 ]]
[[-0.08130258 -0.092337   -0.02392345]]
[[ 0.13021767  0.15411622 -0.04884193]]
[[-0.92115629 -1.21369933 -0.06756323]]
[[-0.29484266 -0.21429465  0.04614524]]
[[ 0.09393556  0.09807531  0.03341752]]
[[-0.00744859 -0.00954742  0.0190652 ]]
[[-0.00348474 -0.00699084 -0.01897181]]
[[ 0.01930631  0.00945172 -0.0214542 ]]
[[-0.15123532 -0.12035967 -0.01928768]]
[[ 0.25264234  0.29087967 -0.01921229]]
[[-2.66934353 -1.73736856  0.15178786]]
[[-0.32055687 -0.16638322  0.07499995]]
[[ 0.16477108  0.13058217  0.03031052]]
[[-0.01340336 -0.0149258   0.01341739]]
[[ 0.00013049  0.00415745  0.01930803]]
[[-0.00231394 -0.00284072 -0.01555644]]
[[-0.00921339 -0.00484326 -0.01138163]]
[[ 0.01950757  0.01128862 -0.01991971]]
[[-0.23129383 -0.13513012 -0.00451507]]
[[ 0.43778934  0.40160755 -0.01070994]]
[[-3.72616218 -1.7574469   0.54366448]]
[[-0.14335264 -0.0367754   0.07323558]]
[[ 0.19716495  0.13381946  0.02064873]]
[[-0.03392823 -0.01857339  0.02009937]]
[[ 0.00395026  0.00401618  0.01248932]]
[[-0.00127314  0.00276609  0.01790626]]
[[-0.00166995 -0.00272214 -0.01751974]]
[[ 0.0063723   0.00831337 -0.01544838]]
[[-0.15379856 -0.10795296 -0.01766152]]
[[ 0.50597472  0.42336323 -0.02958156]]
[[ 1.21580845 -0.91029007 -0.69081169]]
[[ 0.07058067  0.07527223  0.01081899]]
[[ 0.10604107  0.10144175  0.03052679]]
[[-0.02348206 -0.01402499  0.01926062]]
[[ 0.00012025  0.00534398  0.02111264]]
[[ 0.00253298  0.00504596 -0.02011481]]
[[-0.07246413 -0.06165691 -0.02157667]]
[[ 0.37278973  0.35625984 -0.01527539]]
[[-0.78326313 -0.96681272 -0.03680006]]
[[ 0.06546992  0.11632495  0.02604785]]
[[ 0.04494908  0.06500257  0.02868856]]
[[-0.01094604 -0.00064676  0.03095681]]
[[-0.01392654 -0.02291466 -0.03125219]]
[[ 0.184998    0.23871731 -0.00383444]]
[[-0.69849928 -0.87390475 -0.10943964]]
[[ 0.06799022  0.11766141  0.02354526]]
[[ 0.00299939  0.04151158  0.04196745]]
[[ 0.04211618  0.12663935 -0.0009783 ]]
[[-0.63912328 -0.61501363 -0.02723607]]
[[ 0.01387933  0.08987418  0.03510062]]
[[-0.25139437 -0.27371429 -0.0249236 ]]
[[ 0.04070805 -0.06020014 -0.01754493]]
[[-0.01125682 -0.11584201 -0.06033382]]
[[ 0.2590033  -0.06173559 -0.05922135]]
[[-0.02316015 -0.15766894 -0.02004136]]
[[-0.00721145 -0.07683541 -0.0566291 ]]
[[-0.0346046  -0.11837945 -0.04785538]]
[[ 0.48368056 -0.17190192 -0.14454879]]
[[-0.08851016 -0.22180284 -0.01713548]]
[[ 0.00315146  0.02755804  0.04418948]]
[[ 0.00293759 -0.01532119 -0.04061606]]
[[-0.02990334 -0.0856158  -0.03461176]]
[[-0.04308751 -0.09203225 -0.05211113]]
[[ 0.19721634 -0.56143776 -0.16562964]]
[[-0.2237     -0.29591502 -0.00198497]]
[[ 0.03055934  0.05327279  0.02926523]]
[[-0.0037171  -0.01163855  0.01986784]]
[[-0.00064975 -0.01349494 -0.02617649]]
[[ 0.00915554  0.00024567 -0.0217753 ]]
[[-0.07745581 -0.10847729 -0.03340859]]
[[ 0.02505651 -0.01594584 -0.05387472]]
[[-0.26376692 -1.3674722  -0.33361744]]
[[-0.3798692  -0.35602085  0.01583623]]
[[ 0.09793311  0.09784998  0.02976828]]
[[-0.00592326 -0.01438097  0.01208395]]
[[-0.0010666   0.00173391  0.02021289]]
[[ -7.04670869e-05  -7.09472888e-03  -1.91019723e-02]]
[[-0.00496128 -0.00908421 -0.01366164]]
[[ 0.02422781  0.01207471 -0.02267664]]
[[-0.14575729 -0.13697697 -0.02837716]]
[[ 0.09401106  0.0986765  -0.0318257 ]]
[[-2.5497266  -2.54430701 -0.15390167]]
[[-0.45289539 -0.34878036  0.04685937]]
[[ 0.17800683  0.14079707  0.02487855]]
[[-0.01193696 -0.01532493  0.01507999]]
[[ 0.0029611   0.00360719  0.01236708]]
[[-0.00050069  0.00330348  0.0166549 ]]
[[ 0.00071095 -0.00329814 -0.01605303]]
[[-0.00324707 -0.00405214 -0.00928652]]
[[-0.00786863 -0.00736583 -0.01375635]]
[[ 0.02909805  0.01740885 -0.02006849]]
[[-0.23380234 -0.1587717  -0.01459348]]
[[ 0.30615553  0.24148164 -0.05327948]]
[[ -9.50957526e-14   6.13605348e-15   2.84235448e-14]]
[[-0.30615553 -0.24148164  0.05327948]]
[[ 0.23380234  0.1587717   0.01459348]]
[[-0.02909805 -0.01740885  0.02006849]]
[[ 0.00786863  0.00736583  0.01375635]]
[[ 0.00324707  0.00405214  0.00928652]]
[[-0.00071095  0.00329814  0.01605303]]
[[ 0.00050069 -0.00330348 -0.0166549 ]]
[[-0.0029611  -0.00360719 -0.01236708]]
[[ 0.01193696  0.01532493 -0.01507999]]
[[-0.17800683 -0.14079707 -0.02487855]]
[[ 0.45289539  0.34878036 -0.04685937]]
[[ 2.5497266   2.54430701  0.15390167]]
[[-0.09401106 -0.0986765   0.0318257 ]]
[[ 0.14575729  0.13697697  0.02837716]]
[[-0.02422781 -0.01207471  0.02267664]]
[[ 0.00496128  0.00908421  0.01366164]]
[[  7.04670869e-05   7.09472888e-03   1.91019723e-02]]
[[ 0.0010666  -0.00173391 -0.02021289]]
[[ 0.00592326  0.01438097 -0.01208395]]
[[-0.09793311 -0.09784998 -0.02976828]]
[[ 0.3798692   0.35602085 -0.01583623]]
[[ 0.26376692  1.3674722   0.33361744]]
[[-0.02505651  0.01594584  0.05387472]]
[[ 0.07745581  0.10847729  0.03340859]]
[[-0.00915554 -0.00024567  0.0217753 ]]
[[ 0.00064975  0.01349494  0.02617649]]
[[ 0.0037171   0.01163855 -0.01986784]]
[[-0.03055934 -0.05327279 -0.02926523]]
[[ 0.2237      0.29591502  0.00198497]]
[[-0.19721634  0.56143776  0.16562964]]
[[ 0.04308751  0.09203225  0.05211113]]
[[ 0.02990334  0.0856158   0.03461176]]
[[-0.00293759  0.01532119  0.04061606]]
[[-0.00315146 -0.02755804 -0.04418948]]
[[ 0.08851016  0.22180284  0.01713548]]
[[-0.48368056  0.17190192  0.14454879]]
[[ 0.0346046   0.11837945  0.04785538]]
[[ 0.00721145  0.07683541  0.0566291 ]]
[[ 0.02316015  0.15766894  0.02004136]]
[[-0.2590033   0.06173559  0.05922135]]
[[ 0.01125682  0.11584201  0.06033382]]
[[-0.04070805  0.06020014  0.01754493]]
[[ 0.25139437  0.27371429  0.0249236 ]]
[[-0.01387933 -0.08987418 -0.03510062]]
[[ 0.63912328  0.61501363  0.02723607]]
[[-0.04211618 -0.12663935  0.0009783 ]]
[[-0.00299939 -0.04151158 -0.04196745]]
[[-0.06799022 -0.11766141 -0.02354526]]
[[ 0.69849928  0.87390475  0.10943964]]
[[-0.184998   -0.23871731  0.00383444]]
[[ 0.01392654  0.02291466  0.03125219]]
[[ 0.01094604  0.00064676 -0.03095681]]
[[-0.04494908 -0.06500257 -0.02868856]]
[[-0.06546992 -0.11632495 -0.02604785]]
[[ 0.78326313  0.96681272  0.03680006]]
[[-0.37278973 -0.35625984  0.01527539]]
[[ 0.07246413  0.06165691  0.02157667]]
[[-0.00253298 -0.00504596  0.02011481]]
[[-0.00012025 -0.00534398 -0.02111264]]
[[ 0.02348206  0.01402499 -0.01926062]]
[[-0.10604107 -0.10144175 -0.03052679]]
[[-0.07058067 -0.07527223 -0.01081899]]
[[-1.21580845  0.91029007  0.69081169]]
[[-0.50597472 -0.42336323  0.02958156]]
[[ 0.15379856  0.10795296  0.01766152]]
[[-0.0063723  -0.00831337  0.01544838]]
[[ 0.00166995  0.00272214  0.01751974]]
[[ 0.00127314 -0.00276609 -0.01790626]]
[[-0.00395026 -0.00401618 -0.01248932]]
[[ 0.03392823  0.01857339 -0.02009937]]
[[-0.19716495 -0.13381946 -0.02064873]]
[[ 0.14335264  0.0367754  -0.07323558]]
[[ 3.72616218  1.7574469  -0.54366448]]
[[-0.43778934 -0.40160755  0.01070994]]
[[ 0.23129383  0.13513012  0.00451507]]
[[-0.01950757 -0.01128862  0.01991971]]
[[ 0.00921339  0.00484326  0.01138163]]
[[ 0.00231394  0.00284072  0.01555644]]
[[-0.00013049 -0.00415745 -0.01930803]]
[[ 0.01340336  0.0149258  -0.01341739]]
[[-0.16477108 -0.13058217 -0.03031052]]
[[ 0.32055687  0.16638322 -0.07499995]]
[[ 2.66934353  1.73736856 -0.15178786]]
[[-0.25264234 -0.29087967  0.01921229]]
[[ 0.15123532  0.12035967  0.01928768]]
[[-0.01930631 -0.00945172  0.0214542 ]]
[[ 0.00348474  0.00699084  0.01897181]]
[[ 0.00744859  0.00954742 -0.0190652 ]]
[[-0.09393556 -0.09807531 -0.03341752]]
[[ 0.29484266  0.21429465 -0.04614524]]
[[ 0.92115629  1.21369933  0.06756323]]
[[-0.13021767 -0.15411622  0.04884193]]
[[ 0.08130258  0.092337    0.02392345]]
[[-0.00859638  0.00108882  0.0322137 ]]
[[-0.02730904 -0.06175495 -0.05308645]]
[[ 0.17616151  0.1938129  -0.0191454 ]]
[[ 0.19245801  0.68185658  0.07133278]]
[[-0.01577403 -0.0410665   0.04636205]]
[[ 0.02805803  0.06704582  0.03888504]]
[[ 0.06523876  0.13382165 -0.01343298]]
[[-0.25966961  0.34924498  0.10813753]]
[[ 0.00521994  0.02210423  0.06395882]]
[[-0.138429    0.20818974  0.06538074]]
[[ 0.30487732  0.16776903 -0.04189294]]
[[-0.04427619 -0.10973234 -0.02914579]]
[[ 0.46269815  0.37960715 -0.00622689]]
[[-0.08061795 -0.11887377  0.01345779]]
[[-0.00512881 -0.03006131 -0.04086964]]
[[-0.11510156 -0.16475898 -0.01001327]]
[[ 0.72608415  0.47999543 -0.13911626]]
[[-0.26700933 -0.24922989  0.01857155]]
[[ 0.03466866  0.02039271  0.02239152]]
[[ 0.01880408  0.0038815  -0.02843389]]
[[-0.05379623 -0.05325315 -0.02847843]]
[[-0.19980725 -0.2019031   0.00952044]]
[[-1.07677562  0.36984749  0.39756539]]
[[-0.44302632 -0.36199074  0.02969345]]
[[ 0.10723606  0.06018484  0.01264931]]
[[-0.00108355 -0.00029289  0.02208612]]
[[ 0.00387326 -0.00366448 -0.02506073]]
[[ 0.03272465  0.01342267 -0.01821822]]
[[-0.1349734  -0.08552409 -0.02492749]]
[[-0.02566288 -0.15091391 -0.06402447]]
[[ 2.94665982  1.12610071 -0.40829877]]
[[-0.46975849 -0.39999214  0.02415371]]
[[ 0.2002455   0.09086158 -0.00262196]]
[[-0.00670638 -0.00191671  0.01795553]]
[[ 0.00730868  0.00339473  0.01813547]]
[[ 0.01385057  0.00863737 -0.02026688]]
[[-0.11952761 -0.08909493 -0.03106343]]
[[ 0.17405744 -0.03630113 -0.10278312]]
[[ 2.41926417  1.50985867 -0.08752294]]
[[-0.32014991 -0.33174315  0.03475603]]
[[ 0.12964755  0.0820257   0.01067417]]
[[-0.01071291  0.00097871  0.03060789]]
[[-0.05774076 -0.06898418 -0.0573756 ]]
[[ 0.18581602  0.03827505 -0.07672611]]
[[ 1.17174046  1.2686438   0.06950577]]
[[-0.17107837 -0.20985498  0.05313272]]
[[ 0.06266751  0.06064392  0.02468795]]
[[ 0.10575483  0.04759577 -0.07324679]]
[[ 0.3956429   0.86982602  0.10830802]]
[[-0.04534966 -0.08613729  0.0813046 ]]
[[-0.05021785  0.51640979  0.13532863]]
[[ 0.21661851  0.09763191 -0.00389995]]
[[-0.07072486 -0.13407707 -0.03576674]]
[[ 0.51905391  0.22395712 -0.10318153]]
[[-0.11639612 -0.09684921  0.03110466]]
[[-0.0080326  -0.0212804  -0.04158618]]
[[-0.21962619 -0.22955756 -0.00260015]]
[[-0.97527374  0.09802535  0.32975472]]
[[-0.29228063 -0.21299152  0.03308188]]
[[ 0.05457333  0.01271008  0.01377098]]
[[ 0.02944736  0.00041422 -0.0333362 ]]
[[-0.07122885 -0.03788556 -0.0232769 ]]
[[-0.11646473 -0.24574041 -0.07224741]]
[[ 2.05636815  0.63010402 -0.30116443]]
[[-0.39210501 -0.28169175  0.04267568]]
[[ 0.1531058   0.04050801 -0.00849589]]
[[ 0.0002018   0.00293378  0.02743025]]
[[-0.05902262 -0.04549307 -0.05158018]]
[[ 0.07172091 -0.16316046 -0.11402267]]
[[ 1.87646831  0.98500789 -0.09981587]]
[[-0.27718138 -0.24750393  0.04660326]]
[[ 0.0875059   0.03848754  0.01052427]]
[[ 0.09998894 -0.08503834 -0.1354281 ]]
[[ 1.03352329  0.88844449  0.01559958]]
[[-0.13509374 -0.14392496  0.0914249 ]]
[[ 0.34883986  0.60102652  0.08170763]]
[[ 0.276955   -0.00732765 -0.09544865]]
[[-0.11834543 -0.14760515 -0.02886099]]
[[-0.79009    -0.16671039  0.20994028]]
[[-0.12617923 -0.06396212  0.03767912]]
[[-0.01793003 -0.01669646 -0.05021236]]
[[-0.10201077 -0.20674921 -0.06636068]]
[[ 1.26150866  0.11155287 -0.22725553]]
[[-0.25810031 -0.12917509  0.04834559]]
[[ 0.10207021  0.00826907 -0.00448916]]
[[ 0.04324102 -0.15553298 -0.15012054]]
[[ 1.24959671  0.38744481 -0.10700472]]
[[-0.17312732 -0.10523119  0.08180192]]
[[ 0.66670743  0.3732998  -0.0150789 ]]
[[-0.4382187  -0.27545129  0.07750422]]
[[-0.01267791 -0.07830441 -0.09126557]]
[[ 0.6795523  -0.20581365 -0.16432063]]
[[-0.14040838 -0.02274395  0.07385691]]
[[ 0.68459461  0.00893594 -0.09465822]]
[[ 0.38444104 -0.06829504 -0.0684313 ]]
