[[ -1.96663425  -2.14763845 -12.27724937]]
[[-1.8002134  -0.99460339  5.89816079]]
[[ 0.77556566  1.08046088 -9.70803398]]
[[ 0.5957152  -0.06796308  1.15211938]]
[[-0.04571668 -0.12391567  0.57729747]]
[[-0.02743138 -0.01167394 -0.20315782]]
[[-1.73669626  0.29728823 -1.17617148]]
[[ -1.51343681  -0.67641445  11.61796317]]
[[ 0.25049279 -0.2573644  -0.14046001]]
[[-0.01102867  0.06223329  0.33082169]]
[[-0.93062643 -0.35420002  6.76703767]]
[[-2.26512245 -1.07458344  3.98800024]]
[[ 1.65108328 -0.81796549  4.00672728]]
[[ 0.83541526 -0.03093989 -2.78965241]]
[[-0.05345118 -0.24738541  0.97131751]]
[[-0.12213825 -0.00685119 -0.1520592 ]]
[[-2.79064748 -1.51125393  7.19404829]]
[[-0.60372141 -1.53331323  2.90052724]]
[[ 0.71544641  0.26326904 -0.58504779]]
[[ 0.24077646  0.04612776  0.04901879]]
[[-0.06829499 -0.05723624  0.24135777]]
[[-0.03052098 -0.01409476 -0.12399951]]
[[ 0.08826458 -0.16919711 -0.71899521]]
[[ 0.11097315  0.01400943 -0.48702621]]
[[-1.54489807  1.73432589  5.48715559]]
[[-1.13206526  2.0020461   0.24295844]]
[[-0.07667962  0.20912102  0.39730761]]
[[ 0.42589299 -0.56864615  0.57898549]]
[[ 0.00513625 -0.02156336  0.26388334]]
[[ 0.00276696 -0.00255572 -0.05057424]]
[[ 0.00536754 -0.49985203  0.52400261]]
[[-0.07725656 -0.09600149 -0.11160365]]
[[-1.87115813  1.68066444  5.1588825 ]]
[[-0.88965926  1.49979837 -8.42603873]]
[[-0.22042688  0.19277551  0.87951257]]
[[-0.08552226 -0.17259979 -0.28173011]]
[[ 2.50328641  1.60348173 -3.63106384]]
[[-0.15632941  2.18103294 -4.46355019]]
[[-0.38063111 -1.36683405 -5.38705976]]
[[-0.9585382  -0.06452742  2.86795613]]
[[-0.40255289 -0.81751943  1.1051666 ]]
[[-0.31246235 -0.37194306  0.15684717]]
[[ 0.43906424  4.1614368   0.5155618 ]]
[[ 2.32828759  0.25986485 -0.0824234 ]]
[[ 0.10364497 -0.11043741  0.61962183]]
[[ 0.01327959 -0.10522146 -0.20808545]]
[[-0.15935553 -0.1775357  -0.06789414]]
[[-0.10268482 -0.024183    0.03860634]]
[[ 0.09435079 -0.6778291  -0.13642117]]
[[ 0.19117264 -0.14318059 -1.20168172]]
[[-3.46686138  0.50512181  5.32395535]]
[[-1.08631566  1.89152118 -9.43810002]]
[[-0.13115616 -0.11485679  0.99590795]]
[[ 0.18846928 -0.31123679 -0.00799228]]
[[-0.1241387  -0.18674321  0.03496301]]
[[-0.09821079 -0.05640613  0.12522537]]
[[ 0.00387364  0.01141795 -0.03505607]]
[[ 0.00778813  0.00713416 -0.04445406]]
[[-0.00618912  0.10884329 -0.18310838]]
[[ 0.02211911  0.11252925 -0.19547065]]
[[ 0.24138665 -0.3306628  -0.73720729]]
[[ 0.1347946  -0.38934056  0.61684891]]
[[ 2.07700151  0.39045924 -8.71052977]]
[[-3.93365798  2.45882287 -4.26527274]]
[[-0.19460889  0.20599942 -0.57767042]]
[[ 0.10451107  0.53954746 -0.34961551]]
[[ 0.06902003  0.02390173 -0.08499091]]
[[ 0.06375462  0.03990939 -0.18498496]]
[[-0.00865199 -0.0109101   0.03516075]]
[[-0.01281737 -0.00765509  0.03251271]]
[[-0.01061938  0.02180447  0.00641257]]
[[-0.07737734  0.02639964 -0.05346782]]
[[-0.3057325   0.04302877  0.90183812]]
[[ 0.31078505 -0.5133455   0.21357064]]
[[ 3.41822526 -0.97895689 -3.98237223]]
[[-1.02687305  2.25616199 -1.18365786]]
[[-0.06193829  0.3086895  -0.29323984]]
[[-0.2518239   0.5637589  -0.43814645]]
[[ 0.0014618   0.0033368   0.11241723]]
[[ 0.01545067 -0.01939827 -0.05909713]]
[[-0.16070373 -0.16974871  0.00648254]]
[[-0.28469548 -0.2084932  -0.62788783]]
[[-0.31542454 -1.01334107 -1.99280096]]
[[ 1.3716441  -2.42303535  3.33771277]]
[[ 0.12530555  0.24540429  0.19442147]]
[[ 0.03494653  0.29175841 -0.62433211]]
[[ 0.4446074   0.28774118 -0.57355483]]
[[ 1.0798155   0.68358628  1.84963872]]
[[-0.90405754 -1.22061957 -4.49170147]]
[[-3.52669017  0.4828594   7.02212294]]
[[-0.09669086 -0.17048214 -0.10129393]]
[[ 0.08154483 -0.7668629  -0.33877103]]
[[  4.86219803  -2.27671262 -10.64349188]]
[[ 1.28124938  2.38627956 -2.47147193]]
[[-0.39852106 -0.40892851  0.26414652]]
[[ 0.00200418 -0.03661787 -1.22449656]]
[[-0.09845189 -0.12454291 -0.20056056]]
[[-0.21973525 -0.10771173  0.30892494]]
[[-0.60674681 -0.1581233   0.68817088]]
[[-0.20428043 -0.61217445  0.88175546]]
[[ 1.66590761 -2.6154286  -1.09515511]]
[[  2.29763334  -5.73844366  10.86084816]]
[[-0.2108311  -0.01149102 -1.30522961]]
[[-0.31278665  0.12673041  0.19352523]]
[[-0.06364327 -0.08422558 -0.02562257]]
[[-0.10806071 -0.14614168  0.2317123 ]]
[[-0.05239421 -0.13491167 -0.06295736]]
[[-0.28844948  0.24062938 -0.90419851]]
[[ 1.90158762  0.30583207  1.9005202 ]]
[[ 4.83310936 -1.74048697  4.17071776]]
[[-0.06763715 -0.23455933 -0.17253583]]
[[-0.38139336  0.07696129  1.21185236]]
[[-0.10072466  0.36690681 -1.20278027]]
[[ 0.64678797  0.16633168  2.06610477]]
[[ 6.15957079  7.63030725  0.44194042]]
[[ 4.67089085 -2.03845434  8.61013414]]
[[-0.1255076  -0.07334263 -0.15928159]]
[[-0.33335305  0.27319841 -0.90065706]]
[[  0.73565061  -0.77993491  16.94553632]]
[[ 2.22074626 -2.68440776  0.46930337]]
[[-0.36694587 -0.52558932  0.00790278]]
[[-0.61928069 -0.34790053  1.05026123]]
[[-0.52935545  0.42451645 -0.52735539]]
[[ 1.71771686 -1.84771463 -7.90483726]]
[[ 3.89128027  5.59211239  5.87916516]]
[[  8.55696704   5.06692765 -19.97448684]]
