[[-0.2623519   1.15737887  0.62473943]]
[[ 0.06352001  0.07626219 -0.30684874]]
[[-0.7702772  -2.19651034  2.32885583]]
[[-0.54053959 -0.96434671 -0.05732584]]
[[ 0.61527508  0.63390855 -2.57102624]]
[[ 0.30925644  0.27154373  0.72680992]]
[[ 0.46408593 -4.78596266  1.47929033]]
[[-1.09963625 -0.68330126 -1.21782341]]
[[-0.03419333  0.14547845 -1.79914142]]
[[-0.09969464 -0.03405292  0.95252079]]
[[-2.69307169  2.04383948 -0.6610363 ]]
[[ 1.76547934 -1.76537821 -0.23642407]]
[[ 0.55154188  4.63200024 -3.84721856]]
[[ 1.00207689  0.34688021  0.8767493 ]]
[[ 0.97695171  0.49725531  3.09215849]]
[[ 0.75754899  0.50546531 -2.13560971]]
[[ 0.50612157  3.0390841   1.08998735]]
[[ 0.42165062 -0.25693116  0.06558822]]
[[ 0.41032607  0.60992622  2.41138076]]
[[ 0.4782534   0.22983103 -1.29098301]]
[[-0.15399936 -0.38105345 -1.13955423]]
[[-0.26110579 -0.08599415  0.68602388]]
[[ 1.02604935 -0.22355824 -2.06292515]]
[[ 0.1999312  -0.08677895  1.313032  ]]
[[-4.70457868  3.63941582 -1.12936907]]
[[ 1.01511643 -1.80582881 -2.04793879]]
[[ 0.13865996 -0.24639193 -1.53963089]]
[[-0.2674562   0.03422552  1.0332446 ]]
[[-0.08837182 -0.1603763  -0.24433262]]
[[-0.09259873 -0.04362328  0.14952797]]
[[ 0.43923388  0.12403926  1.03388133]]
[[ 0.78763993 -0.05601848  1.45057533]]
[[ 0.87883151 -1.28597437 -2.14300978]]
[[-6.66923725  2.92975685  1.9782215 ]]
[[ 0.34815382 -0.10601959  0.70478516]]
[[ 0.08932018  0.07872514  1.29186705]]
[[-1.03828328  2.21478145  2.98231257]]
[[ 1.72876457 -0.78913486 -0.6744894 ]]
[[-4.46601585 -4.47870363  1.79874131]]
[[-1.92737122 -0.84231532 -0.17245774]]
[[ 0.39272086  0.06894067  2.54463658]]
[[ 0.02298307  0.42029029 -0.28401721]]
[[-1.97553026 -1.51279013 -3.39428123]]
[[-3.5681098   2.79261728  2.22155508]]
[[-0.24815914 -0.51109398  0.97318181]]
[[-0.27977083  0.07972357  0.28377805]]
[[-0.07894686 -0.56434901 -0.08898973]]
[[-0.17627366 -0.19012121  0.04409158]]
[[ 2.28945197  0.79659067  0.51225258]]
[[ 1.44322757  0.21588583 -3.42889851]]
[[ 2.56475187 -2.47244523 -2.69386411]]
[[ 0.36899562  4.87102334  0.19008371]]
[[ 1.04789816 -0.01732275  0.81395664]]
[[ 0.49176574  0.34925846 -2.5012424 ]]
[[-0.07603157 -0.20125057 -0.2436789 ]]
[[-0.08156535 -0.08713849  0.06490748]]
[[ 0.08826168  0.24387703  0.70201544]]
[[ 0.11445801  0.0679947  -0.36105837]]
[[-0.754909    0.03540896 -0.1626468 ]]
[[-0.03698926 -0.22024386  0.72347469]]
[[ 0.20751611  0.12911422  1.21801696]]
[[ 1.47925294 -0.74871747 -0.36553388]]
[[-1.5167723  -3.50458494 -1.99571153]]
[[-2.21833347  3.36134061 -0.18256044]]
[[ 0.57721875 -0.24548787 -0.23218968]]
[[ 0.90709868 -0.11710296 -0.51843054]]
[[-0.27914402 -0.02183932  0.02546367]]
[[-0.02785284 -0.08258397  0.21188101]]
[[-0.04543995 -0.04381331  0.21815214]]
[[-0.02455313 -0.02288766 -0.02815133]]
[[ 0.19313319 -0.01384673 -0.31234371]]
[[-0.50775306  0.21541299  0.75043002]]
[[-0.06478966  1.23049035  1.72518892]]
[[ 0.45808602  0.13383704 -0.34777583]]
[[-4.05539955  2.44547269 -0.55858403]]
[[ 0.20045939 -0.45101928  3.48275993]]
[[-0.24942494  0.57526442  2.06226312]]
[[ 0.31949175 -0.44515772  0.47114228]]
[[ 0.0030148  -0.11495631  0.00417015]]
[[-0.20955198  0.03332347  0.13377811]]
[[ 0.73462496 -0.21069247  0.5898168 ]]
[[ 0.09795883  0.61031433 -1.95403537]]
[[ 2.76817873  1.8780778  -1.26551564]]
[[-2.59523843  4.15029745 -1.96459577]]
[[ 0.18332829 -0.18552252  1.24359892]]
[[ 0.05424092  0.18647244 -2.03416408]]
[[ 0.65942794  0.70767344 -0.81525168]]
[[ 1.62060986  0.54819439 -1.34387714]]
[[ 1.61019434  0.99320906 -4.62950593]]
[[ 0.28480571  0.46069898  1.4810526 ]]
[[ 0.55945343  0.5430018   0.050477  ]]
[[ 0.08242408  0.517498   -0.06196774]]
[[-1.87019169  0.50526205  1.83904224]]
[[ 0.57051958 -0.46120709 -1.01446584]]
[[ 0.24361454  0.47786543 -1.08915971]]
[[ 0.00997287  0.31765936  0.41816574]]
[[ 0.04867532 -0.20094542 -1.18196885]]
[[-0.08986099 -0.26299069  0.63504367]]
[[ 1.79339629  0.34711394 -1.77260482]]
[[ 0.67366318  0.064536   -0.8204623 ]]
[[-0.31429703 -2.11370089  2.35188958]]
[[-4.27982973 -3.1819933   2.16766391]]
[[ 1.06989981  1.06389687 -2.07885177]]
[[ 0.46405239  0.25353463  0.37972361]]
[[-0.0548916  -0.10161956 -0.35326054]]
[[-0.04906333 -0.10826161  0.17797324]]
[[-0.20316857 -0.1998504   0.154056  ]]
[[-0.13926994  0.00812511  0.07110398]]
[[-0.6670822  -0.31945984  1.04307066]]
[[ 0.09581651 -0.40488551  0.25568289]]
[[ 0.93339422 -0.52782173  0.27435127]]
[[ 1.32797448 -1.28653599  0.24798226]]
[[-1.84803039  5.5735232   1.52347128]]
[[ 3.32099824 -4.78986032  2.71228323]]
[[ 0.5953052   0.11880742  0.70980973]]
[[ 0.46646813 -1.01155859  0.26295027]]
[[-0.32562427 -0.12722093  0.27949294]]
[[-0.04844597 -0.11426003  0.20046941]]
[[-0.03862003  0.06441002 -0.13848337]]
[[-0.01757643 -0.00470084  0.13710566]]
[[-0.01285293 -0.00082933 -0.0456636 ]]
[[-0.00514122 -0.00471439  0.00791955]]
[[ 0.10599646  0.00455662  0.13342159]]
[[-0.02128296  0.18583538 -0.60791741]]
[[-0.23318278 -0.73773183  0.5778534 ]]
[[-0.81644288  0.13053436 -0.60962812]]
[[ 0.13434003 -0.58909209 -1.16578625]]
[[ 1.28953208  0.25357154 -0.99207808]]
[[-2.03206124  0.52730211 -1.25259784]]
[[-1.70741216 -0.01848573  2.10599508]]
[[-0.13777379 -0.02231448 -0.80702283]]
[[ 0.88920396 -0.503041   -0.34119682]]
[[-0.08192683 -0.17603773  0.11308947]]
[[-0.31330243  0.06788441 -0.07490406]]
[[-0.01975245  0.07545398  0.06990816]]
[[-0.00672293  0.03666683 -0.0901431 ]]
[[ 0.00410862 -0.00056935  0.01273245]]
[[-0.00561675  0.00033063  0.027275  ]]
[[ 0.13443774  0.063713   -0.50458045]]
[[ 0.1883354   0.15688057 -0.28057393]]
[[-0.37249641 -0.08899335  0.61895424]]
[[-0.04208516 -0.46479816  0.19571928]]
[[ 0.66281028 -1.69173724  0.21106173]]
[[-0.71854586  0.13511247 -0.31715137]]
[[-2.83537822 -1.58867325  2.75044536]]
[[-6.14454627  0.74445088  1.89530908]]
[[-0.13998728 -1.05802156  0.49808906]]
[[-0.72240634  0.12668545 -0.30625894]]
[[-0.20211176 -0.0100097   0.19406877]]
[[-0.01981436 -0.17390052 -0.01498132]]
[[-0.01399399  0.00094982  0.03392706]]
[[-0.04704944  0.00503444 -0.1031489 ]]
[[ 0.15253835  0.12610837  0.52642035]]
[[ 0.09955309  0.11785353 -0.55360724]]
[[ 0.88611566 -0.97737962 -0.59067475]]
[[ 1.78744348 -0.73993964 -1.38991982]]
[[ 0.68440587  0.9906577  -1.02784126]]
[[ 0.5083979  -0.90375214  0.00350337]]
[[ 0.42853546 -0.7463042  -1.18584372]]
[[ 0.82389143 -0.15975252 -2.13773672]]
[[ 0.03470206 -0.0269855   0.077107  ]]
[[-0.08523397  0.02277424 -0.08863544]]
[[-0.83843158 -0.59910939 -1.00513031]]
[[ 0.11649653 -0.81894581  1.02459922]]
[[ 2.59630524  1.62674031 -5.22839543]]
[[ 2.02848298  1.47990981  2.33504145]]
[[-0.63607014 -0.51863854 -1.3359284 ]]
[[-0.10932563 -0.4839163   1.05877337]]
[[-0.46008205 -1.13281906  4.6649794 ]]
[[ 0.27454702 -0.2918686   0.4865791 ]]
[[ 1.15744513 -2.42678815 -1.0628399 ]]
[[-0.14159833 -0.5535678  -0.35001922]]
[[ 0.73571068 -0.84336903  2.57984704]]
[[ 0.09518402  0.06809467 -1.02654089]]
[[-3.08436258 -3.02037083  2.40544797]]
[[-0.59621622 -2.08913147  3.88368346]]
[[ 0.47135378 -0.84368162  2.51038243]]
[[ 0.01962656 -0.02837125 -0.85982673]]
[[-0.13265688  0.64756929 -0.00981857]]
[[ 0.16041409 -0.00447889 -0.24087437]]
[[ 0.45874861 -1.38594598  0.25485239]]
[[ 0.32016113 -0.78753096 -0.79896686]]
[[-0.54736411  0.19511693 -3.0751842 ]]
[[-0.61788589  2.24956506 -0.19239137]]
[[-0.27057833 -1.42355354  0.73359027]]
[[-0.03490424 -0.51611863 -0.55699086]]
[[-0.08378568  0.19829499 -0.19842552]]
[[ 0.03284027 -0.03151633  0.03694824]]
[[ 0.12642209  0.02485971 -0.34864781]]
[[ 0.04727141 -0.00672681  0.0414594 ]]
[[-0.06857699  0.29666705  0.058062  ]]
[[-0.16036934  0.10807921  0.72010749]]
[[ 1.30589696 -0.28462234 -0.56469605]]
[[ 1.3858317  -0.92341323  1.83420746]]
[[-5.18879548 -1.97461681  4.53927021]]
[[-1.46447273  0.54674432 -2.22581392]]
[[ 0.59941645 -0.09033379 -0.68932633]]
[[ 0.25779232 -0.11586036  2.21394974]]
[[-0.20054928  0.04579176  0.14891315]]
[[-0.12245267  0.02011371  0.27086339]]
[[-0.04699578 -0.00457028  0.05524678]]
[[ 0.00050383 -0.0090904   0.00574725]]
[[-0.0122308   0.00072499 -0.02308366]]
[[ 0.00136726 -0.00095281 -0.01806553]]
[[-0.11005363 -0.13409442 -0.21987898]]
[[-0.01662245 -0.11693048  0.15094725]]
[[-0.1672303   0.4908243  -0.28582797]]
[[-0.19473212  0.27205501 -0.05264852]]
[[ 0.68676568 -0.11514362  1.05583818]]
[[ 1.72398633 -0.58152315  0.38508934]]
[[ 1.04770945 -3.72990958  1.16292925]]
[[-5.54308438  5.33524972 -6.10862566]]
[[ 0.54170455 -0.43016457  1.33037105]]
[[ 1.06176655  0.34845486 -0.52830444]]
[[-0.20528991  0.12725903 -0.03983579]]
[[-0.19825607  0.13397387 -0.10146296]]
[[-0.06827749 -0.05728009 -0.05982251]]
[[-0.10374138  0.04388498  0.11851879]]
[[ 0.01010946  0.0029596  -0.02279608]]
[[-0.00124127 -0.00060341  0.03449273]]
[[ 0.00428087  0.01455457 -0.06882845]]
[[ 0.00274686  0.00176583  0.01091984]]
[[-0.02124206  0.0002333   0.00417397]]
[[-0.01857087  0.00707597  0.02791965]]
[[-0.05529761 -0.14132952 -0.26246807]]
[[-0.11512204 -0.24213504  0.16099586]]
[[-0.56865358  0.15746246 -0.07278171]]
[[-0.23614634 -0.26143719 -0.58718484]]
[[ 0.44499593  1.33406335 -2.28891176]]
[[ 0.85219647 -0.63821642  1.19446954]]
[[-1.72093959  4.03793033 -2.1750639 ]]
[[ 2.57758891  3.06312612 -2.13692464]]
[[-0.02144725  0.56142179 -2.52214049]]
[[ 0.44699581  0.26138564 -0.06174238]]
[[-0.23336792  0.03544104  0.02180455]]
[[-0.20811333 -0.04039714 -0.0685927 ]]
[[ 0.05889536  0.0194998  -0.1488516 ]]
[[-0.02869792  0.07643807  0.11691875]]
[[-0.00698786  0.00420031  0.03644942]]
[[ 0.00257253 -0.00687575  0.00999269]]
[[-0.00403428 -0.00358757  0.06429702]]
[[-0.00247642 -0.0012115  -0.00635309]]
[[-0.00741333  0.01582883 -0.03058001]]
[[-0.01181414  0.00610117  0.0236116 ]]
[[ 0.04896571  0.00608288 -0.22858905]]
[[ 0.09546522 -0.09268979  0.35634276]]
[[-0.17669014  0.00500437 -0.21083311]]
[[-0.6606791   0.09966646 -0.32506382]]
[[ 0.48918847  0.3412501   0.5636268 ]]
[[ 0.52466093 -1.34465225  2.27498786]]
[[-0.71770356  2.84344039 -1.08012295]]
[[-3.04948515  3.05166847  0.56000342]]
[[ 0.67620396  0.26468536 -0.98815813]]
[[ 0.16033223 -0.14409519  1.54044529]]
[[ 0.02571065 -0.03673731 -0.13373593]]
[[-0.22351629  0.11806179 -0.09709949]]
[[ 0.01632464 -0.04003802 -0.04128728]]
[[ 0.02496232  0.00895087  0.01608618]]
[[ 0.0069993   0.02550042  0.00060977]]
[[ 0.00353764  0.00648128 -0.00073851]]
[[-0.07616249 -0.11385806 -0.3195745 ]]
[[-0.044727   -0.01521523  0.52092532]]
[[ 0.47758091 -0.12222547  0.10058836]]
[[ 0.0679389  -0.05613013 -0.58961004]]
[[-0.45367684  0.30533621  0.56937999]]
[[ 0.71166939 -1.41433646 -0.09377374]]
[[ 1.92924981  3.85987701  2.30204022]]
[[-0.64054172  1.14238142 -2.73846042]]
[[-0.37454084 -0.07851901  0.23707425]]
[[ 0.32137    -1.11038956  0.69247439]]
[[ 0.04537708 -0.00203451  0.04992041]]
[[ 0.02637654 -0.08214813  0.00337307]]
[[-0.05938436  0.0734922  -0.04214401]]
[[ 0.00242232 -0.02526269  0.05473929]]
[[-0.02882538 -0.54660358  0.08646501]]
[[ 0.2267822  -0.2039393  -0.27749467]]
[[-0.32586791 -0.76093779 -0.76981747]]
[[-0.83438622 -0.12596572  1.22085205]]
[[ 3.12529333  4.18802899  0.30954212]]
[[ 1.93904176  0.47201784  2.77023188]]
[[-0.37680734 -0.94655242 -0.68369101]]
[[-0.73994467 -0.39112482  1.78405545]]
[[ 0.0237432  -0.10412608  0.15166248]]
[[ 0.02197554 -0.0355568  -0.08899125]]
[[-0.66052171  0.7067818   1.64157381]]
[[-0.16153636 -0.71648691  0.07659718]]
[[ 1.07759113  1.83218052 -0.34097799]]
[[ 2.0207042   0.59061543 -0.33172702]]
[[-0.91474199  0.35441006  2.17485943]]
[[-0.16532212 -0.83640328  0.2340696 ]]
[[-1.75482577  0.83458436  5.77782349]]
[[-0.5865146  -1.1125024  -4.16954163]]
[[ 0.44722191 -1.30768934 -3.33743471]]
[[-0.44659285 -0.73770302  1.69933326]]
[[-0.01824031 -0.37116622 -2.21926503]]
[[-0.39779726  0.05579624  1.0820235 ]]
[[-0.48762991  1.2622597   1.9944772 ]]
[[ 2.18361364 -1.51597935  1.57624405]]
[[ 0.39125245 -0.0999364  -2.21858544]]
[[-0.207912   -0.06430491  1.39708941]]
[[-0.35399019 -0.03034649 -0.3467789 ]]
[[-0.07121305  0.06538193  0.01480848]]
[[ 1.42934006  2.32942863 -1.10609469]]
[[ 1.61149927 -0.03072021 -0.60550785]]
[[-2.81966762 -0.83518407  3.1118326 ]]
[[-1.34741027  0.22481847 -4.09426857]]
[[ 0.88462366  1.10179718 -0.27119996]]
[[ 1.20472685 -0.47839679 -0.16110989]]
[[-0.16815063 -0.06366059 -0.03209108]]
[[-0.06311413  0.01665218  0.0858663 ]]
[[-0.04261759 -0.04995256 -0.13192023]]
[[-0.02198791 -0.01365181  0.01884339]]
[[ 0.03301957 -0.21751321  0.10071263]]
[[-0.54400366  0.48483502  0.03926356]]
[[ 0.5704323   0.53216053  2.4877185 ]]
[[ 0.94072846 -0.804894   -1.7419108 ]]
[[ 0.71159462 -2.40718409 -3.39636038]]
[[-3.2463911  -0.29479744  2.22722972]]
[[-0.41306607  0.09737581  2.56838113]]
[[ 0.58159825 -0.81289863 -2.51784606]]
[[-0.12326523 -0.07985742  0.04756883]]
[[-0.24831049  0.20125981  0.16066649]]
[[ 0.00128933  0.02487747 -0.03020041]]
[[-0.00015798  0.02177368  0.04977931]]
[[ 0.01122888  0.01970082 -0.05221039]]
[[ 0.01203851  0.00689577 -0.01569497]]
[[ 0.01794455  0.16589624 -0.00429496]]
[[ 0.05463285  0.01263771  0.20078261]]
[[-0.30875226  0.04770809  0.30411841]]
[[ 0.1395739   0.39563873 -0.70742011]]
[[ 0.01806829  0.40803996  0.87243583]]
[[ 0.35196713 -1.17788106  0.40111774]]
[[-0.11423286 -2.31606604 -3.45740085]]
[[-0.44155935 -0.59974672  1.36164923]]
[[-0.09994947  0.17713785  0.35763332]]
[[-0.54507527 -0.8568727   0.24979179]]
[[-0.18130196  0.07913967  0.00434733]]
[[-0.08290936  0.26594902 -0.14594738]]
[[ 0.01318402  0.07117242 -0.00026801]]
[[ 0.00101224  0.04525341 -0.01709282]]
[[ 0.00503875  0.00505762 -0.02203367]]
[[  3.62198436e-04  -3.80828106e-05   2.56513921e-02]]
[[ 0.03547402  0.05272357 -0.0110504 ]]
[[ 0.02912476  0.01229631 -0.04028458]]
[[-0.02017001  0.01066694 -0.01020064]]
[[-0.01231514  0.00410676  0.03080534]]
[[ 0.11247102  0.05418903  0.05012563]]
[[ 0.03877907  0.12668355  0.10970058]]
[[ 0.25302317 -0.49156994 -1.06605295]]
[[-0.47045175  0.67881813  0.16250005]]
[[-0.48171065  0.45944187  2.46411904]]
[[ 0.77866933 -0.21791589 -1.64033196]]
[[-5.24945509 -1.20305752 -3.38661276]]
[[-0.54102438 -5.4249268   2.80648787]]
[[ 0.29396327  0.77698247  0.83788723]]
[[ 1.12888971 -0.30141968 -1.55998885]]
[[-0.02913828 -0.12835263 -0.31161252]]
[[-0.31931613  0.25792258  0.05866069]]
[[-0.03015892  0.061533    0.1024009 ]]
[[-0.01971777  0.00495061 -0.02506617]]
[[-0.00183274  0.01379165  0.02104506]]
[[ 0.00238302 -0.00195547  0.03622178]]
[[-0.03556887 -0.04666254  0.00507331]]
[[-0.02705287 -0.01102053  0.04120328]]
[[ 0.00229917  0.00370578 -0.01213011]]
[[ 0.00304783  0.00172729 -0.01127997]]
[[-0.01524967 -0.0135326   0.0288476 ]]
[[-0.01922651 -0.01490575  0.0518893 ]]
[[-0.02755441  0.00163627  0.03022385]]
[[-0.02534126  0.01402705 -0.0202823 ]]
[[-0.1620811  -0.03549642  0.18523928]]
[[-0.10111232 -0.09526087  0.2720822 ]]
[[-0.12541847 -0.28716417 -0.68922986]]
[[-0.12355779  0.39317543  0.55387685]]
[[-0.31310253 -1.15851108  0.98125075]]
[[-1.11556709  0.44984645  0.26087943]]
[[ 2.94798023 -1.28731487  0.27922128]]
[[-5.07422553  1.67789277  1.79742073]]
[[-0.40433949 -1.19345073  0.09760515]]
[[-0.8658464  -0.26234733  0.66322114]]
[[-0.06613168 -0.03663228 -0.12746266]]
[[-0.12997569  0.11700352  0.17327995]]
[[ 0.01400302  0.0864612   0.06320811]]
[[-0.03622234 -0.02951112  0.12300555]]
[[-0.00032908  0.00550169  0.00900374]]
[[-0.00179704  0.01471805 -0.01516602]]
[[ 0.01717954  0.00837998 -0.0273664 ]]
[[ 0.00982934  0.01902856 -0.04090938]]
[[-0.00211914 -0.00255565  0.0132907 ]]
[[-0.00401141 -0.00154904  0.01234523]]
[[ 0.00395808  0.0035157  -0.02809668]]
[[ 0.00643706  0.00691993  0.00912959]]
[[-0.00741353 -0.00142926 -0.01498364]]
[[-0.02777472  0.01593838 -0.00365156]]
[[-0.00348659  0.1580289   0.53725272]]
[[-0.03177576 -0.00445206 -0.0795435 ]]
[[ 0.16341364 -0.14224241 -0.55208002]]
[[-0.24589994 -0.01593027  0.5753164 ]]
[[ 0.56957132 -0.62477107  1.15626202]]
[[ 0.80680661  0.75089004 -0.31995985]]
[[ 0.47073875 -1.5381578  -2.01240298]]
[[-0.62889156  0.98172001  2.16703476]]
[[-0.11659793 -0.62335797  1.74679677]]
[[ 0.29782795 -0.33204142  1.11499455]]
[[ 0.08121639  0.06938085 -0.09752464]]
[[-0.01449174 -0.03112957  0.19435685]]
[[-0.05008969  0.13044204 -0.04010292]]
[[ 0.05499617  0.02978032  0.0447955 ]]
[[ 0.01421012 -0.01144213 -0.0283878 ]]
[[-0.011582    0.00987824  0.00940404]]
[[ 0.00054267  0.00249439  0.03274825]]
[[ 0.00238882 -0.00194076 -0.01328544]]
[[ 0.00614836  0.00829473 -0.02448661]]
[[ 0.00224016  0.01372824  0.0126908 ]]
[[ 0.11794558  0.00988045  0.07876728]]
[[ 0.04641509  0.06756667 -0.10093823]]
[[ 0.4903943   0.28046838 -0.23639216]]
[[ 0.46608334 -0.31083714  0.36548724]]
[[-0.5298954  -1.12073617  1.00106128]]
[[-0.02820789  0.42675847 -1.7394354 ]]
[[ 0.11913682  0.16761986  0.68230906]]
[[ 0.16005757  0.545261    0.54060806]]
[[-0.84348128 -1.00857482  1.65041043]]
[[ 0.04478533  0.14701073 -1.8644331 ]]
[[ 0.14879235  0.03563868  0.01215705]]
[[ 0.05360235 -0.02699981  0.15344991]]
[[-0.03117476 -0.01263173 -0.03235924]]
[[-0.15403118  0.09319915  0.09374745]]
[[ 0.00848348  0.00844763  0.02460403]]
[[ 0.02087426  0.00729583  0.0141023 ]]
[[-0.07111317 -0.06700567 -0.15745751]]
[[-0.08919717 -0.09686387  0.331228  ]]
[[ 0.10425461  0.23476105 -0.21371859]]
[[ 0.53216807 -0.19439428 -0.17912331]]
[[-1.02164393  0.62510228 -0.94379952]]
[[ 0.10085869  0.22726264  0.15857066]]
[[ 2.19294042  0.87561778  4.06783452]]
[[ 2.29110106  2.57346059 -6.09493657]]
[[-1.37849141  0.69097337 -0.87646106]]
[[-0.11690701  0.18531282 -0.17135272]]
[[ 0.0452942  0.0497909 -0.0270007]]
[[ 0.15245147 -0.06713614 -0.1035517 ]]
[[ 0.02791394  0.03000905  0.01558967]]
[[ 0.0251066   0.04896775 -0.01683403]]
[[-0.20937221 -0.18014295 -0.06871276]]
[[-0.38086079 -0.27852513  0.42164859]]
[[ 0.61692794 -0.90247017  1.72088689]]
[[-1.55750637  0.83387582 -0.5738862 ]]
[[ 1.53961645  3.35192746 -9.42090828]]
[[ 2.81238788  3.68870127  0.33851187]]
[[ 0.69939439 -0.87435668  1.47297289]]
[[-1.6272402   0.93029056 -0.89837605]]
[[-0.02899404 -0.01020875  0.01804218]]
[[-0.04964018 -0.04883905  0.03413441]]
[[ 0.18404006  0.09756626  0.38529057]]
[[ 1.13306485 -0.22506626 -2.46146951]]
[[-0.88655496  1.73952264 -0.47767609]]
[[-1.41080955  3.09768668  1.13822268]]
[[ 0.02086855 -0.20402854  0.89868995]]
[[ 0.86745422 -0.52799734 -2.10461153]]
[[ 0.61365248  1.31541767  2.09162101]]
[[-0.05184805  1.47994569 -5.26293072]]
[[-0.4952987  -1.41452951 -0.17458669]]
[[-1.60035823  0.26211284  2.0664377 ]]
[[ 0.59384091 -0.22532852 -1.11590624]]
[[-0.95997265 -0.04389905  3.49776991]]
[[ 1.36477265 -3.74953891 -1.83079199]]
[[-0.06100903  0.32794962 -3.69974917]]
[[ 0.52979138  0.25998481 -1.78940356]]
[[-0.25154853  0.3175185   2.88299711]]
[[-0.04039961  0.16386016 -0.55224107]]
[[-0.02539883 -0.2074222   0.4607187 ]]
[[ 0.76991371 -0.77269028  0.24072044]]
[[ 1.75567375  0.76595363 -2.04516688]]
[[-4.48822387 -0.91933408  3.59192541]]
[[ 0.23020948 -3.94070971  2.45289574]]
[[ 0.06667412 -0.39194798 -0.7133019 ]]
[[ 0.63569184  0.73072442 -1.30624459]]
[[-0.12541287 -0.04417586 -0.01113898]]
[[-0.13188979 -0.05226238  0.17310208]]
[[ 0.02401672 -0.09455379  0.29425903]]
[[-0.12217276 -0.02852343  0.0557982 ]]
[[ 0.68807645 -0.08405248 -0.20778804]]
[[-0.04016072 -0.00290288 -0.15964897]]
[[-0.91540536 -1.57215552 -1.64168774]]
[[-0.23344844  0.27281936 -0.58924661]]
[[ 2.54101854 -1.17287499  0.25635272]]
[[-0.45631781  1.16651279 -0.16214335]]
[[-0.86212028 -1.36373005 -0.94986117]]
[[-0.74923139  0.04535443 -0.44350024]]
[[ 0.09692514 -0.04950187 -0.08385316]]
[[-0.16429847  0.035644    0.06779772]]
[[-0.0129075   0.00067123 -0.05058193]]
[[-0.03309156  0.0321672   0.08445161]]
[[-0.00641307  0.00369491 -0.03701336]]
[[-0.01001381  0.0279937   0.01363181]]
[[ 0.05126155 -0.0697255   0.33223598]]
[[ 0.17860845 -0.02508004 -0.36753516]]
[[-0.27402619  0.04329847  0.74768536]]
[[ 0.50358917 -0.8829938   0.50348966]]
[[-0.15479725  0.73412204 -0.17774185]]
[[-0.06462534  0.68474639 -0.87616782]]
[[-0.88313347 -1.245083    0.1688483 ]]
[[-2.38318318 -0.32857411  4.64629155]]
[[ 0.03562837  0.99414261 -0.09671059]]
[[ 0.14069913  0.43211942 -0.36590933]]
[[-0.15896592  0.08368651  0.09019367]]
[[ 0.04077004 -0.15709953  0.31538807]]
[[ 0.00040039 -0.03818148  0.02668816]]
[[-0.01855422  0.07260757 -0.05855962]]
[[ 0.00481598  0.00103479  0.01987833]]
[[-0.0047686   0.00836359  0.01214421]]
[[ 0.02162189  0.02913291  0.00261544]]
[[ 0.03795963  0.03956877 -0.06851468]]
[[-0.00522081  0.00572705 -0.00856296]]
[[-0.0154769   0.02097033 -0.02476982]]
[[-0.1591344  -0.17348522 -0.06628931]]
[[-0.05982938  0.05905826 -0.19049178]]
[[-0.08418142  0.22755423  0.40145891]]
[[-0.14286264 -0.27889158  0.49716744]]
[[ 0.1423275   0.32459066 -0.11171046]]
[[ 0.388005   -0.16625565 -1.54235801]]
[[ 1.35758447  2.85759058  5.83859915]]
[[ 2.65295301 -4.53148813  1.12121438]]
[[-0.43457239  0.79787899  0.56037297]]
[[ 0.57763779  0.3672951  -1.39016274]]
[[ 0.0816205   0.08585326  0.14409533]]
[[-0.11963745  0.01678912  0.19543946]]
[[-0.04630149 -0.12996792  0.14176476]]
[[-0.0389097   0.04854213 -0.14739684]]
[[ 0.01999757 -0.0003406  -0.01314513]]
[[ 0.01133912  0.00326448 -0.01863849]]
[[-0.01713126 -0.02364863 -0.00250425]]
[[-0.03094774 -0.03890597  0.07059213]]
[[-0.00231796 -0.00119753 -0.00842174]]
[[-0.01194161  0.00138858 -0.00662579]]
[[ 0.06365441 -0.11835571  0.1583282 ]]
[[-0.13456846  0.02450926 -0.32687272]]
[[ 0.05801044 -0.07767909  0.82301544]]
[[-0.08727904 -0.29644887  0.22839989]]
[[-0.09318077  0.87504565 -0.45567769]]
[[ 0.2457314  -1.04414345  0.39595587]]
[[ 2.24213224  3.39025761 -2.6310806 ]]
[[ 3.6708485   1.57771603 -4.45000672]]
[[-0.85590934  0.86334858 -0.05123548]]
[[-0.64065356 -0.09537779 -0.77648673]]
[[ 0.06759802  0.01993638  0.38038696]]
[[ 0.00993045 -0.07404547  0.0369294 ]]
[[ 0.0069173   0.01288147 -0.05090401]]
[[-0.01423833  0.1154242  -0.1030757 ]]
[[ 0.00168803  0.00533851 -0.00086665]]
[[ 0.01487433 -0.01534223  0.04896463]]
[[ 0.05584236  0.08185054  0.12617497]]
[[ 0.26171639 -0.04481234 -0.5346796 ]]
[[ 0.32796681 -0.25401165  0.21356542]]
[[ 0.16991779 -0.14543558 -0.07246925]]
[[-0.67703971 -1.1369219   0.12600614]]
[[-0.11689459 -0.54219576 -1.0326536 ]]
[[ 2.25034032  3.57649032 -5.77461679]]
[[-0.70091285  0.64649659  6.48572851]]
[[-0.58517481 -0.37819211 -0.90555608]]
[[-0.37692905  0.2918531  -2.33336246]]
[[ 0.20087483 -0.01290984 -0.06400514]]
[[ 0.16200775 -0.00200335 -0.0952984 ]]
[[ 0.0259801   0.02424672 -0.01538027]]
[[ 0.01223381  0.05557982  0.06546647]]
[[ 0.09344205  0.09857972 -0.12608828]]
[[ 0.38302629  0.08357028  0.02450659]]
[[-1.17998013 -0.8519794  -0.65129916]]
[[-1.75401954 -0.56157775  1.51593167]]
[[ 2.79777302  0.82463153  2.67772474]]
[[ 2.23082294 -0.82495535 -3.10242296]]
[[-1.15971428 -0.81772472 -0.69675562]]
[[-2.12167848 -0.19908063  1.4154592 ]]
[[ 0.02537429  0.06541948 -0.00670686]]
[[ 0.11509816 -0.00012547  0.09227163]]
[[ 0.11019206 -0.02749492 -0.01123503]]
[[ 0.67623875 -0.68728171 -0.55494404]]
[[-1.39183635 -0.61988272 -2.85251404]]
[[ 0.05344463 -0.67719702  3.64833761]]
[[ 0.07186413 -0.11981411  0.1059836 ]]
[[ 0.63700602 -0.79399573 -0.42858409]]
[[ 0.59692369 -0.18015569 -2.51287612]]
[[-0.8022777   2.15542057  6.64644537]]
[[-0.01217816  2.254957   -3.10497991]]
[[ 2.22881165 -1.51760793  2.80098184]]
[[ 1.87270117  2.04313503 -2.35869561]]
[[ 1.79802047  0.15313958  0.37291497]]
[[ 1.6458765  -5.89146529  3.81407151]]
[[-3.97490344  0.16344268 -0.10420289]]
[[ 1.20103324  1.12245383 -2.3359072 ]]
[[ 0.83281406  0.44696211  1.83941757]]
[[ 0.22455838  0.5247753   0.13753704]]
[[ 0.44611249 -0.07052147  0.45341159]]
[[-2.33851441  0.2668749  -0.66850744]]
[[-0.39763818 -0.90046254  2.63634228]]
[[-5.12030721  0.48714972  7.89390212]]
[[ 2.49476819 -6.02332521 -3.93621897]]
[[-2.01715531  0.1972621   0.16614997]]
[[-0.3524644  -0.58630603  1.96232499]]
[[-0.04334599  0.12394791  0.1751825 ]]
[[ 0.00739908 -0.03693957  0.16127211]]
[[ 0.05431171  0.07696157 -0.20414014]]
[[ 0.12438149 -0.03056769 -0.37134356]]
[[-0.0715062   0.04456112  0.79171656]]
[[ 0.01143937  0.46455516 -0.99927513]]
[[-1.22239139  0.10496528 -1.37037651]]
[[-2.59774091  0.0028999   2.71614871]]
[[ 1.87153467 -2.65373099 -0.28770618]]
[[-1.6249468   1.66694691 -3.35245864]]
[[-1.3912951  -0.14429925 -0.85278502]]
[[-2.341143    0.20960351  1.32916738]]
[[ 0.07889039  0.06445052  0.23488832]]
[[-0.09432488  0.19865826 -0.21828763]]
[[ 0.0879231   0.05453629 -0.18037228]]
[[ 0.03675717 -0.00791179  0.10783031]]
[[ -3.07567385e-05  -9.23515043e-04  -3.55524326e-02]]
[[-0.00713165  0.00143581  0.01726302]]
[[-0.06132516  0.08357134 -0.53274199]]
[[-0.02140945 -0.02737132  0.17197003]]
[[ 0.03138184 -0.09147046  0.30897433]]
[[-0.22304398  0.21950094 -0.90675468]]
[[ 0.01356509  0.30997002 -1.1141822 ]]
[[ 0.04751543  0.67785493  0.1930323 ]]
[[ 1.73362309 -4.58103153  2.79113965]]
[[-0.35145651 -0.69481127 -2.28931235]]
[[-0.07285087  0.11069108 -2.17741537]]
[[-0.2438471   1.36885267 -0.59866893]]
[[ 0.03619849  0.1364461   0.13007575]]
[[ 0.03159475  0.0025038  -0.12383961]]
[[-0.07496611  0.06062381 -0.09012673]]
[[ 0.04838775 -0.08046914  0.03629624]]
[[ 0.0080709   0.00946753  0.01164733]]
[[ 0.01604979 -0.00599198  0.00645455]]
[[-0.05964918 -0.03897117 -0.03326228]]
[[-0.1172998  -0.14543849  0.28684017]]
[[ 0.5060382   0.03505693  0.46491046]]
[[ 0.35952775  0.09652904 -1.03507951]]
[[-0.0378396  -1.31744192 -0.60322097]]
[[-0.96741867  0.58083637  1.36303492]]
[[ 2.69092438 -1.97925899  1.1248888 ]]
[[ 3.78763132 -0.31175973 -5.36402453]]
[[-0.48214292 -2.13541179 -1.5291317 ]]
[[-1.42551727  0.78419351  0.99054192]]
[[ 0.3184994   0.02146282  0.00094432]]
[[ 0.15587528  0.08225093 -0.3943941 ]]
[[-0.03675419 -0.0443995   0.0316913 ]]
[[-0.11837093 -0.05602602  0.07379845]]
[[ 0.01137336  0.20294709  0.13442039]]
[[ 0.50165497 -0.32951587 -0.67097735]]
[[-1.28468004  1.60211106 -0.89531073]]
[[ 1.02904708  0.36022597 -0.35976634]]
[[ 2.05976739 -3.93922846  2.09107022]]
[[ 0.54609587 -0.12607697  5.5953927 ]]
[[-1.95607288  1.17776502 -1.61086923]]
[[ 0.2596205   0.06156926  0.88092631]]
[[ 0.04212822  0.13707447 -0.02404387]]
[[ 0.26228833 -0.13616744 -0.02829116]]
[[-0.28643805 -0.19335885 -0.22814666]]
[[-2.10234682  0.73695673  1.13018771]]
[[ 2.07940575  0.91998084  0.52719158]]
[[ 5.08400421  0.32939094 -2.17927758]]
[[-0.05851245 -0.21208475 -0.34905839]]
[[-1.83644975  1.03307375  1.25943331]]
[[ 0.3634691   0.79187908  0.48993295]]
[[ 0.73059898  1.48003281 -0.96848099]]
[[-1.22301556  3.0617493  -2.79893235]]
[[ 4.37254423 -0.70618611  0.2842511 ]]
[[-0.78677137 -0.25139222  1.11034172]]
[[-0.2966412   2.57799837 -0.63924492]]
[[ 0.96911475 -3.416415   -3.3024722 ]]
[[-5.9114436   2.19812634 -3.26640766]]
[[-0.77186329 -0.56287702  1.41346718]]
[[-0.62393921  1.83825259 -0.31985068]]
[[ 0.27429208  0.24967989 -1.07822673]]
[[ 0.34488184  0.24211951 -0.34366782]]
[[-1.23916961 -0.23010103  0.64782717]]
[[-1.99389301  0.89809772  0.40721093]]
[[ 2.73404595  1.93548578 -0.47730319]]
[[ 3.96696351 -4.29241179 -1.06436671]]
[[-1.3866387  -0.61027801 -0.73697497]]
[[-1.70532373  0.60163737 -0.19297563]]
[[ 0.06194009  0.15477662 -0.16656755]]
[[ 0.09460145  0.03625259 -0.11596265]]
[[ 0.00916128 -0.0178306  -0.24395255]]
[[-0.08577517  0.08638569  0.48790044]]
[[ 0.02723914  0.04787547 -1.21808286]]
[[-0.03414334 -0.18488775  0.66637335]]
[[ 1.04123632  2.50029855 -1.08791378]]
[[ 0.06369233  0.84741806  0.75921609]]
[[ 1.47204319  0.9035793  -0.98149018]]
[[ 3.04909375 -4.79606993  2.01819433]]
[[ 0.65498519  2.32239702 -1.70240596]]
[[-0.26654647  0.46099085  2.262553  ]]
[[ 0.20082798  0.01381275 -0.37943198]]
[[ 0.00286276  0.07919493  0.00501964]]
[[ 0.02475535  0.00873529 -0.05860456]]
[[-0.03315313  0.11223115  0.13946461]]
[[ 0.05008143  0.13951933  0.19720223]]
[[ 0.26747583 -0.29939559  0.0307483 ]]
[[-0.42938821  0.84237323  0.52493428]]
[[ 0.5296838   0.12832811  0.48710822]]
[[ 1.15431154  3.5166898   2.11034133]]
[[ 2.33701663 -4.59030997  0.26157771]]
[[-1.46454209  1.2532331   1.57308324]]
[[ 0.42029417 -0.08587151  1.10097731]]
[[ 0.09591532  0.18043106 -0.1233228 ]]
[[ 0.31800397 -0.1304725   0.1444071 ]]
[[-0.46363106 -0.80538695 -0.30156339]]
[[-2.43270819  0.83117101  1.01829404]]
[[ 1.59020832  0.49110928  5.74127413]]
[[ 3.26259899 -3.10269462 -4.41846353]]
[[-0.75751523 -1.32278206 -0.41852664]]
[[-3.67019714  1.00620388  1.61173887]]
[[-0.87076124 -0.33868658 -0.61044159]]
[[ 0.14957908 -2.64309648 -0.90496598]]
[[-0.5614829   0.78498995 -7.50511647]]
[[ 1.57231792 -1.41729555  6.89467599]]
[[-2.13273359 -2.0191104   1.89019219]]
[[-1.48405789 -0.56324562 -1.22503359]]
[[ 0.2696844   0.40367227  6.32073363]]
[[-1.53742152 -0.42681737  3.7825517 ]]
[[-2.12511773 -1.62033371  1.49908015]]
[[-1.37954072 -0.38629537 -0.71411165]]
[[ 0.07463183  0.01515803 -0.71011825]]
[[-0.06495417  0.17083712  1.73990415]]
[[ 0.70252682 -1.86747041  0.84430411]]
[[-1.4958951   0.22667265 -0.086459  ]]
[[-0.1684686   0.01928596 -0.05310749]]
[[ 2.22539977  1.7981696  -5.18509771]]
[[-0.36018963 -1.84067733  2.09554793]]
[[-2.2808794   0.3608298   1.24709813]]
[[ 0.08709468  0.13937353 -0.37325745]]
[[ 0.15211156  0.00673227  0.41531275]]
[[ 0.72503277  0.23909526  0.06882308]]
[[ 1.90382544  0.9797063  -1.81278688]]
[[ 2.425794   -0.97953397 -5.64989383]]
[[-1.55575467  2.84101932  3.2518623 ]]
[[ 0.61825207 -0.18599138  0.91172105]]
[[ 0.85767888  1.83093801 -3.45768927]]
[[ 1.62559758  2.35864161  3.05025178]]
[[ 4.77524335  1.09215201 -6.65685115]]
[[-0.04671897 -1.02895029  3.45154124]]
[[-0.67915726 -0.41377103  1.28009214]]
[[-0.71756537 -0.58430919  0.30778373]]
[[-0.22196312 -2.23390186 -0.50510288]]
[[ 1.97586459  0.57059    -2.17849565]]
[[ 2.30986031 -0.22251015 -7.19830855]]
[[-0.87726805 -0.80734536  1.14339967]]
[[-0.68902447 -1.61956561 -1.47605969]]
[[-0.48434814 -0.06016246 -3.43125029]]
[[ 0.45951967 -2.68278566  9.5893597 ]]
[[ 0.14177475  0.28923724  0.03903953]]
[[ 0.64436793 -1.07134922  0.16931197]]
