[[ -8.95650301  12.67601569  -2.52979421]]
[[ 3.38315556 -5.16846229  9.88524831]]
[[-31.36710632 -38.87909697  -5.26635926]]
[[-42.33534329   4.96391622  -5.81208287]]
[[-0.53648642 -0.44219403 -0.25757724]]
[[-0.69044466  0.41526898 -1.14142132]]
[[ -4.47339181 -16.01101462   0.27732256]]
[[ -8.4376709  -11.39053452  -7.95234341]]
[[ 0.02252543  1.29957028 -0.12126105]]
[[ 0.79712985  0.06133192 -0.20437691]]
[[ 31.41666041  25.67328237   6.4874225 ]]
[[ 26.73647393  -7.4586477    4.97946613]]
[[  1.57009373  12.54205337   2.03622501]]
[[ 11.36323774  -0.63471722  -1.91996068]]
[[ 0.69915964  1.37683228 -0.26185469]]
[[ 1.19636069 -0.16274672  0.59104913]]
[[-23.88062172  20.0106443    4.50775721]]
[[-26.52845306  -8.6296275    4.67682799]]
[[ 0.14897317  0.78048767  0.81793626]]
[[ 0.50869601  0.10269212 -0.20421973]]
[[-0.03721082  0.34314517  0.10784096]]
[[ 0.20365082  0.07389012 -0.0405578 ]]
[[-0.59673033  0.50662183  0.60188455]]
[[-0.31303147  0.16195245  0.28336592]]
[[ 9.87990258 -1.02012635 -4.9084607 ]]
[[ -0.44585428 -14.1800707   -2.35901217]]
[[-0.13439413 -0.68864015  0.57945752]]
[[ 0.1113122   0.16106857 -0.73514277]]
[[-0.03970496  0.33955155  0.2713588 ]]
[[ 0.1898955   0.08822882 -0.18790136]]
[[-0.55811598  0.31235638  0.69640742]]
[[-0.14768218  0.35864621 -0.72104603]]
[[ 26.04450535 -19.12602414  -7.33699079]]
[[ 16.61588578  -2.69647177  -2.31362347]]
[[-0.17067422  0.48543835  0.2350153 ]]
[[ 0.21462983  0.22541303 -0.48825015]]
[[-4.17283045 -0.61126083  5.94266732]]
[[ 1.39504555  0.59834726 -4.11706781]]
[[-2.48409031 -2.71639326  0.82477034]]
[[-1.85354328 -3.89583054 -1.40719943]]
[[-0.41326169 -0.41411818  0.12514132]]
[[-0.55684707 -0.4804234  -0.26963048]]
[[ -0.9553034  -11.44655951   1.0977555 ]]
[[-0.99938568 -1.86556835 -1.61085221]]
[[ 0.45823656  0.47650122  0.26089287]]
[[ 0.33501565  0.5897768  -0.13297667]]
[[ 0.03317724  0.11851396 -0.12422572]]
[[ 0.0170995   0.14706855 -0.06222022]]
[[ 0.2762481  -1.01086357  0.63640373]]
[[ 0.33994159  0.01041513 -0.54555243]]
[[ -5.20227359   3.13903526  11.48620768]]
[[  5.82175903 -20.99185826 -11.69723155]]
[[-0.22288476 -0.48941981  0.08344096]]
[[-0.1952635   0.16477619 -0.48760575]]
[[ 0.14496217  0.24414769  0.08935572]]
[[ 0.11455315  0.28797576  0.14927798]]
[[ 0.05675186  0.10996263 -0.07028177]]
[[ 0.05920074  0.11772959  0.0201244 ]]
[[-0.06449287 -0.21967968 -0.07921554]]
[[-0.03859951 -0.23050315  0.0490022 ]]
[[-0.30601589  0.52588835  0.73448707]]
[[ 0.24617801  0.47493521 -0.37806899]]
[[ 13.53871053 -14.92976686  11.0694928 ]]
[[  9.56346921 -14.15075016  -0.4104305 ]]
[[ 0.10821217  0.48378935  0.17055842]]
[[-0.05909684  0.42478629  0.25222406]]
[[-0.06578039 -0.18569075 -0.04066536]]
[[-0.03518676 -0.24443952  0.09692483]]
[[ 0.0525254   0.10860227  0.0252858 ]]
[[ 0.05223267  0.1174007   0.0505511 ]]
[[ 0.14751837  0.3049011  -0.10010688]]
[[ 0.16569622  0.32442909  0.17178498]]
[[-0.3578692  -0.07263092 -0.57010393]]
[[-0.35611945 -0.43017964  0.29506108]]
[[  5.19076076 -16.08941844  -9.81935834]]
[[-4.24541136  1.72976587  7.7942017 ]]
[[ 0.05527679 -0.10497928 -0.42381799]]
[[ 0.13180876 -0.98229796  0.77354038]]
[[ 0.06350702  0.21582814 -0.0471945 ]]
[[ 0.08262288  0.22332958  0.04769032]]
[[ 0.38896711  0.81390681 -0.30545883]]
[[ 0.53210103  0.69542552  0.48447816]]
[[-1.48187963  0.54604538 -3.3777487 ]]
[[  0.22399125 -10.51224434   3.92536781]]
[[-0.22748428  0.03219187  0.01047691]]
[[-0.07859148  0.02646264 -0.09544043]]
[[-1.30964623 -2.86226148  0.24130651]]
[[-1.92091444 -1.98926725 -0.62366204]]
[[ 2.59863571 -0.52977674 -1.92994931]]
[[-4.63462008  2.85916311  3.81260113]]
[[ 0.10535501  0.03213489 -0.01171215]]
[[-0.08272074  0.3112018  -0.42186443]]
[[ 18.96223839   0.14834084  -9.51734189]]
[[ 38.04729254 -23.14140807   2.39395448]]
[[-0.31339805  0.2231721  -0.9029089 ]]
[[-0.56914081 -0.01388061  0.76993051]]
[[ 0.20217328  0.09630003 -0.1410562 ]]
[[ 0.01727285  0.41969924  0.03341227]]
[[ 0.30467577  0.26121398 -1.32340205]]
[[ 0.41154329 -1.35439441  0.66431132]]
[[  1.3821393  -16.22972502  -1.0184479 ]]
[[ 9.23648278 -2.02562606 -3.68445694]]
[[ 0.12510872  0.13281641 -0.04399608]]
[[-0.13003504 -0.08644611  0.90686635]]
[[ 0.21147431  0.0980635  -0.09923105]]
[[ 0.02371185  0.43614971  0.18100153]]
[[ 0.38913743  0.31677468 -0.49804071]]
[[ 0.03346779  0.96027886  0.72222887]]
[[-18.21192112  -8.99546131  10.34490166]]
[[-21.09891309  16.89921204  -8.50284272]]
[[ 1.00673502  0.12461382  0.3805738 ]]
[[ 0.60790864  1.56608879 -0.01768832]]
[[ 9.46411287  0.54014271 -1.57700221]]
[[  3.50498259  12.29891406   0.84201787]]
[[ 29.97239966  -4.23893758   3.51912263]]
[[ 47.3304337   28.31033468   4.15641124]]
[[ 1.61119436  0.22939206 -0.38358998]]
[[ 0.95385623  2.55370743  0.00952454]]
[[-16.03693049 -15.9412431   -8.7666169 ]]
[[ -7.09419119 -17.87758996  11.63655106]]
[[ 0.23054506  0.20927621 -0.67196605]]
[[ 0.07962577  0.59943427  0.06587358]]
[[-31.81297742   0.19791597   0.21359213]]
[[-28.95480601 -30.76129013  -0.29785449]]
[[-4.20606563 -4.73089534  5.07576245]]
[[-11.09202897  10.9379213  -11.00672906]]
