[[-0.00759239 -0.00743885  0.00158561]]
[[ 0.01267055 -0.00200715  0.01267686]]
[[ 0.01505785  0.0058721   0.0209841 ]]
[[-0.01085592  0.01051936  0.00954812]]
[[-0.01195037 -0.00416595 -0.00165221]]
[[ 0.01373688 -0.00453122  0.00397703]]
[[ 0.03581923  0.01499117  0.04791124]]
[[-0.02616477  0.02260489  0.02542009]]
[[-0.00295678 -0.00591253  0.0056352 ]]
[[ 0.00476514 -0.0045411   0.01393606]]
[[ 0.02288509  0.0082305   0.03270169]]
[[-0.01419089  0.01058539  0.01954274]]
[[-0.0012977  -0.01070374  0.00215389]]
[[-0.00056852 -0.00433839  0.00786275]]
[[-0.01374899 -0.00017917  0.00734214]]
[[ 0.02035337  0.01694248  0.00601736]]
[[-0.00770108  0.00151017  0.00439414]]
[[ 0.00815129 -0.0053646   0.00050331]]
[[ 0.01706632  0.00466937 -0.00453868]]
[[-0.03354565 -0.00836584 -0.00072287]]
[[-0.01105555 -0.01167474  0.00167968]]
[[ 0.01543527 -0.00410959  0.01668071]]
[[ 0.01754506  0.00639787  0.00270479]]
[[-0.02394158  0.00242922 -0.00162806]]
[[-0.00720881 -0.00266485 -0.00167961]]
[[ 0.00301325 -0.00286621  0.00270106]]
[[-0.1731556  -0.14891213 -0.26410922]]
[[ 0.14804357 -0.09576457 -0.18561735]]
[[-0.00449028 -0.0061292   0.00247118]]
[[-0.00224511 -0.00629317  0.00540872]]
[[ 0.34973593 -0.05189245  0.13455251]]
[[-0.2163396   0.18836155  0.02255577]]
[[-0.00240875 -0.00177957  0.00157645]]
[[ 0.00775571 -0.00246792  0.00181654]]
[[-0.00470169 -0.11600493 -0.36878662]]
[[ 0.06433555 -0.39046715 -0.03252405]]
[[ 0.00354081 -0.00040738 -0.00021593]]
[[-0.00639974  0.00012334 -0.00061462]]
[[-0.24475368 -0.03272273  0.22768403]]
[[ 0.26822795  0.18486482 -0.05821129]]
[[-0.00572574 -0.00563005  0.00062943]]
[[ 0.00397835 -0.00209291  0.01006572]]
[[ 0.14369512  0.15835161  0.10367263]]
[[-0.22908048  0.03286417  0.24650551]]
[[-0.00232774 -0.00516809  0.00468157]]
[[ 0.00250429 -0.00610653  0.00636455]]
[[-0.01398285 -0.27449586 -0.15275947]]
[[ 0.42824051 -0.00167338 -0.12360472]]
[[-0.00430234 -0.00297584  0.00361449]]
[[ 0.00387329 -0.00244891  0.00337765]]
[[-0.30017555 -0.02034214 -0.17499828]]
[[-0.20825867 -0.26328985 -0.10067702]]
[[ 0.00109152  0.00497239  0.00205682]]
[[ 0.0044335   0.00097382 -0.00133476]]
[[ 0.2011853   0.06729623  0.15734454]]
[[ 0.05279764  0.07717721  0.19653715]]
[[ 0.00385628 -0.00410058 -0.00324178]]
[[-0.00695345  0.00248539  0.00281593]]
[[-0.02853391 -0.12873669  0.00940135]]
[[-0.08668519 -0.02450801 -0.06390458]]
[[-0.0047046  -0.00380957  0.00359759]]
[[-0.00253442 -0.00486469  0.00797823]]
[[ 0.21516826 -0.07624359 -0.06254389]]
[[-0.23954285  0.01310829 -0.14503764]]
[[ 0.00015317 -0.00381491  0.00531748]]
[[ 0.00749381 -0.00305028  0.00520715]]
[[ 0.02744483 -0.10507494 -0.25301508]]
[[ 0.15032816 -0.37853499  0.00366088]]
[[ 0.0035825   0.00107758  0.00047333]]
[[-0.0021486   0.00139786 -0.00045227]]
[[-0.21819095 -0.09857538  0.21008961]]
[[ 0.27569436  0.21516207 -0.05853673]]
[[-0.00416685 -0.00755348  0.0012999 ]]
[[ 0.01237171 -0.00236393  0.01298294]]
[[-0.51309249 -0.11065754 -0.20942254]]
[[ 0.49156567 -0.11923816 -0.06647526]]
[[-0.78151513 -0.32448101  0.06088105]]
[[ 1.15723355 -0.23765732  0.55449308]]
[[-0.10827154 -0.12269247 -0.16263688]]
[[ 0.08717787  0.01901596 -0.19537122]]
[[ 0.06059497 -0.0934571   0.42804119]]
[[-0.15502576 -0.21364522  0.39617889]]
[[ 0.4436501   0.01930079  0.26724133]]
[[-0.33731744  0.28728227  0.09743493]]
[[-0.13248646 -0.56786325  0.04471685]]
[[ 0.01088879 -0.08435959  0.44296138]]
[[ 0.02735352 -0.08332188 -0.38607285]]
[[ 0.08348038 -0.43323157  0.03998453]]
[[-0.21256172  0.22841442  0.25099526]]
[[ 0.27661743 -0.22131087 -0.14478514]]
[[-0.27963697  0.04189778  0.39899963]]
[[ 0.28926342  0.26192047  0.03827457]]
[[-0.11364194  0.17666917  0.17546681]]
[[ 0.39159721  0.22565303  0.11464339]]
[[-0.01673378  0.21490621 -0.00493428]]
[[-0.20339177 -0.0866788   0.28277228]]
[[ 0.3841252   0.13086198  0.20062028]]
[[-0.33880723  0.08040245  0.24284849]]
[[ 0.09318447 -0.30792158  0.00124422]]
[[ 0.48626562  0.07687639 -0.09804802]]
[[-0.28982544 -0.53246562 -0.12987571]]
[[-0.01379672 -0.01600673  0.57598096]]
[[-0.37131599  0.05853155 -0.10641665]]
[[-0.25372387 -0.29415948 -0.05468175]]
[[-0.17084397  0.00646116  0.1567792 ]]
[[ 0.46757581 -0.2749165  -0.0590431 ]]
[[ 0.24398089  0.16254306  0.33670344]]
[[ 0.01072748  0.27339009  0.29272374]]
[[ 0.21296496  0.05235834  0.06948053]]
[[-0.23231     0.07909929 -0.09802608]]
[[ 0.11219347 -0.18274644 -0.13779768]]
[[-0.26463903 -0.17955436 -0.01200025]]
[[ 0.63542202  0.5481414  -0.34538082]]
[[-1.18759937  0.18299084 -1.1866395 ]]
[[ 0.18574072 -0.09944579  0.13087605]]
[[-0.01431604  0.05200597 -0.05944714]]
[[-0.33639789  0.23031923  0.056176  ]]
[[-0.11360073 -0.10356829 -0.02196454]]
[[-0.03738928  0.12651295  0.02316006]]
[[-0.04211404 -0.10140369  0.16333625]]
[[ 0.36527026  0.13370161  0.30455815]]
[[ 0.11718865  0.08665296  0.06312146]]
[[ 0.1504668  -0.15109932  0.14363948]]
[[ 0.02029801  0.13616378 -0.06725704]]
[[ 0.02705138 -0.22559935 -0.151168  ]]
[[-0.28134865  0.19699601  0.28893811]]
[[-0.09871702 -0.00254848 -0.198387  ]]
[[-0.14186933 -0.36227965  0.08329277]]
[[-0.24702122 -0.03482441  0.09693981]]
[[ 0.11422421 -0.28927911  0.07635189]]
[[ 0.06473759 -0.04619686  0.27984784]]
[[ 0.39117755  0.18092706  0.18299689]]
[[ 0.08142452 -0.01114039  0.13736412]]
[[ 0.13878646  0.01736715  0.01542412]]
[[-0.18999692 -0.09027408  0.00354376]]
[[-0.14631923  0.02101552 -0.20557776]]
[[-0.10180283  0.05904844 -0.05271533]]
[[-0.0195221   0.09068724 -0.01661452]]
[[ 0.01863689  0.16937319 -0.04420312]]
[[ 0.07678584  0.00799119  0.09422763]]
[[ 0.58070752  0.53206408 -0.28480785]]
[[-0.786173    0.18385901 -0.81460646]]
[[-0.403251    0.11364552 -0.17363547]]
[[ 0.17312899 -0.09973166  0.1357668 ]]
[[-0.21802837 -0.08726951  0.05430941]]
[[-0.2900006  -0.19341549  0.30080908]]
[[ 0.19899848 -0.08061486 -0.00243887]]
[[-0.19315245  0.08462628  0.05352141]]
[[-0.02620415 -0.07571284  0.14997799]]
[[ 0.54191879  0.03915934  0.11938989]]
[[-0.21388507 -0.13031446 -0.3246953 ]]
[[ 0.34611642 -0.60211596  0.1446474 ]]
[[ 0.07543962  0.06304887 -0.04781687]]
[[-0.28687503  0.02066922 -0.04162777]]
[[-0.2604754  -0.11706377  0.48894275]]
[[ 0.14069844  0.34500528  0.03481833]]
[[ 0.0062541  -0.10827683  0.05895613]]
[[ 0.0258432  -0.09053498  0.17796421]]
[[ 0.38197096  0.08527025 -0.00247632]]
[[-0.59968843 -0.09304183 -0.01208798]]
[[ 0.30565252  0.29567955 -0.03021977]]
[[-0.42800907 -0.00975105 -0.37256445]]
[[ 0.42542699 -0.12960251  0.09086551]]
[[-0.26787303  0.11571632 -0.08485072]]
[[-0.04227543 -0.15878144 -0.01431034]]
[[-0.16616715 -0.03578901  0.22124286]]
[[-0.04176784 -0.07183442 -0.25556958]]
[[ 0.14145529 -0.59541935  0.22810672]]
[[-0.08564267 -0.02331945  0.01732786]]
[[ 0.18933258 -0.02882368  0.00749192]]
[[-0.18004318 -0.23839966  0.36440066]]
[[ 0.27061134  0.35121978 -0.08811909]]
[[ 0.046418    0.0138608   0.00311876]]
[[-0.05460628 -0.02925105 -0.04978398]]
[[-0.62453548 -0.12110734 -0.0966256 ]]
[[ 0.66083935 -0.05268605 -0.03743574]]
[[-0.49434247 -0.39723839 -0.07532856]]
[[ 0.83481016 -0.18814474  0.38359536]]
[[ 3.41299905  0.41663922  4.1324912 ]]
[[-1.54440894  1.74028442  1.84061427]]
[[ 0.05440456 -0.20204194  0.08940629]]
[[ 0.18456074 -0.16148313  0.44823351]]
[[ 4.66600132 -0.12809156  2.55381791]]
[[-3.41834532  1.09467314  2.18239901]]
[[-0.27310669 -0.49946988  0.29902519]]
[[-0.3111745  -0.50229506  0.59907837]]
[[-0.69881361 -1.41133509 -2.19543917]]
[[ 3.25845673 -2.5700018   1.23193545]]
[[-0.55118483 -0.18669058  0.29343924]]
[[ 0.96341735 -0.28807567  0.19192052]]
[[-1.68658822 -0.70607531  1.8426764 ]]
[[ 0.65141037  0.17206816 -0.89945841]]
[[ 0.10368463 -0.01448477  0.18948997]]
[[-0.22788624 -0.06693071  0.10487042]]
[[ 3.37207825  2.06139147  1.59952374]]
[[-4.07814334  0.06264356  3.45867216]]
[[-0.23547893 -0.24262222  0.02533144]]
[[ 0.23559271 -0.06900602  0.29834729]]
[[-0.88778251 -3.96459993 -1.87247564]]
[[ 7.26620984 -2.32865754  0.11591895]]
[[ 0.21349721 -0.12410208  0.06901398]]
[[ 0.07677717 -0.27352709  0.39643779]]
[[-3.59495065 -0.15981538  1.3872916 ]]
[[-3.54953304 -0.55771316 -0.56947118]]
[[-0.33988477 -0.81554581  0.07364216]]
[[-0.44983312 -0.49343359  0.70482819]]
[[ 3.63871353  0.84801407  0.78766335]]
[[ 0.09677296 -0.96130227  2.96314667]]
[[-0.76490102  0.09296028  0.56518734]]
[[ 1.16030568 -0.56669054  0.10406822]]
[[-2.89887727 -3.11654481 -1.18207969]]
[[ 3.35750384 -2.36627658  0.44180414]]
[[-0.02652467  0.16584359  0.02240315]]
[[ 0.25845899  0.16850327 -0.04009539]]
[[-2.68556796  0.38296502 -1.82489781]]
[[ 1.632109   -1.44595682 -0.02170282]]
[[ 0.2890329   0.1429524   0.06499447]]
[[-0.28259747  0.07176513  0.09825092]]
[[ 1.04488216  0.59010633  1.35094762]]
[[-0.7151065   0.22318102  2.06073029]]
[[-0.21139909 -0.42374238 -0.08841509]]
[[-0.12267466 -0.07104297  0.45608026]]
[[ 0.22999352 -2.15762889 -0.4471187 ]]
[[ 0.99730243 -2.155284    0.62924089]]
[[-0.16457359 -0.15919932  0.08504015]]
[[ 0.37488169 -0.29463181  0.21262617]]
[[-2.19682775 -0.60403652  0.2974606 ]]
[[-0.02325752 -0.67225937  0.68802585]]
[[-0.0339717  -0.47211974  0.0507482 ]]
[[-0.0573696  -0.32913591  0.44163895]]
[[ 1.68339267 -0.85830988  0.05963721]]
[[ 0.59201088 -1.49024011  2.44682084]]
[[-0.41390554 -0.58842217 -0.0423754 ]]
[[ 0.16171939 -0.41463733  0.34649145]]
[[-1.96707081 -3.67121702 -1.40922977]]
[[ 2.08881834 -2.36648813 -0.73581663]]
[[-0.11581486  0.2560484   0.48625582]]
[[ 0.26805239 -0.35782953 -0.14101746]]
[[-1.32825354 -1.794936   -0.70418166]]
[[-0.35205928 -0.49924189 -2.38624796]]
[[ 0.36015086  0.26709566 -0.15906157]]
[[-0.64091841  0.06911343 -0.61864144]]
[[-3.9703359  -0.87459972 -3.46633166]]
[[ 2.94719142 -1.5746283  -1.8056561 ]]
[[-0.23406363  0.12646132 -0.00591056]]
[[ 0.00792308 -0.01707361 -0.06536322]]
[[ 0.87327269  1.40784356  0.78331775]]
[[-3.56956573 -0.19553453  1.14305134]]
[[ 0.3147665   0.16695422  0.10889068]]
[[ 0.06132689  0.11360329 -0.0747612 ]]
[[ 0.50101389 -0.67034346 -0.36035319]]
[[ 3.14270753 -1.38404057  2.19924756]]
[[ 0.0358356  -0.20033964 -0.102553  ]]
[[-0.31869678  0.05969407  0.26719995]]
[[-1.91939415 -1.94114375  0.91263793]]
[[-0.13024793 -0.21616695 -0.11092413]]
[[-0.32359792 -0.17383356  0.07092528]]
[[ 0.17773086 -0.30379422  0.26825783]]
[[ 0.99833837 -0.17178306 -0.78567604]]
[[-1.04721501 -1.8956504   1.83493985]]
[[ 0.10332239 -0.4143688  -0.00178827]]
[[ 0.04486369 -0.17403116  0.30635444]]
[[-1.24738323 -2.24379276 -0.1501775 ]]
[[ 3.17658909 -1.80527392  1.10076537]]
[[-0.40078632 -0.46342577 -0.02086636]]
[[ 0.07533475 -0.34812223  0.28433516]]
[[-1.71961261 -2.57581829 -0.0145319 ]]
[[-0.49601775 -0.7711323  -1.23723725]]
[[-0.21209543  0.02190358  0.21240692]]
[[ 0.46310495 -0.27968101 -0.07971461]]
[[ 0.24055732 -0.59700727 -1.08856407]]
[[ 0.28546973 -1.34709161 -0.41755593]]
[[ 0.13105177  0.12787073  0.07718702]]
[[-0.2277117   0.13766939 -0.10081188]]
[[-1.35589183 -0.39905939  0.31695405]]
[[ 1.48783482  0.40826732 -0.23273334]]
[[ 0.44917305  0.28275075 -0.24067186]]
[[-0.41621202  0.15593864 -0.4995044 ]]
[[ 1.1597708  -0.58110594  1.19485785]]
[[ 0.1543951   0.44439305  0.98066235]]
[[-0.24515075 -0.02242255  0.04359899]]
[[-0.28407178 -0.16766713  0.13204641]]
[[-0.42014859 -0.10789169  0.11824824]]
[[-0.12615141 -1.11109262  1.65780715]]
[[-0.0465976  -0.02684091  0.15641994]]
[[ 0.59292554  0.01217597  0.07779502]]
[[ 0.19201392 -1.3055925   0.6944805 ]]
[[ 0.42691137 -0.09601809  0.43456635]]
[[ 0.2844699  -0.04374095 -0.21596194]]
[[-0.44037936  0.12426289  0.06597832]]
[[-1.00258704 -0.93740998 -0.67074829]]
[[ 0.58326223 -1.71480048  0.81454054]]
[[-0.31069038 -0.45900766  0.04930563]]
[[-0.12129866 -0.37907155  0.4107104 ]]
[[-0.39688297 -1.3212239   0.13490414]]
[[-0.03083141 -1.23082212  1.26331627]]
[[-0.29800348 -0.18444647  0.25602069]]
[[ 0.65615138 -0.32683463  0.16141997]]
[[-0.58370803 -2.3674525  -0.46291829]]
[[ 1.26123077 -1.01704749 -0.78614548]]
[[ 0.16410884 -0.03544477  0.01351183]]
[[-0.26152443  0.02763934 -0.01646568]]
[[-1.75103378 -0.51183554 -0.11948084]]
[[ 0.4026827  -0.25032142 -0.78151999]]
[[ 0.37719858  0.34742297 -0.03807054]]
[[-0.53377624 -0.02100557 -0.5063232 ]]
[[-0.49451831  0.29528742  0.55239252]]
[[ 0.37489816 -0.26160227  0.97808931]]
[[-0.05128917 -0.20194081 -0.12486793]]
[[-0.15941724  0.00157005  0.23324385]]
[[-0.02073255 -0.18068459  0.48579263]]
[[-0.46866139  0.66336856  0.73587205]]
[[-0.09121148 -0.01326659  0.01354422]]
[[ 0.14219711 -0.04778264 -0.01223444]]
[[ 0.11235093 -0.95999627 -1.60180361]]
[[-0.49854157 -2.23671264  0.99657614]]
[[-0.14737062 -0.14124098  0.13811913]]
[[ 0.09707987 -0.22787039  0.17231428]]
[[-1.09289894 -1.98953292  0.041115  ]]
[[ 2.55024009 -1.32692703  0.50483068]]
[[-0.0384367  -0.24905545 -0.00437716]]
[[ 0.01269315 -0.07648143  0.26699662]]
[[-1.20883303 -0.96476934  0.93018421]]
[[-1.11052109  0.24118951 -0.8679126 ]]
[[ 0.1888362   0.0865065  -0.12389828]]
[[-0.30414377  0.01523469 -0.32334791]]
[[ 1.4460611  -0.01445122 -0.22984447]]
[[-1.81447648  0.5381016  -0.0626733 ]]
[[-0.15474565  0.0684921  -0.04524968]]
[[ 0.02667622 -0.06622196 -0.02501357]]
[[ 0.78264698 -1.01759776 -1.71085482]]
[[ 1.26271861 -3.12419975  0.63836331]]
[[ 0.20004049 -0.3291754  -0.11382165]]
[[-0.14819041 -0.00831709  0.14126456]]
[[-3.06240465 -1.41998478  1.67926287]]
[[ 2.09271702  1.33294849 -0.84155272]]
[[ 0.22561748  0.14470783 -0.22749051]]
[[-0.45441885  0.08959145 -0.46764836]]
[[-3.13268033 -0.39182156 -0.44511701]]
[[ 2.90439297 -0.24981058 -0.13558623]]
[[ 10.77682605   5.45500501  -0.93970618]]
[[-16.52222233   2.93143924  -8.91230362]]
[[ 1.70711356  4.27455204  4.6965225 ]]
[[-1.72613208  5.26806299  0.02741633]]
[[-2.06723656  0.66851131 -2.78519579]]
[[ 3.71248632  1.78684749 -2.58966712]]
[[-18.7506274    3.68227555  -7.7595698 ]]
[[ 14.36879001  -7.65071139  -2.74826109]]
[[ 2.80890319  7.97371142 -1.67704869]]
[[ 2.56674082  3.97930905 -6.86938342]]
[[  1.69640422   9.43942045  16.82968301]]
[[-10.78005691  12.09971792   4.02128398]]
[[ 4.65288654 -1.99519925 -4.55704167]]
[[-8.05639208  3.88472849  1.1884078 ]]
[[ 6.85852177  3.77947525  2.03200333]]
[[ 1.6088317  -1.12210899  9.40159592]]
[[-1.03173136 -2.95107783  0.85737419]]
[[ 1.39381984 -2.52565315  1.92156826]]
[[-25.68716752  -6.39794851 -13.74535835]]
[[ 26.85076806  -9.66447188 -15.32339704]]
[[-0.89991128  1.35524753  1.03477096]]
[[ 2.37421225  0.31856782 -2.36173041]]
[[ -0.88787589  18.29668556  21.19798717]]
[[-28.60582421  17.4880867    2.37653865]]
[[ 0.43409148  5.43458738  1.3118387 ]]
[[-2.26562619  3.23550762 -6.18668718]]
[[ 24.28710448   4.7210509   -4.70379884]]
[[  1.15226052  -2.10584874  15.59402643]]
[[ 4.41013381  5.31879514 -1.3895492 ]]
[[ 0.21947877  6.37587347 -3.59441009]]
[[-11.84176431  -5.10932537   0.46485707]]
[[ 9.61482408 -5.13546764  2.2573751 ]]
[[ 3.6838465  -0.83679544 -4.84614872]]
[[-8.69771623  3.9168112   0.25703951]]
[[ 0.74041773 -0.84594324  6.98130915]]
[[-4.31021405 -0.74077029  1.47324111]]
[[-0.88987273 -2.32079542  3.68068847]]
[[ 2.0981555  -1.00485947  6.79713059]]
[[ -9.7022924  -12.40482539  -7.14796897]]
[[ 16.66842868  -1.49337121 -16.39966441]]
[[-3.04380498 -3.05058991  2.8159806 ]]
[[ 2.81391997 -1.36245244  3.24201808]]
[[ -1.2377801   14.96518355   6.68198392]]
[[-28.64499612   6.29812775  -2.56759241]]
[[ 1.07707167  3.35004334  1.42562102]]
[[ 4.16318538  1.9716855  -2.35597708]]
[[ 17.31479428   6.18050014  -1.14456362]]
[[ 10.916686     4.14198148  11.30903643]]
[[ 2.91313936  4.22974149  0.32330169]]
[[-6.06647327  3.58787811 -2.90983829]]
[[-11.1747702   -4.67068905  -0.11287788]]
[[ 5.51551963 -2.79953333 -1.91478147]]
[[-1.50588512  3.3591214   1.07677886]]
[[ 1.22325693  3.84669708 -2.21264994]]
[[ 4.64510854  8.17740723  9.41920744]]
[[-12.2075752    3.1521321    7.26489963]]
[[ 3.99693339  7.61730257 -0.03426607]]
[[ 0.0930876   6.12319972 -4.57495494]]
[[ 3.48166545 -5.94703951 -3.74718047]]
[[ 8.8559845  -2.86960759  4.67041999]]
[[ 4.14298879 -1.94577227 -5.68558723]]
[[-8.82534792  5.30200937  0.58274959]]
[[-5.24778602 -8.32179308 -6.26765079]]
[[-0.26764356 -4.41448315 -6.8804165 ]]
[[-1.04809561  1.35962424  3.53165006]]
[[ 3.01230642  2.03860913  1.53459995]]
[[ 15.21919001  -4.07187738   6.8086441 ]]
[[-9.66913265  5.93433267  0.22693462]]
[[ 3.80903811  2.86568358  4.16444297]]
[[-2.37105783  1.60991785  2.100917  ]]
[[ -5.26160333  -5.11901665 -10.14589806]]
[[ 6.17654085 -5.24597985 -9.92347589]]
[[-1.4314551  -2.87167088  0.67255796]]
[[-3.06543387  0.83382034  5.0569269 ]]
[[-4.69150685  8.03349646  2.45804   ]]
[[-2.82493175  7.13984051 -2.29905333]]
[[-0.71121372  1.61256288  3.04909873]]
[[ 4.53866337 -0.06527092 -0.58813197]]
[[ 10.11526089   2.84462306   0.73123724]]
[[-0.41354766  0.83055462  3.86224949]]
[[ 2.36300315  5.71073111  1.88592761]]
[[-1.61072799  3.96112841 -3.60530011]]
[[-4.57765963  3.61644711  3.80719564]]
[[-3.66222827  0.72346659  1.65579642]]
[[ 0.68904026  4.13608547  1.26375983]]
[[-2.33610979  4.16966953 -1.59004771]]
[[ 5.61142575  3.72488506  4.15820915]]
[[-0.14028153  3.52458841  8.40057507]]
[[ 3.37417233  6.78381844  0.74926729]]
[[-1.87933783  6.06804993 -3.81067745]]
[[ 0.9720035  -8.37775052 -5.55944148]]
[[ 3.2154141  -5.76176535 -0.58319551]]
[[ 2.86071267  4.45992388 -1.51800784]]
[[-4.64608195  5.67269327 -1.49299164]]
[[-5.71548886 -3.16206202 -2.729329  ]]
[[ 1.20182743 -7.2099168  -2.92590836]]
[[ 0.12867887 -2.32631452 -3.4387982 ]]
[[-1.68356815  1.77030494  1.49892753]]
[[-2.50753392  0.3754197   5.47712708]]
[[ 5.37628921  0.98833251  3.95666107]]
[[ 9.4397013   8.00942886 -5.56253382]]
[[-17.35633053   3.23705984 -16.84317448]]
[[ 27.66189105   5.43666404  21.65768946]]
[[-20.88133327  10.37544403  12.06984485]]
[[-5.96946104  2.55952234  1.78230301]]
[[-1.465887   -2.90448594  0.73326208]]
[[ -6.44377743 -12.53688514  -9.56060155]]
[[ 26.60590013  -3.82369761  -7.31788918]]
[[ 5.10059393  2.65295324  4.75833272]]
[[ 3.92522345  2.01691164  0.73274806]]
[[-8.03441425  3.23236894  1.94434841]]
[[-20.21923458   6.57751351 -11.45860606]]
[[ 1.49268546 -0.71403906 -0.98234566]]
[[-5.99747884  3.55361576  3.10825242]]
[[ 14.32946834   7.50488913  -6.98279374]]
[[ 1.61553507 -4.16886475  5.49143135]]
[[-3.89280869  1.46696842  4.50576617]]
[[ 3.49282548 -2.9801276   1.53943145]]
[[-10.6395614   -3.30441761   3.9544312 ]]
[[ 10.44362946   3.06194936  -3.05162625]]
[[ 3.44996114  4.386475    2.46332218]]
[[ 1.35705983  4.64587886 -2.45069315]]
[[ 5.28116495  9.35187959  7.02102568]]
[[-16.40205272   6.47807734   4.53953896]]
[[ 1.92935536  4.61234024  0.61065217]]
[[-5.00386412  4.66010749 -1.80406217]]
[[ 7.70705425 -0.45708172 -3.55862651]]
[[ 9.07655376 -3.13695174  6.97235341]]
[[ 0.18205598  6.7245706   2.54101934]]
[[ 0.72161978  4.00720613 -2.63906147]]
[[-8.13927254 -6.76446497 -1.33600385]]
[[-0.27856365 -1.99033836 -4.50706702]]
[[ 4.71215589  5.36276759 -2.6249492 ]]
[[-3.75865649  7.95971854 -3.12072218]]
[[ 1.94059355  0.42382408 -3.17523826]]
[[-2.35268062 -7.93098977  4.69572812]]
[[ 1.31204427 -0.31166117 -3.10079617]]
[[-6.17423285  1.69588671  0.76778093]]
[[-3.18985387 -7.37389229  1.14097179]]
[[ 9.11623316 -0.74062447  1.82102887]]
[[-1.17467432 -1.6498873   0.34600948]]
[[ 2.6379552  -2.30205803  1.67306509]]
[[ 0.87997458 -3.81337768 -0.82303376]]
[[-8.56043517 -1.51342353 -5.80288931]]
[[ 7.10019376  6.97381252 -3.06764191]]
[[-10.06471702   1.86520067  -9.78730832]]
[[-8.27570437  0.36379013 -9.43712587]]
[[ 0.60750782 -4.33010826 -8.09236048]]
[[-1.75391203 -1.17274985  1.54341575]]
[[-4.34732999 -2.06193903  4.26575446]]
[[ 5.09347629 -0.27154929 -4.34031451]]
[[-5.10251496  1.4648063  -7.07277314]]
[[-2.13603983  1.03133105  3.94499156]]
[[ 7.57302031  0.31194355  1.38728902]]
[[-0.06728697  1.50585693 -3.21684744]]
[[ 8.48709582 -5.08169441  0.46030404]]
[[ 2.95366938  3.00254656  1.49950346]]
[[-2.8291704   1.62348727 -0.14419257]]
[[-3.61633974  2.70700678  6.9714601 ]]
[[-7.68071592  6.54023165 -0.07003499]]
[[ 1.22680043  0.59182955  1.76483404]]
[[-2.74360444  1.92532631  1.31764955]]
[[ 10.5101726    4.40790528   2.43949216]]
[[-0.1402969   2.08693651  4.30790749]]
[[-3.00670895  5.79384675  5.19365893]]
[[ 3.45723851  1.20418218 -1.7497325 ]]
[[-5.89418179  0.57592733  1.360761  ]]
[[ 4.61380017  2.20046522  0.6715169 ]]
[[ 5.99442003  7.46150678  0.3029099 ]]
[[-1.01048623  7.95871179 -3.7545397 ]]
[[ 3.66915255 -1.09077716 -3.60129964]]
[[-11.05320926  -0.05966282  -0.86720552]]
[[ 4.80404181  2.8073948  -5.50431333]]
[[-10.57484119   7.94793674  -2.64631218]]
[[ 2.86521847 -5.38314955 -8.98445347]]
[[ 10.22093397 -12.87744503   5.12082707]]
[[-2.12644961  0.3649375  -1.39356819]]
[[ 1.78476581 -0.9218354  -1.31595755]]
[[-10.019154    -8.91895151   3.61156257]]
[[ 5.12436486  3.39388792 -6.64583567]]
[[ 1.53408905  3.58582517  2.12929164]]
[[-3.23024228 -1.18111562 -2.53235882]]
[[ -6.11295859  -3.38027784 -10.64712153]]
[[ 5.76339072 -7.1682066  -3.09332016]]
[[ 2.18824887 -0.95637549  1.30390747]]
[[-0.76995841  0.84722654  2.5902582 ]]
[[-6.06645081 -0.68453177  2.20879461]]
[[ 2.26973843 -0.24746417 -0.24391679]]
[[-0.09726244  1.11235032 -0.0239182 ]]
[[-1.44552087  0.84222402  1.14578868]]
[[ 1.77645829  1.72542595  2.27800512]]
[[-1.99778224  0.80758446  1.74631929]]
[[-2.91709554  1.11220692  5.41622457]]
[[ 2.04806177 -2.38492985  1.28458198]]
[[-0.32521159  4.32588038  8.54572742]]
[[ 4.96436546  7.3155743   1.1124255 ]]
[[ 2.29488854  5.57199035  4.92913788]]
[[ 3.59211495  2.81262858 -0.88293837]]
[[ 2.17080566  4.71977898  0.40233707]]
[[-14.02587144   8.05659773  -0.34283542]]
[[ 5.62740883  4.77023297 -2.03107624]]
[[-8.14507098  8.59613734 -2.2918461 ]]
[[ 10.70562296  -2.86810459 -12.44336401]]
[[  4.95762607 -10.03406679   0.67273148]]
[[-2.95606246  5.62497708 -1.04312763]]
[[ 0.47523778  3.15316992 -3.52831092]]
[[-17.21212301  -7.16296871   0.09729029]]
[[ 14.12540454   0.29658909  -5.40108397]]
[[-5.26009464 -3.0823413   2.81747261]]
[[ 9.98233055 -1.25785266  7.28466319]]
[[ 7.80237305 -3.2568854   5.29625767]]
[[-3.70486583  1.19559613  1.8335331 ]]
[[ 4.07769814  2.60780215  1.81717098]]
[[-0.6188083   1.74864479 -1.35232605]]
[[-3.88772384  0.2773447   3.5817343 ]]
[[ 6.88209796 -2.42270351  0.77199823]]
[[-2.46901207 -0.62579772  2.83153238]]
[[-3.46290083 -2.49460275  3.77695646]]
[[  2.37763169   7.6644774   15.96849802]]
[[ -7.69493862  16.77403253   0.97418879]]
[[ 0.16805358  2.07755727  4.3006799 ]]
[[ 5.60862955  0.31379287  2.33671539]]
[[ 9.03501408  3.8658791  -6.16828144]]
[[-4.41325991  3.10703048 -3.03336034]]
[[ 1.85780011  7.1840149   3.12474023]]
[[-3.20216763  3.95567428 -2.35622608]]
[[-6.23413129  1.1804695  -6.69640097]]
[[ 6.17198273 -5.65669885  0.88091171]]
[[-3.10256232 -1.71655378  3.08691473]]
[[ 4.2041206  -1.12290419  6.19074795]]
[[-6.85256481  5.16336446  6.61505749]]
[[ 5.38179203 -0.03411864  6.35840673]]
[[ 0.46565918 -1.87692503  3.11334076]]
[[ 2.33259216 -1.67961086  3.29477072]]
[[ -2.44084131   6.86949812  13.1572155 ]]
[[ -4.58399017e+00   2.11759457e+01   1.17286076e-02]]
[[-0.46538973  1.61554584  3.55376234]]
[[ 0.2666081  -1.63772668  3.03293096]]
[[ 14.98460063   7.9009758   -9.64997422]]
[[-16.7547681   -9.65774853   5.84686932]]
[[-5.92987175 -7.39494407  1.84491974]]
[[ 10.77769658  -2.13681026  11.99809987]]
[[ 24.97277774   6.19414449   8.71266504]]
[[-24.0923713    5.69331681   2.98115425]]
[[-37.57029639 -12.85406904   2.50389922]]
[[ 53.80082128 -11.27783859  22.79085009]]
[[ 2.19840842  2.05651846  3.93126838]]
[[-1.47341398  3.95395137 -0.16337649]]
[[  3.32645955  -4.39617269  18.49937718]]
[[ -3.85596353  -9.14136986  19.48368147]]
[[-6.31993427  1.86708311 -0.84100267]]
[[ 3.34585588 -1.12645907 -0.56720897]]
[[ -6.08062388 -29.25269485  -1.12681041]]
[[ -4.8130093   -4.24515341  20.54846308]]
[[ 2.51709748  4.96582643  6.64405847]]
[[-5.00655953  4.88667011  2.85015501]]
[[-14.00719063  11.95709189  13.5607372 ]]
[[ 18.97543555 -14.1884418   -6.72671119]]
[[ 1.41414917  1.91962877  2.02454006]]
[[ 2.62833906  0.84813434  3.64473163]]
[[-9.90296727  7.63323002  3.94160422]]
[[ 14.30663146   7.01727869   1.41719226]]
[[-4.40878615  0.03734969  0.13395482]]
[[ 4.3882268  -0.92692697 -2.53736646]]
[[ 17.57685482   5.02250688   5.57525347]]
[[-11.85292558   2.09138958   9.3269984 ]]
[[-2.05845408  5.11298972  6.31995967]]
[[-5.19009949  5.19522986  1.00004541]]
[[-10.04566601 -28.34918577  -5.24777822]]
[[ -4.93253613  -4.18906799  24.71919543]]
[[ 6.31706374  3.39652389  0.91449099]]
[[-3.15407061  1.45086749  5.3536858 ]]
[[-14.44015627   0.85658323   5.19372225]]
[[ 27.5750575  -14.12804461  -3.17772978]]
[[ 0.60992868  0.56680385  1.09450152]]
[[ 1.55663753 -2.61441038  4.10543791]]
[[ 15.78288606   2.79968393   4.21618622]]
[[-15.01343285   3.61989662  -6.33019436]]
[[-2.53673915 -1.5183352   3.29045748]]
[[ 2.1826174  -1.43807051  2.54256181]]
[[ 12.94569154  19.59790508  -1.04578421]]
[[-25.84947876   6.40382592 -28.28647639]]
[[-8.04602027 -2.91664211 -3.58065303]]
[[ 8.88536663 -3.15010713 -5.27737811]]
[[ 6.45080401  5.59965988 -4.66282135]]
[[-8.92738796  9.4714118  -3.71480998]]
[[-1.69564812  6.69165972  7.34402339]]
[[-10.390198     6.76705549  -0.23474695]]
[[ 4.60475037  4.12678625  3.21200505]]
[[-10.58047981  -1.19916777   5.59735762]]
[[ 8.67648362  2.73366295 -1.33284896]]
[[-0.24555345  0.14257108  4.64329982]]
[[ -7.05573018 -17.53527409   2.95015072]]
[[  6.09104038  -5.47470993  15.88171408]]
[[-4.30968534 -0.62359476  0.65941985]]
[[ 4.0628091  -0.69504441  0.79407089]]
[[-4.56327492  1.15367916  0.60230531]]
[[ 9.17281662 -4.89059748 -1.76441308]]
[[ 0.71481016  3.66356756  4.16833205]]
[[-5.46141376  0.06917747  4.993034  ]]
[[ 6.27383407  1.46511092  5.18358787]]
[[-8.15497726 -0.4336665  -0.62637438]]
[[ 2.03111635 -4.01077457 -0.64464585]]
[[ 4.79432846 -1.64801629  3.10192549]]
[[-11.01695166   1.02470891   0.10237931]]
[[ 10.03933398   0.8647853    3.33384423]]
[[-2.00049153 -5.55296928 -4.42083437]]
[[-2.19619728 -5.2087385  -2.49624068]]
[[  1.4753293    4.53190424 -16.43161674]]
[[  6.57851144   7.69892274 -11.28933068]]
[[-2.69943168 -5.62893814 -3.33471234]]
[[ 6.93069293 -2.10004937 -5.89928219]]
[[ 3.53074196  8.40381655 -6.12384353]]
[[-12.66461407  -0.02113403 -12.34187571]]
[[-2.83569572  4.58488623  3.10882142]]
[[-8.70007497  3.31493136 -2.44049735]]
[[-5.32050954  0.34538502 -4.15789117]]
[[ 11.36922732   4.03743008  -1.92341848]]
[[ 7.44934417  3.32960997 -0.91686613]]
[[-0.18981974  1.45535024  3.6026776 ]]
[[  5.76238375  10.47914207   3.76918128]]
[[-4.09322021 -0.29307062 -2.43461039]]
[[-3.92359012 -0.97425873 -0.43646917]]
[[ 4.51621874 -2.14091461 -0.12070381]]
[[  0.24058479 -16.2025904    0.08878696]]
[[ -7.34857959  -2.06442027  14.7551843 ]]
[[-0.84276791  3.190399    5.61904277]]
[[-5.4484998   3.79987664  1.70126325]]
[[-8.36265832  1.19524656  1.88145556]]
[[ 14.48274635  -4.55355107   0.83740915]]
[[ 5.25764385  1.17293881 -1.73079584]]
[[-1.37796583 -3.13788214  6.77005109]]
[[  5.31916001   2.48921928  10.58712662]]
[[-6.56596648 -3.46709197  0.28974849]]
[[-2.34684239 -6.05165499 -1.71635541]]
[[ 6.68035934 -4.07401063  0.61306546]]
[[ -2.28023836  -5.61178781 -10.27030018]]
[[  6.48607923  10.48532294   1.45713643]]
[[-4.84698832 -5.25661807 -1.0065961 ]]
[[ 1.38964728 -2.34384747 -4.55821173]]
[[ 6.71534504  7.05505861  0.74498776]]
[[-11.93108144  -3.23383146  -7.46333216]]
[[-0.16669137  0.497942   -1.21944289]]
[[-0.08886533 -0.91108051 -0.20473464]]
[[ -1.15536895 -10.95689516  -6.49633613]]
[[ -9.73691107 -11.12762322  -2.57464717]]
[[ 7.07642311 -1.82376002  2.53130265]]
[[-2.91786429  2.37946524  0.04505888]]
[[ -9.18686714  -2.14265322 -12.05229949]]
[[ 16.38439661  -0.17068064 -12.26753285]]
[[-2.98005692 -2.79195825 -4.95133306]]
[[ 2.75341545 -3.35942142 -3.79425692]]
[[  8.18162351  11.29949557   2.6778169 ]]
[[ -9.32946795  -4.43254661 -18.33978541]]
[[-1.08628422  2.73784103  1.40364924]]
[[-1.86672342  3.10323112 -1.06676256]]
[[-2.36779383 -1.69671938 -6.4864446 ]]
[[-1.76411655  7.42636146 -2.16097616]]
[[ 2.76613233  0.48995408 -0.57160097]]
[[ 1.39415303 -0.42904468  0.33843144]]
[[ 6.68380079  9.60169161  0.21001665]]
[[-3.94821767  0.42914862 -4.91012797]]
[[-2.94734798  2.54019551  1.80417737]]
[[-3.27755945  0.06119449  1.7798199 ]]
[[ -1.1719861  -13.14123813   2.97119779]]
[[ -7.55251654  -3.84438146  12.47391307]]
[[ 4.21598913  0.92375077  1.52639235]]
[[-0.28560481  1.02926028  3.9277924 ]]
[[-13.20809663   4.26520515   4.71547195]]
[[ 18.91613814  -3.45842427   1.00754106]]
[[-1.9492923  -3.03364824 -2.00989622]]
[[ 3.77437252 -4.4124792   1.90130635]]
[[ 15.67564622   3.79682589   8.97946121]]
[[-10.47877866   0.76818927   1.04884266]]
[[-1.52692431 -2.38475432  0.59424966]]
[[-1.60763018 -2.18316141  1.33652035]]
[[-10.29395012  -8.02766778  -9.30837357]]
[[  0.49849962  10.61761549   3.37529712]]
[[ 0.42629041 -4.97355546 -2.73475082]]
[[ 2.72635116 -4.2774952  -0.94348267]]
[[  1.48123162  17.35909278   4.42144151]]
[[  9.00600422  -2.2416591  -14.53400367]]
[[-4.32907772 -3.02777787 -0.74229258]]
[[ 2.77698797 -1.14133802 -2.27705327]]
[[ 14.28708909  -5.85646174  -6.81224797]]
[[-17.88278722  10.8627385    1.45780077]]
[[ 1.72017311  0.58069901  0.6527651 ]]
[[-3.34736172  0.15308928 -0.67825946]]
[[-21.36382764 -19.62193028  13.43033896]]
[[ 42.15867064  -7.29625369  44.35089143]]
[[ 7.61222155  2.17970703  5.70672804]]
[[-5.93015494  2.84081658  4.16223653]]
[[ 11.99077621 -14.58388842  -2.75978961]]
[[ 2.29346898  1.85506351  4.63875471]]
[[-0.88606207 -4.45541057 -3.08401342]]
[[ 8.2574714  -0.71788475 -2.52007255]]
[[-16.86618632  -3.7676734  -12.9955673 ]]
[[ 0.77362247 -2.75608284 -5.80573308]]
[[-2.97996515 -0.01298017 -0.70916857]]
[[-5.16178226  0.48308387 -4.36055704]]
[[ 2.0335669   6.62594587  4.30473216]]
[[  8.15992595  -8.64805632 -12.48217059]]
[[ 3.63408661  2.7653148  -1.50898755]]
[[ 0.17377388 -0.17316356  1.49617863]]
[[ 6.31625774 -2.70455518 -8.861235  ]]
[[ -5.27754457  11.28031592  -3.12843031]]
[[-2.09405091 -1.06828372  0.33462089]]
[[ 1.50958133 -0.19569375 -0.69297708]]
[[-8.22416939  9.33057629  2.99900025]]
[[-1.83149555 -4.50464383 -5.41052993]]
[[ 0.48570823  2.15162621  1.50338576]]
[[-2.80561675  0.49281875  2.35773752]]
[[ 6.90074064 -4.81624423  8.90730843]]
[[ 5.46625834  1.32800106  6.13519728]]
[[ 2.00203362 -0.61544788 -0.23900558]]
[[ 1.73006076 -1.59935763  3.14078654]]
[[-2.10398567  3.89015402 -0.94673154]]
[[-5.37517976  7.11073452  1.73553808]]
[[-2.69983184 -2.60988688 -0.56077279]]
[[ 0.50627592 -3.30167666  1.33554201]]
[[  3.24521723   3.58493294  11.02439131]]
[[-1.48859208 -3.50492103  4.1368353 ]]
[[ 0.13254305 -3.4098006  -1.00734003]]
[[ 1.85428044 -2.41730735  1.41695102]]
[[-1.14479631  0.02886084 -2.77674692]]
[[  5.120556    12.10831231  -0.12267469]]
[[-1.21977744 -4.93771493 -3.00824351]]
[[ 2.26693936 -5.42046619 -0.39620308]]
[[  2.73140878  13.7465076   -1.12294676]]
[[ -9.29646108   2.69682919 -10.88051024]]
[[-3.38969003 -2.97415702  0.43928178]]
[[ 2.95467093 -1.4797179  -1.47065608]]
[[ 4.41838154 -0.40624325  0.73861563]]
[[-2.6854314   4.92193704  3.67902117]]
[[-0.73021189  0.01275384  1.60452322]]
[[-0.56686436  1.38982137 -1.08245451]]
[[-6.62346238 -0.35094934 -3.9644861 ]]
[[ 3.85208047  1.7673613   1.93984241]]
[[ 0.84778027  1.31300846 -0.28817387]]
[[-0.1872796  -0.10549019  0.88912446]]
[[-23.25564265 -22.02118454  10.91944814]]
[[ 32.53245242  -8.31174182  31.872236  ]]
[[-1.48605525  0.10283152 -2.84711547]]
[[-0.21480162 -1.14762726 -2.60036519]]
[[ 9.33322981  4.9828047  -5.36878801]]
[[ 10.69100111   9.60631496 -13.96660679]]
[[ 0.6092453  -0.56804023 -1.74920222]]
[[-0.16410604  0.16334987 -2.67324835]]
[[ 0.99568668 -1.40806145 -6.54281019]]
[[-25.47230192  -3.63170728  -4.69696663]]
[[-0.36906099  0.89570352 -1.57447622]]
[[ 0.43481623 -0.79941684  0.1843144 ]]
[[-6.94251128 -1.53794919  1.1925463 ]]
[[ 20.51972671  -0.15195096  -1.69969265]]
[[ 0.50578623  0.14332411  0.30682326]]
[[-1.29274643 -0.66329782  0.894719  ]]
[[  5.87730715  12.68005232   1.7774754 ]]
[[-9.75717978  2.97287841 -9.86848185]]
[[-0.51306504  0.13143268  0.67322079]]
[[ 1.7291857  -0.69124767  1.96443667]]
[[ 2.35885827 -4.37473122  5.27740402]]
[[-5.58992586  0.32098957  9.31262429]]
[[-0.69164373 -1.02008822  0.58954616]]
[[-0.59694025 -0.72785823  1.62782204]]
[[-4.33891332  5.67742398  4.08987346]]
[[ 8.62385886  4.58614016  0.08468632]]
[[ 1.09605817 -2.25696664 -1.91647542]]
[[ 0.17693176 -3.77134623  2.43888063]]
[[  4.76839411   7.70081971  10.91062518]]
[[-5.5911046  -0.83919812  1.65249887]]
[[-1.58713556 -4.74185371 -2.1829112 ]]
[[ 3.84224952 -4.11709693  0.79296654]]
[[ 2.32696771  0.84294383 -3.33999467]]
[[  0.56048859  13.70069325   1.66708119]]
[[-3.02676697 -4.80318384 -1.24531606]]
[[ 2.18677283 -4.54397109 -0.81985384]]
[[  2.99807957  10.3191224   -5.70884783]]
[[-6.53118797  5.42332063 -9.74887767]]
[[-1.48359301 -2.28886424  1.07460818]]
[[ 1.44450678 -0.86736572 -0.12268214]]
[[ 6.65045866 -2.29079177  0.43354157]]
[[-6.38956376 -0.03165194  2.07514477]]
[[ 0.74698042 -0.65666304  0.74337027]]
[[-1.30267847  0.7275661  -1.14917029]]
[[-4.54793544 -7.90325633 -5.43495982]]
[[ 7.55311634  4.45861252  4.86064078]]
[[-0.83410018 -1.51133709 -3.00962096]]
[[ 1.15082945 -1.64992949 -1.59513928]]
[[-5.92628899  4.49530585 -0.51380249]]
[[ 4.30488103 -3.73998808 -7.13284844]]
[[-0.86156464 -0.53059606 -0.78406788]]
[[ 0.22904948 -1.54071136 -0.47867464]]
[[ 5.13353448 -0.74064761  0.27835615]]
[[ 0.00557606  2.30391064 -3.08665447]]
[[-0.52772319 -0.01431205  1.30190722]]
[[ 1.17223798  0.12001064  0.6825776 ]]
[[ 0.50296624  7.91619398 -0.04074633]]
[[-5.42913086  3.81971674 -5.17940572]]
[[ 0.03376256  0.28265628  0.26870385]]
[[-2.35913983 -0.47677048  2.07481017]]
[[ 0.16317838  0.75570433  5.33547304]]
[[ 1.544875   -0.5088558   6.02119547]]
[[ 1.85138884 -1.95890586 -1.21052986]]
[[ 1.58841963 -2.85110715  2.15484796]]
[[-0.64038298  3.52324723  6.70055802]]
[[-0.58519383  2.78429271  1.65783804]]
[[-3.33393115 -3.34566328 -0.95089826]]
[[ 3.47269513 -2.59791363  0.45366264]]
[[ 3.30924925  7.34166134  9.63695626]]
[[ 1.54442189  1.47370809  2.42912068]]
[[-0.60666455 -3.50383878 -2.07234558]]
[[-1.19802762 -3.39345352  0.57320513]]
[[ 5.86116445  3.95471653 -1.30445001]]
[[ -4.46119956  13.04751298   0.23840408]]
[[ 0.17557629 -4.87537668 -2.425841  ]]
[[ 4.10465991 -5.47085964  0.65659123]]
[[-2.33522968  7.48136821 -7.06992109]]
[[-4.28997494  7.0423163  -9.4211957 ]]
[[-4.00644374 -3.74492293  1.6296936 ]]
[[ 3.20192089  1.89621809 -3.61563889]]
[[ 11.35979773   5.59651446  -7.16112038]]
[[-18.60024012   3.45530515 -13.62614786]]
[[-1.78312885 -0.65533637 -1.00884307]]
[[ 1.22643825 -1.41308613  0.76633692]]
[[-9.69139495 -2.78871124 -0.54143349]]
[[-0.97539818 -4.32201388  2.67450338]]
[[-0.47787459 -0.3227891   0.64624971]]
[[-0.96052145  0.35976088  1.27496226]]
[[ 0.65806982  7.42954968  6.82132998]]
[[ 12.79196017   1.3918204   -5.83142731]]
[[ 0.90059976 -1.27460377 -1.22154871]]
[[ 1.05708427 -2.88507456  1.53488832]]
[[ 11.12087313   4.1878503   -0.92764832]]
[[-13.09805578   7.9590845    0.1131167 ]]
[[-2.90622336 -1.69611335  1.17824167]]
[[ 3.20267745 -0.47455139  0.71402007]]
[[-7.47788087  0.64994238  7.12343105]]
[[-2.5446461  -4.07895682  7.62732515]]
[[ 0.5797987  -1.99589481 -1.82071267]]
[[-4.30131053 -1.14933442  0.66401689]]
[[  0.46813476   5.2935131   11.49784028]]
[[ 12.1054702    0.03205602   4.2263945 ]]
[[ 2.07029455 -5.11154796 -5.20327267]]
[[ 5.47891333 -7.00554284  0.4445194 ]]
[[  4.77136382  10.53345548   4.60482872]]
[[-7.95454135  9.3201764  -0.17946909]]
[[-7.53068902 -5.02503361  1.49847377]]
[[ 5.9850661   1.52672444 -4.84337681]]
[[ 9.27755091  8.37880834 -4.25094972]]
[[-13.65169096   1.75351439 -14.79187229]]
[[ 2.41770515 -0.48020764  0.953494  ]]
[[-1.52012481 -0.20099689  1.05708479]]
[[-1.92698295  0.78634922 -1.00347269]]
[[-6.62900704 -0.89811342  1.87203796]]
[[-2.25492871 -0.72333705  0.16422351]]
[[ 3.04103321 -1.54884535  1.09874079]]
[[-1.141969    2.63731271  5.93866565]]
[[ 6.0981966   0.64345536  0.34241683]]
[[ 0.1520075  -0.87497675  0.65135312]]
[[-3.66891205  1.50349708  0.99466598]]
[[ 0.64018772  4.82034384  5.65848626]]
[[ 2.27751243  0.5384047   2.65723139]]
[[ 2.80492132 -3.71445893 -4.98361695]]
[[ 3.41033859 -4.87353382 -0.67300992]]
[[ 6.49231202 -1.93263991  0.82250644]]
[[-7.20379611  2.47708447  7.68031142]]
[[-7.46832609 -3.62644951 -0.13785707]]
[[ 5.93134383 -0.06123637 -3.75443147]]
[[ 8.78556083  8.70066294 -2.88857717]]
[[-14.09404609   1.71001285 -14.4236769 ]]
[[ 0.53725003  0.4300712   0.28449638]]
[[-1.45630353 -0.24722506  1.60040993]]
[[-2.74904006  1.11641154  1.0347938 ]]
[[-1.18513272 -1.89372224  3.20052793]]
[[ 0.56591798 -2.45883808 -1.45151647]]
[[ 2.51883317 -0.56395961 -0.94864649]]
[[ 5.22949956 -3.53356504  0.00530381]]
[[-1.06064576  1.18249763  3.9617526 ]]
[[-2.55419008 -1.14054617 -0.76432176]]
[[ 0.36348913 -1.36683066 -1.78929941]]
[[ 4.86908174  1.74502048 -2.83519172]]
[[-6.46240843  0.93698302 -5.88668046]]
[[-0.61203221 -0.29583995 -0.83909376]]
[[ 0.05748551 -0.8516588  -0.23569718]]
[[-2.65287393 -1.51814198 -0.27592622]]
[[ 3.94295174 -0.8357138   1.75534622]]
[[-2.50392635 -2.1033985  -4.25772577]]
[[ 1.95267904 -2.58616271 -1.71592948]]
[[ 0.49965319 -1.01191106 -0.00219741]]
[[-0.79678389 -0.92193215  1.33097899]]
[[ 5.21963705 -0.94372035  2.13415816]]
[[-3.59026372  3.03309547  0.12015977]]
[[-1.67611384 -2.47750334  0.95775175]]
[[-0.52513911 -2.51695385  2.38322787]]
[[-0.05116204 -2.61069732 -5.80677007]]
[[ 1.76531178 -3.856499   -1.92928335]]
[[-1.30682717 -0.49940097  1.38171663]]
[[ 3.9226489  -1.34226488  0.13133775]]
[[-2.3323159  -1.04510129 -0.77232009]]
[[ 0.82972323  1.44865323 -3.42064895]]
[[ 0.00871128 -0.51624311 -0.00622987]]
[[-0.67604727 -0.18984089  0.98746332]]
[[ 5.68443005  1.95341084  3.17013154]]
[[-6.29622913  2.12460885  4.08409006]]
[[-1.16313741 -1.70859309 -0.44314201]]
[[ 0.90633654 -0.96726247  1.26664296]]
[[ 0.54250066 -4.70411742 -4.78521076]]
[[ 7.2468305  -3.08552276 -1.54271554]]
[[ 1.01231103 -1.27998961 -0.61022753]]
[[ 1.12047652 -1.667121    1.59373311]]
[[-6.1277165  -1.24037321  0.29183939]]
[[-0.20373927  0.749665   -5.50552234]]
[[-1.89038611 -3.5550861   1.06067583]]
[[-2.06651707 -3.60061956  3.02111437]]
[[ 3.3788609   2.58555516 -0.32540777]]
[[-3.76455398  2.51598778 -1.12161272]]
[[-3.32360057 -0.22246665  2.65915839]]
[[ 7.44475687 -2.50631964  0.66365669]]
[[ 0.56008602  1.02094019 -1.56606782]]
[[ 0.90408467  2.19052371 -1.69223288]]
[[-0.54553081  0.14852635 -0.45857882]]
[[ 0.03016623  0.04753906 -0.66259641]]
[[ 2.54341942  2.88559186  2.29770469]]
[[-3.95038402  0.62288426  3.74547366]]
[[ 1.23202893  0.28147374 -0.83304366]]
[[-0.25352995  0.12968117  0.00823156]]
[[-0.05768691 -3.34231227 -1.3078212 ]]
[[ 6.83918551 -0.9517065   0.49025441]]
[[-0.54942487 -2.79910534 -0.91907106]]
[[-2.25937566 -1.49635685  1.82755947]]
[[-2.99900959 -1.08779664  0.01528756]]
[[-3.87065201 -0.68054528 -3.03255896]]
[[-2.28001699 -2.13193254 -0.47760729]]
[[ 3.74333974 -2.28785819  1.06532362]]
[[ 2.06056748  1.05071095 -0.09296114]]
[[ 0.5739081   1.25735192 -1.31205486]]
[[ 1.67262349 -1.8401759  -0.1313738 ]]
[[ 0.10613268 -2.55289002  1.59912971]]
[[-1.73108586 -0.85835326 -1.64371942]]
[[ 1.46414717  1.92800929 -3.6053707 ]]
[[-2.33744881 -5.56962164 -0.0427755 ]]
[[-0.96119939 -3.70887971  3.53835314]]
[[ 2.18660924  4.92585033  0.83421741]]
[[-5.13654026  0.93310169  0.05322545]]
[[-3.2816376   1.53312661  3.84926367]]
[[ 6.8428504  -3.66863927 -0.42264538]]
[[ 0.21314823  3.30170563  3.64309997]]
[[ 3.48403103  2.82235954  3.38881769]]
[[ 0.53038245  0.47794613 -0.37431085]]
[[-0.56938825  0.14127127 -0.64972768]]
[[-3.9510015   1.01175707 -1.53867637]]
[[ 2.2317853  -1.16282235 -0.22055625]]
[[-0.01754948 -0.75394687 -0.95666542]]
[[-0.66152714  0.04148348  0.00299353]]
[[ 1.66867836  1.50219929  2.23037442]]
[[-2.20621006  0.93680217  2.6341788 ]]
[[-0.44583249 -0.17404776 -0.89475264]]
[[ 0.53083621 -0.36140674 -0.28079114]]
[[ 0.8571332  -2.14520823 -0.20041482]]
[[ 2.07587499 -1.26023157  0.032403  ]]
[[ 0.14431567 -1.54921832 -0.87189643]]
[[-0.13991856 -1.16458952  0.82603085]]
[[-2.92433724 -0.27849844  0.06781575]]
[[-0.78704493  0.86517001 -2.06450949]]
[[-0.86546567 -3.25017892 -1.44872899]]
[[ 0.1617026  -1.93135714  1.59154241]]
[[ 2.51950093  0.55418111 -1.1055752 ]]
[[-0.44717324  0.22419607 -0.52189147]]
[[-0.78354012 -2.69391163 -0.77654645]]
[[ 1.45943133 -2.9502182   1.33507506]]
[[-1.79149646 -0.85654187 -0.67126172]]
[[ 1.78186476  1.16772673 -4.19313829]]
[[-1.67967397 -4.51869367  0.17841272]]
[[ 1.90515001 -3.94554031  2.69566119]]
[[-0.02345842  5.54070281  2.33647854]]
[[-4.0606515   2.84580423  0.71501114]]
[[-1.86087295 -2.77967614  0.54470609]]
[[ 2.84091409 -3.05420005  0.73158059]]
[[ 4.33615749  2.76908612  1.73452286]]
[[-0.97049162  3.06869942  3.38790785]]
[[ 0.23578875  1.79873641  2.23396596]]
[[ 0.73245519 -1.15065734 -1.24715709]]
[[ 0.40018945 -1.67601629 -2.26567999]]
[[-1.62321708 -1.13008184 -1.56446593]]
[[-0.36314963 -0.33048709 -0.00175854]]
[[ 1.40815441  0.05155652  0.62041918]]
[[-7.46035442 -1.21105283 -5.85956159]]
[[ 5.31993401 -2.85351188 -2.97522788]]
[[ 0.40393261  0.17173782 -0.60269654]]
[[-0.45128124  0.38638601 -0.38680892]]
[[ 1.84126934  3.06101405  2.52310576]]
[[-6.70649179  1.19078461  1.6328426 ]]
[[-0.40885348 -0.72799859 -0.64879225]]
[[-0.0087517  -0.25841919 -0.02563607]]
[[ 1.68096137 -0.8299457  -0.70878397]]
[[ 5.39594315 -2.04460902  2.74177347]]
[[-0.21602185 -0.07706777 -0.77027423]]
[[ 0.55430751 -0.26955797 -0.50454532]]
[[-3.51023067 -1.4272238   2.37683997]]
[[-1.03433954  1.75063795 -1.39545669]]
[[ 0.54375218 -1.67052843 -1.86848818]]
[[-1.1587312  -0.36834357  0.38523744]]
[[ 3.13734896  0.79758816 -1.12974984]]
[[-2.43440098 -0.29364653 -0.26029246]]
[[-1.21429137 -2.94806351 -1.20057701]]
[[ 0.66648819 -2.33226336  1.29000905]]
[[-1.78369621 -1.25603227 -1.40479862]]
[[ 4.26153405 -0.73989981 -1.84724075]]
[[-1.19580114 -2.62582155 -0.69344795]]
[[ 1.96412278 -2.77233013  0.99637686]]
[[-0.99564158  1.58377401  1.75316143]]
[[-3.95151777  2.82149233 -2.64976832]]
[[-0.36107077 -4.3184467  -0.62487465]]
[[ 0.28692321 -3.17104222  2.2138468 ]]
[[ 2.60178851  3.95351359  0.55952136]]
[[-0.35600161  1.50736078  1.56893211]]
[[-2.68888832 -3.1485635   1.43524365]]
[[ 2.70758623 -3.96265461  1.66768456]]
[[ 0.40111643  1.23358456  1.85615722]]
[[ 0.41842355  3.87612067 -0.28439354]]
[[-0.57509833  0.77143047  1.55028056]]
[[ 3.26295416 -0.69092003 -1.07333027]]
[[ 1.45703229  1.86186035 -1.26675865]]
[[-3.07754848 -0.43919481 -0.60008188]]
[[ 1.01426918  0.86750559 -0.3207978 ]]
[[-1.95176003  1.46737579 -0.957263  ]]
[[-1.18657259  0.83251463 -0.17892014]]
[[ 3.76580867  0.33824465  1.61172679]]
[[ 0.92894831  0.35316013 -0.46631381]]
[[-1.1666596   0.35161844 -0.9447452 ]]
[[ 2.52504632 -0.02861641  2.41613905]]
[[-0.56813892  1.12303852  2.13791566]]
[[-1.12130298 -0.5925379  -0.69303837]]
[[ 0.06060649 -0.34391226  0.07868245]]
[[-1.69448387 -0.16430924  0.92823485]]
[[ 1.9699419  -0.70517336  1.69196328]]
[[ 1.04254123 -0.27675699 -1.02870696]]
[[ 0.52327905  0.17616094 -0.76157169]]
[[-0.15416401 -0.18435915  1.16908077]]
[[-2.54293269  1.89031406 -0.32237992]]
[[-0.07684657 -1.44590192 -1.54238859]]
[[-1.72753248 -0.4203523  -0.08161542]]
[[ 1.57632417 -0.31938693 -1.7177637 ]]
[[ 1.87802836 -1.61481518 -0.41551104]]
[[-1.981378   -1.72274519 -1.06321755]]
[[ 2.14659125 -1.94591506  0.69821552]]
[[-3.67090321 -0.27775686  0.04458959]]
[[ 0.30392315  0.69132692 -1.79624158]]
[[ 1.59189744 -3.13189697 -2.3604578 ]]
[[-0.49847228 -1.11256267  0.62157566]]
[[ 2.74619098  1.18644475  0.35552626]]
[[-2.72780129  1.24697438 -0.90814636]]
[[-3.03376628 -4.3086315   0.41992383]]
[[ 0.02034434 -4.76703468  2.50374856]]
[[-0.24887022  2.47404639  1.16060095]]
[[ 2.32389442  0.61523979  0.83505583]]
[[-2.80992702 -1.53560093  3.26528777]]
[[ 6.44846222 -4.07529931  1.7470019 ]]
[[-0.4720289   2.44591498  3.38756025]]
[[-3.10269636  5.28303834 -1.13413359]]
[[ 1.3594118   0.30382272  0.57023457]]
[[-1.44296988  0.95000428  0.15624213]]
[[ 3.60490479  2.96011092 -1.62464832]]
[[-2.66430433 -1.83737269  2.40280826]]
[[ 1.35676636 -0.06905173 -1.65488541]]
[[-0.81667499  0.79637355 -0.93224603]]
[[ 1.98530474  0.62368257  2.85701004]]
[[-1.5766889   1.43531421  0.86566508]]
[[-1.70248696 -0.52128764 -0.86821158]]
[[-1.44184582 -0.89917286 -0.04982623]]
[[ 1.01003879  0.10013316 -0.13003237]]
[[ 0.16850263  0.33350835 -0.34254976]]
[[-0.67124008 -0.68650236  0.36362214]]
[[ 3.15412841 -0.70068206 -0.63796765]]
[[-0.31681688  0.08792298  0.1820506 ]]
[[-0.31097887  0.69746198 -0.89155933]]
[[ 2.60723956 -0.73369803 -3.41955635]]
[[-1.73117935  1.52594774 -0.72253948]]
[[ 0.90801215 -0.26949124 -2.34193606]]
[[-1.99909915 -1.63733187 -0.24740795]]
[[-2.00330053 -3.74403212 -2.47130139]]
[[-2.92208638 -2.46591787  1.17286026]]
[[-0.49235658 -0.4641503   0.79548026]]
[[ 4.33093963 -0.88618292 -0.63122817]]
[[-3.6918736  -2.75323942  2.24979086]]
[[ 6.60754893 -5.47461549  1.88730316]]
[[-3.10369272  2.91682447  4.34358204]]
[[-2.92168018  4.15741897  0.14002845]]
[[ 2.0919504  -2.58955203  1.01390394]]
[[-0.86983582 -1.23948228  2.03381919]]
[[ 6.49720049  3.21405392 -0.03228349]]
[[-4.90609994 -0.09182341  3.02095453]]
[[ 3.53118819  2.20650798 -1.70103503]]
[[-6.00378015  0.66143062 -4.602287  ]]
[[-2.75914374  1.28139362 -1.8360908 ]]
[[ 0.66288904 -0.3229428  -0.20031313]]
[[-2.34887903 -1.97117294 -1.3102071 ]]
[[-0.3538957  -1.15633998  1.25824104]]
[[ 1.80236048 -0.16789126 -0.95283575]]
[[-1.82168666  0.59488275 -0.20171374]]
[[ 1.01812349 -0.02084776 -1.56960927]]
[[ 2.28184041  1.10313687 -2.00296311]]
[[-1.71419675 -1.7471559  -3.77633577]]
[[ 3.27878671 -4.48860126 -0.63325056]]
[[-0.56815073 -1.19101299 -1.92201613]]
[[-2.34016848 -0.82098997 -1.01627772]]
[[-2.4260761   0.53696155  3.46839174]]
[[-0.62353169  1.27061392  0.79040361]]
[[-0.68999506 -4.61776797 -1.62043592]]
[[ 1.33146893 -2.36583646  2.16807914]]
[[ 3.51475259  1.08555184  1.43696232]]
[[-2.85754185  1.31381064  1.07735408]]
[[ 2.27311174  1.07702445 -2.16239956]]
[[-3.42058246  0.68105631 -4.12881184]]
[[ 2.45134111 -1.412506   -0.73494454]]
[[-1.37032118  0.27652462 -1.57841631]]
[[-0.93352303  0.86458425 -1.82415758]]
[[-1.0138952   0.48499565 -1.59526248]]
[[-0.09294804 -1.12862926 -2.7647397 ]]
[[ 0.69174164 -5.05996009  0.3539989 ]]
[[ 0.59667593 -1.6874357  -2.12210167]]
[[-0.39358486  0.72903315 -1.35720526]]
[[-2.43913343 -1.43463473  2.83771978]]
[[ 3.31034915  2.95096003 -0.87936875]]
[[ 3.48110863  4.26270196 -1.62890959]]
[[-7.02968928  1.31268032 -7.57209075]]
[[-6.21148899 -1.42966292 -2.20447003]]
[[ 5.928204   -1.31272489 -0.79769634]]
[[ 0.30156437  0.2819257   0.11610655]]
[[-0.46536751  0.14076133 -0.21945585]]
[[-0.02761345  0.03121238 -0.02403023]]
[[ 0.00259264 -0.07206865  0.06971496]]
[[ 0.22960682  0.3622448  -0.1246038 ]]
[[-0.4096572   0.22002507 -0.71922013]]
[[-0.19913592 -0.05100931 -0.19735644]]
[[ 0.18741488 -0.19106676 -0.06699111]]
[[ 0.20769039  0.31517458 -0.38875793]]
[[ 0.09769974  0.43403189 -0.4348701 ]]
[[-0.06024795 -0.00086862  0.15911452]]
[[-0.00775989  0.14711508 -0.05178906]]
[[ 0.30826775  0.13485127 -0.15289843]]
[[-0.82218721  0.06270479 -0.11798826]]
[[ 0.11119144 -0.02273537 -0.16671863]]
[[-0.17287341 -0.12051815 -0.00907846]]
[[ 0.14643462  0.14108422 -0.50250075]]
[[ 0.20999714  0.16534595 -0.4537937 ]]
[[ 0.02720789 -0.14468801 -0.06619331]]
[[ 0.13191024  0.01320125 -0.15117843]]
[[ 0.19410531  0.16716614 -0.20828197]]
[[-0.50092494 -0.02263528 -0.34411372]]
[[-0.05292525  0.11550784 -0.05728711]]
[[-0.23449586 -0.09521211  0.03582023]]
[[-0.38665604 -0.00165876 -0.17235543]]
[[ 0.30388329  0.14180222 -0.30709742]]
[[ 0.13789653 -0.06464841  0.00954125]]
[[ 0.15924375  0.05937387  0.04759487]]
[[ 0.22515323  0.72601879  0.08859095]]
[[ 0.15348491  0.16928239 -0.54716645]]
[[-0.16957891 -0.14986948 -0.15207703]]
[[ 0.05076656 -0.16841972 -0.14516597]]
[[ 0.36461088 -0.28499029 -0.42044165]]
[[-0.84115265  0.39656521  0.12072802]]
[[-0.04103954  0.11388353  0.12726342]]
[[ 0.04724259  0.08480582  0.04544732]]
[[ 0.02647194 -0.4118439  -0.24712546]]
[[-0.46505901 -0.4748845   0.00186468]]
[[ 0.07710459  0.08221968  0.0278189 ]]
[[-0.07721811  0.03005539  0.08236831]]
[[-0.56455231 -0.30593564 -0.37017716]]
[[ 0.71906144 -0.19151122 -0.26124246]]
[[ 0.01589212 -0.13828948 -0.07132557]]
[[ 0.15198994 -0.00720969 -0.10698718]]
[[ 0.43780772  0.46156933  0.12486968]]
[[ 0.09290262 -0.12845504 -0.70301288]]
[[-0.13466625  0.05556389 -0.06402813]]
[[-0.06869501 -0.02979364 -0.01370924]]
[[-0.12876244 -0.06473496 -0.30690577]]
[[-0.50714255  0.25882644 -0.12676686]]
[[ 0.16752442 -0.04210286 -0.01837403]]
[[ 0.02407241  0.02708874  0.02995368]]
[[-0.01934106  0.44626636  0.00679594]]
[[ 0.23371416  0.00065728 -0.32380326]]
[[-0.13686039 -0.08841486 -0.14988101]]
[[-0.00677286 -0.22588996 -0.05312534]]
[[ 0.2668701  0.1056753  0.1520909]]
[[-0.50411695  0.09224316  0.09311922]]
[[-0.03436452  0.02810096  0.15193401]]
[[ 0.06205196  0.07794333  0.08564272]]
[[-0.46522426 -0.23647724 -0.22297557]]
[[ 0.37238066  0.04157302  0.26072715]]
[[ 0.10939326 -0.04455462  0.00726472]]
[[-0.15705839 -0.09025683  0.07042857]]
[[-1.28955461 -1.02124625  0.76206017]]
[[ 2.19974647 -0.42204579  2.29701782]]
[[ 0.09627148  0.00721295  0.11036158]]
[[-0.01001779  0.03937947  0.01903371]]
[[ 0.82911273 -0.4788568  -0.0209019 ]]
[[ 0.23046065  0.20709239  0.14159013]]
[[-0.00212349  0.0731835   0.09330476]]
[[ 0.02494429  0.10995145  0.02204574]]
[[-0.77040929 -0.34650317 -0.55388618]]
[[-0.40472258 -0.2248693   0.05606316]]
[[ 0.1203918  -0.03630686 -0.02833049]]
[[-0.10238005  0.06396768 -0.08030226]]
[[-0.15620211  0.13938257  0.28271716]]
[[ 0.82990133 -0.50396461 -0.37992892]]
[[-0.00284453  0.02820764 -0.15827124]]
[[-0.00349928 -0.12972914  0.01468054]]
[[ 0.50122891 -0.01912736 -0.35221276]]
[[-0.28937491  0.49281403 -0.28885649]]
[[-0.00074907 -0.08224515  0.05534585]]
[[ 0.13351322  0.100956   -0.06960043]]
[[-0.45036552  0.2203636  -0.14878465]]
[[-0.26765559 -0.1860522  -0.17776917]]
[[-0.03070134  0.00020846 -0.15504252]]
[[-0.19853931 -0.20437753  0.03131576]]
[[ 0.26655313  0.07005912  0.2350902 ]]
[[ 0.29814441 -0.11277496  0.06871634]]
[[ 0.01422996 -0.05977138  0.03469676]]
[[ 0.26797826 -0.06532843  0.1503905 ]]
[[ 0.05575496 -0.31301242 -0.1427922 ]]
[[-0.49538078  0.07070404  0.27341218]]
[[-0.17141846 -0.14536661  0.07644936]]
[[ 0.03236926  0.03908566 -0.10318336]]
[[-0.2806715  -0.01784715  0.12368631]]
[[ 0.43502158 -0.29360275  0.04735342]]
[[ 0.0556087   0.069961   -0.03009724]]
[[-0.06496398 -0.01184601 -0.00409943]]
[[-1.40739926 -1.13025196  0.72485252]]
[[ 1.84838828 -0.48251699  1.81325961]]
[[-0.09801629  0.13587761 -0.0425857 ]]
[[-0.04040823  0.08550544  0.03051547]]
[[ 0.74880619  0.25737048 -0.08501292]]
[[ 0.72131925  0.51235117 -0.58952428]]
[[ 0.15904658 -0.05175041 -0.09044523]]
[[-0.00850427  0.02530115 -0.0814498 ]]
[[ 0.00473529 -0.17326438 -0.47057959]]
[[-1.55562912 -0.14050552  0.00397066]]
[[-0.15850984  0.03661934 -0.14537782]]
[[ 0.07634764 -0.13476363  0.00063137]]
[[-0.5875235  -0.24812587  0.11662354]]
[[ 1.18662563 -0.29937955  0.0637252 ]]
[[ 0.05506225 -0.0057514   0.07659436]]
[[-0.07102168  0.16962842 -0.01991272]]
[[ 0.38858069  0.38066079 -0.1950819 ]]
[[-0.18382832  0.21413622 -0.54392299]]
[[-0.00913159 -0.08303083 -0.265539  ]]
[[ 0.01491301 -0.29892688  0.01274445]]
[[-0.03486794 -0.29474488 -0.1738296 ]]
[[-0.58196077 -0.15461444  0.25857451]]
[[-0.10569381 -0.09961902  0.08623227]]
[[ 0.17896902 -0.05101591  0.09691197]]
[[-0.36685696 -0.11434101  0.25599402]]
[[ 0.71137835 -0.31742261  0.23908086]]
[[ 0.06568572 -0.08504784  0.08976105]]
[[-0.2009557   0.04061603 -0.09353473]]
[[-0.76061394 -0.69803322  0.15023213]]
[[ 1.10527851 -0.01226463  0.94372796]]
[[ 0.2384614  -0.06850058  0.11979319]]
[[-0.03120519  0.04938216 -0.11095962]]
[[ 0.17404476  0.30124206  0.03776923]]
[[ 0.47469355  0.0999011  -0.45865763]]
[[-0.16907252  0.05519813 -0.01481722]]
[[ 0.06531964  0.02222897 -0.06244342]]
[[ 0.17080023 -0.18776996 -0.33345498]]
[[-0.61080152  0.05771262  0.02558014]]
[[ 0.22548389  0.01803615 -0.02736769]]
[[-0.27500165  0.189087   -0.04278086]]
[[-0.1237547 -0.1002346 -0.2745344]]
[[ 0.0363774  -0.04648608 -0.1463633 ]]
[[ 0.08191986 -0.08444072 -0.36589272]]
[[ 0.11093477 -0.45107167  0.05764169]]
[[ 0.00260745 -0.17841868  0.02211838]]
[[ 0.17211067 -0.22645667 -0.06682627]]
[[-0.35808118 -0.19770271  0.15876832]]
[[ 0.3797754   0.17654114 -0.13078449]]
[[-0.25758902 -0.22881325  0.02921014]]
[[ 0.4508111   0.04978232  0.39409118]]
[[-0.2065786   0.03510523 -0.21309213]]
[[ 0.05220895 -0.07621802 -0.03614581]]
[[ 0.14456571 -0.06042598 -0.13218973]]
[[-0.03375428  0.11896998 -0.14464327]]
[[ 0.12728828 -0.08748414 -0.069769  ]]
[[ 0.03725386  0.04266772 -0.16474762]]
[[-0.28377542  0.08749239 -0.12934165]]
[[ 0.10844183 -0.0355572  -0.21908118]]
[[-0.23356002  0.0062322  -0.09377438]]
[[ 0.14028796 -0.09983619 -0.07355539]]
[[-0.19128258 -0.00695757  0.14779205]]
[[ 0.21297225 -0.01957176  0.21336231]]
[[ 0.01655744 -0.00657371 -0.04933152]]
[[-0.06663165 -0.04749689 -0.00666063]]
[[ 0.28030827  0.11435117 -0.017019  ]]
[[-0.40865037  0.08538252 -0.191004  ]]
[[ 0.00901089  0.01379445  0.01461073]]
[[-0.00720406 -0.00510004  0.02475808]]
[[-0.01805027  0.0450211  -0.13920911]]
[[ 0.05284888  0.07768768 -0.15487572]]
[[-0.04348988 -0.00626142 -0.0357239 ]]
[[ 0.0471105  -0.03956225 -0.00989374]]
[[ 0.05899782  0.21051594 -0.02375839]]
[[ 0.00093592  0.05145999 -0.16485949]]
[[-0.01349447  0.00406842  0.04424378]]
[[-0.00412484  0.04868383 -0.0096024 ]]
[[ 0.08773182 -0.07687741 -0.09803405]]
[[-0.13159686  0.08606599  0.04864738]]
[[ 0.03558365 -0.00213854 -0.04322861]]
[[-0.04481735 -0.02636398 -0.00720176]]
[[ 0.046084   -0.0441661  -0.05909499]]
[[-0.11648383 -0.06742505 -0.05080625]]
[[-0.00291494 -0.02897228 -0.01593243]]
[[ 0.04187039 -0.00277707 -0.03479194]]
[[-0.11737246 -0.03613028 -0.06659478]]
[[ 0.09275549 -0.01695701 -0.08820837]]
[[-0.0141699   0.03218188  0.0052986 ]]
[[-0.05565294 -0.00773967  0.0091282 ]]
[[ 0.08981892  0.18917731  0.04648789]]
[[ 0.01575672  0.0194202  -0.20383275]]
[[ 0.04874247 -0.00954421  0.01205541]]
[[ 0.0292753   0.03295576  0.00523073]]
[[ 0.07205872  0.03197661 -0.05183009]]
[[-0.15837287  0.11292762 -0.00019149]]
[[-0.03192957 -0.01701539 -0.03814749]]
[[ 0.000974   -0.03087789 -0.03479627]]
[[-0.05602264 -0.02979381 -0.04496147]]
[[ 0.04089896 -0.00742564  0.03923083]]
[[-0.01154658  0.0269317   0.02242874]]
[[ 0.02537804  0.0252583   0.00547008]]
[[-0.21156103 -0.18115817  0.12967513]]
[[ 0.41594495 -0.06693443  0.39440324]]
[[-0.02643175  0.00856546 -0.02754994]]
[[ 0.01631353 -0.011157    0.00199631]]
[[ 0.12953561 -0.06519508 -0.02153129]]
[[ 0.03925004  0.05551515 -0.00646632]]
[[ 0.00672925 -0.01409802 -0.00151402]]
[[-0.00242362  0.00967404 -0.01758518]]
[[-0.11835684 -0.02851647 -0.1017745 ]]
[[-0.05386948 -0.01966124 -0.02905212]]
[[-0.01095745  0.01327645 -0.01836506]]
[[ 0.00767393 -0.01838241  0.01223354]]
[[-0.01133042  0.08620664  0.06256296]]
[[ 0.0985576  -0.05980643 -0.10061803]]
[[ 0.00718678 -0.0055335   0.02466566]]
[[ 0.02065722  0.04175879 -0.01383538]]
[[ 0.09276022  0.04143551 -0.02990988]]
[[-0.04373275  0.12075096 -0.04223995]]
[[-0.00633024  0.01033077 -0.02790972]]
[[-0.04960183 -0.01912367 -0.01998748]]
[[-0.01636992  0.01615968 -0.05434892]]
[[-0.07004203  0.01378462 -0.0060404 ]]
[[ 0.02383747  0.01362578  0.00400426]]
[[ 0.0176117   0.00194815  0.02700795]]
[[ 0.02640054 -0.03009355  0.00598083]]
[[ 0.00365411 -0.02922924  0.0158642 ]]
[[-0.00098254 -0.01782642  0.00548698]]
[[-0.01540855 -0.00162596 -0.00894331]]
[[-0.2029053  -0.17486827  0.10473681]]
[[ 0.30379506 -0.05506922  0.2764755 ]]
[[ 0.05188107 -0.01644723  0.02019797]]
[[-0.01393143  0.01072014 -0.01416142]]
[[ 0.09495148  0.05252018 -0.01396148]]
[[ 0.08157655  0.08154524 -0.11996783]]
[[-0.02378471  0.00675859  0.00152912]]
[[ 0.02637084 -0.01089824 -0.00589354]]
[[ 0.00400147  0.03299095 -0.05013599]]
[[-0.19255825 -0.00596535 -0.03590804]]
[[ 0.02750359  0.01524449  0.04245839]]
[[-0.04120304  0.0724202  -0.01763382]]
[[-0.01724667 -0.00183278  0.01757054]]
[[ 0.0976848   0.00667999  0.00566469]]
[[ 0.03151055  0.01698982 -0.05437142]]
[[-0.01590302 -0.03807659 -0.00118109]]
[[ 0.00635631  0.04508646 -0.02301571]]
[[-0.03183772  0.04285713 -0.06680412]]
[[-0.0412862  -0.0087047   0.00210034]]
[[ 0.06723067  0.01282283  0.00307724]]
[[-0.11964135 -0.09721263  0.02668675]]
[[ 0.19402533  0.00801676  0.14980354]]
[[-0.04973702  0.01566967 -0.00954001]]
[[ 0.03525175 -0.01350056  0.01114993]]
[[ 0.03805356  0.05861165  0.00819724]]
[[ 0.03649548  0.02597893 -0.07830747]]
[[ 0.00638021  0.01018467  0.03371375]]
[[-0.0176081   0.07347495 -0.02554013]]
[[ 0.00964785  0.02594416 -0.00499476]]
[[-0.06481044  0.01008467 -0.00338395]]
[[ 0.02499112  0.02885272 -0.04254193]]
[[-0.03166964 -0.03978153  0.01087058]]
[[-0.04589033 -0.02398648  0.02313406]]
[[ 0.07692693  0.00241704  0.0752247 ]]
[[ 0.07841166  0.01515977  0.0126967 ]]
[[-0.07973711  0.00864472  0.0035381 ]]
[[ 0.00791095  0.00178495  0.00049354]]
[[-0.00687773  0.00266877 -0.00247537]]
[[-0.0037209  -0.00198474 -0.00563681]]
[[ 0.00542552 -0.00247345 -0.0027472 ]]
[[ 0.00102766  0.0036116  -0.00048819]]
[[ 0.00277471  0.00325953 -0.00464421]]
[[-0.00118176 -0.0009129  -0.00406699]]
[[ 0.00302994 -0.00190715 -0.00122962]]
[[ 0.00382811  0.00589595 -0.00023097]]
[[-0.00133339  0.00452499 -0.00400562]]
[[ 0.00054896 -0.00083138 -0.00105524]]
[[-0.00155984 -0.00312366 -0.00039034]]
[[ 0.00270591 -0.00088907 -0.00351659]]
[[-0.00388717  0.00384579  0.00060007]]
[[-0.00067938 -0.00087256  0.00210416]]
[[ 0.00460301  0.00068637  0.00122062]]
[[  5.39391670e-03   3.73313363e-03  -6.06548391e-05]]
[[-0.00254882  0.0007709  -0.00745074]]
[[-0.00267251  0.00020516 -0.00368191]]
[[ 0.00382495 -0.0012126  -0.00061648]]
[[ 0.00018952  0.00306283 -0.00048266]]
[[-0.00179714  0.00285251 -0.00320391]]
[[ 0.0018304  -0.0006706  -0.00072213]]
[[-0.00260964 -0.00025758 -0.00023405]]
[[ 0.00360277  0.00572374  0.00070607]]
[[ 0.00059613  0.00408115 -0.0041995 ]]
[[-0.00040688 -0.00153262 -0.00311331]]
[[ 0.00443076 -0.0049368   0.00195201]]
[[ 0.00361636  0.00175226 -0.00201261]]
[[-0.00474277  0.0046785  -0.00135543]]
[[-0.00196596 -0.00243531  0.00265969]]
[[  1.48048036e-03   1.62446551e-03   8.21598896e-05]]
[[ 0.00012573 -0.00073316 -0.00196411]]
[[ 0.00050658  0.00043921  0.00015068]]
[[ 0.00286788 -0.00108398 -0.00054759]]
[[-0.00246881 -0.00054008 -0.00203921]]
[[ 0.00261841  0.00487395  0.00017478]]
[[ 0.00373792  0.00215383 -0.00645751]]
[[ 0.00349676 -0.00189977 -0.00045332]]
[[ 0.00056815 -0.00013837 -0.0008707 ]]
[[ 0.00415922  0.00525187 -0.00132101]]
[[-0.00585933  0.00466107 -0.00394013]]
[[-0.00050809 -0.00161705 -0.00221142]]
[[ 0.00133364 -0.00434272  0.00107084]]
[[ 0.00028474  0.00180747 -0.00196624]]
[[ 0.00011815  0.00323623 -0.0009971 ]]
[[-0.00026506 -0.00277268  0.00194396]]
[[ 0.00287977  0.00233924 -0.00213418]]
[[ 0.00775895  0.00609216  0.00194126]]
[[-0.00552842  0.00148286 -0.00722141]]
[[-0.00390892 -0.00234046 -0.00206495]]
[[ 0.00666295 -0.00077725 -0.001808  ]]
[[ 0.00292717  0.00077928 -0.00049513]]
[[-0.00160401  0.00078663 -0.00188625]]
[[ 0.00200681  0.00064388  0.00207005]]
[[ 0.00065907  0.00093876  0.00144929]]
[[ 0.00075302  0.00051164  0.00053778]]
[[ 0.0029375   0.00020424 -0.00024366]]
[[ 0.00164877  0.00048018  0.0013694 ]]
[[ 0.00072317  0.00027502  0.00128019]]
[[ 0.00085101  0.00104962 -0.00032917]]
[[-0.00098308  0.0012676  -0.00073478]]
[[-0.00049444 -0.00038579  0.00046217]]
[[ 0.00056604  0.00109738  0.00016954]]
[[ 0.0006403  -0.00052277 -0.00122972]]
[[ 0.00105852  0.00085499  0.00029147]]
[[ 0.00187472 -0.00046357 -0.00081173]]
[[-0.0006707  -0.00049519 -0.00096715]]
[[ 0.00311142  0.00113312  0.00066657]]
[[-0.00156731  0.0002045  -0.0018551 ]]
[[ 0.00178686 -0.00041747 -0.00050714]]
[[ -1.82214588e-04   5.19958855e-05  -1.02442423e-03]]
[[ 0.00372915  0.0019701  -0.00072933]]
[[-0.00391182  0.00064532 -0.00433877]]
[[ 0.00030173 -0.00039655 -0.00038765]]
[[  1.43044685e-03   1.30045266e-05  -4.22150783e-04]]
